724904938556514305
3480230593
2858933187
112367615
2196613734
702933532503576576
3200796183
49800518
211917597
349599807
48994075
124952035
480708148
724729810002436097
724723855303008256
3730694063
112922580
4431436512
363176256
713819375522955265
41732555
2990349857
3437914557
3288978391
314753625
721211759244275712
724597936399765504
3080037553
702984025900711937
720394943852752896
982230816
1245288408
58779656
3059079086
247242874
715871255790886914
1511023310
2443872823
2973005173
69528573
