392314615
202703617
341685018
108194162
2718036337
555616626
88596830
3392350690
815018606
2303312556
176569139
3407741554
3315240109
2810300333
998138238
331702033
1953322004
156084599
3315111114
524649017
245852316
941092488
378151731
3422268785
3401367249
338677391
170607253
1625719464
1354032464
3298616328
3418577531
18972580
115086194
550821351
512305384
3298110523
129632587
1346275454
361979905
510036666
3421284687
387743418
3299028508
540358040
259150312
3391280032
29837339
444898105
3375629770
44233141
2455071175
58375462
3407037107
2457862309
503341755
81533471
3302373386
1425894672
2746537132
352866509
3227636976
795726068
19653842
2435999809
183910215
170791466
2525840803
3314785916
13985672
3406759079
218721490
3314814037
2216979354
386883849
18967691
16897443
1634942702
3314698502
3369903651
3157978056
3312039374
333535840
3421481909
748564501
22569656
15281628
1445438810
56674848
23980107
3314655535
3071885724
27801274
28359416
2532642594
2340646242
3387911218
2148283928
359207331
157916621
3197970936
78705758
23402302
2740254049
18121975
3091865723
21790489
3313812018
46502757
1023043632
1446975355
21079250
89942036
2325653125
29175277
328640706
3421026875
230270001
1676919385
575963215
3003410373
15099967
3313649678
302738372
3380387177
3420868643
3300218732
3395272235
3420425027
3237492105
323010651
58882790
251558952
3412444942
1663727444
204836644
145549606
3281109889
607569376
44451006
3307252843
375924464
619120693
180047505
162422433
1116094934
2397934060
3248945610
251847058
3306256230
3374442969
3348654695
226109010
48293192
475737268
2899827291
43235279
3297148072
3412653257
335125547
586131922
3313369064
3301080036
3314448266
64708377
1718962855
3401491191
596449425
3211801389
3288799572
626736284
3312899575
2302821117
576850364
2245717093
1121622650
15019559
44768266
215597960
1407529951
1454546185
3323267998
3105234157
113303874
32934781
3420036129
361162700
287642052
3178257340
196201013
480406853
268306979
2759533992
3305030364
2884493762
3417208511
213938167
2833051230
540080543
37351365
3300467226
2455532016
3269867202
2780379206
3286436370
1520168262
3293531344
2414032832
542907394
417270231
29964280
375281686
466316297
2843146639
196751291
14723241
3309273181
3375863031
3313400713
133860481
2253381837
97166276
3256092324
1941611701
41676902
456515943
361002882
27564703
145852140
215155324
397330778
3138280458
290319630
3052886163
3394887286
70038451
366871812
2172985850
2862222246
384126099
757109592
813173604
265235863
147865573
20353319
874672374
56688711
2694494084
3286552507
3398348807
35817776
2728700928
3214799987
518368390
3415239502
547307378
67045515
680163
2968048707
905844122
486966280
3139483609
3419006392
442148656
1526214139
1526184576
2774787668
2539356218
2841847679
20582203
2851263664
2821268315
3312834240
278998974
3097794736
57860994
3232126655
23020993
3312473232
3251511635
3008283557
2704536829
139154231
312443156
3401061652
189898743
437454397
242883702
109336217
118387466
464087623
1300717230
3248971502
285201418
3288465120
3310083871
968480552
3418198714
68524023
379009134
41486066
100615058
18547567
297476392
185570158
3131063519
2206832330
969057908
2571519408
3305821783
2582660827
99612231
2189689010
985858088
3288796630
117115229
636575260
2586190638
382614114
3403905904
3293353049
3313216021
20208498
516667448
2630465841
2906665927
3392018007
619462696
2303539282
2264884010
296441405
3313325191
84942588
12955102
2380544371
82050732
2326967336
1307566808
3417474178
106309074
2359379827
3313244011
331527198
881947045
1112811403
179738951
3409404447
2978251593
47602952
3417274402
2847384855
2776649790
3309020850
1259659381
110634408
1043335628
14458298
3306688262
2896065037
113974518
1084534070
233820059
86240557
133080547
3157957926
274854721
161924552
2921742652
3222650882
831862483
469688245
1854660656
459830407
708135690
67119607
17236142
2599203438
359770082
147846159
115230281
1641147380
416817569
2909224845
242184791
2148248360
376609253
1569127680
2852800376
403591042
3309198241
3404857101
3415468175
3311740970
27996730
2268037589
114629821
150891072
2795289516
3293662801
2244818258
1863366835
3166078639
275361761
200819692
120125006
2563921170
3398782857
3412007079
26427189
3387542038
87545306
299177541
849923396
203186376
3308041202
329558084
2929014376
178516755
968865572
113129640
254378772
422863836
20086233
3414951873
2907974678
69734136
304115325
41366948
58037449
24803439
28698418
512421774
3405959093
231335232
297010343
3382534403
14057669
734776171
3308108051
343389452
441710843
1651834195
3407258434
32445225
3059737304
1906392440
123139653
1651833415
16259441
2652863856
3384634229
484734448
221616967
47983610
243050301
263214374
1081624506
59216831
3415219539
249120466
111367113
93202303
2433566007
1649440130
3308572422
2895328036
273381850
3138506099
2558600315
1628967139
305252863
132572888
1545744422
3236083580
2957135907
3414876005
930060800
2939706403
505802868
28200677
101921482
3130649701
2726170994
745237920
3294401184
152728649
2873628618
95064066
3311634232
217330851
2596801734
2849333783
523040093
51205264
34721213
24819695
151609567
21916699
1083209804
615894498
1407611748
1651481552
2874721997
3128118784
156211205
1463877684
44232163
2563825376
1496625642
42478398
66792520
305508247
2161607749
26239665
3015877416
618555188
2785633032
2894907029
10293932
2988981719
3312058711
1341458028
244085314
299431687
347766111
2165233878
14752383
1397761850
2289918324
3299790904
3365978242
117131781
2908102425
47451549
20527367
94747822
86220694
3142457709
23761793
2267849209
997215494
87730690
45407280
727507622
17784842
1654491798
41835187
2521329662
361305946
423098591
789368984
570504452
524737094
436865088
1234849141
621299209
3281178510
3413471879
1071311684
2651993449
272407523
3185561035
3341053319
1536023924
3413370202
1135729375
3413413313
562864736
23421348
390735220
3320714320
2778102344
77752583
275001984
583543836
1089389935
2999999484
3165328695
14821085
46995647
471703554
15801600
1049768340
3096898654
2335697995
3198188274
3232494170
3225736189
2603761368
3231072504
39068555
17391782
292258663
3412989519
19372274
188826536
2826464708
262808466
15733248
86932341
110944745
390356168
43899224
3298617419
73541949
2440275401
3330816425
3243488169
38442927
3302429772
2155806743
179882107
185196238
3121038134
3015427102
484253052
937129458
2328791227
14148476
90834064
2575944644
63331557
31500299
93497937
3245763082
3308604860
162438966
2371941901
613562621
58017356
1069292300
422954575
312180062
3094346351
2170722498
453781111
91900711
3311263459
14590815
3390573123
20015496
280125132
1615657752
890346968
2572917641
2436702357
3310961448
3309939306
70732998
406812368
20747126
1462185032
774090895
3311014686
3248290988
3405862521
3401366962
1532563735
504008346
22427601
1706220290
396443840
196236529
36755134
2378397468
3265740913
3310976587
96514095
3406068046
27948749
5507902
29261154
1262399437
440116884
127659548
3164636630
2537650723
22015239
759558673
41020258
279721363
3411554224
158975208
215793368
15613432
105103938
403843968
1067463728
1140451
783663109
970735592
2629762797
3154944195
381489660
33860472
567398390
1077089636
3404340837
2473731479
46104502
17263830
333530147
257786075
47527940
3410162037
1607428032
2540244894
3274121605
600110692
1892130812
3310751796
2317658192
299608384
97673441
546794072
3385325656
2893377537
607267466
2192263236
2211131081
2451790609
505995740
287587626
3078151222
3409243125
3903561
628501576
161678554
503332237
415808580
3300601340
1944905276
203138678
213059849
17368290
59519829
54056471
901527601
2334294432
3295857954
3357720531
3288089078
395636221
981891998
2225315311
2590005477
1737310723
473027324
2787544294
3408275745
213282452
3410237284
128819048
1659313021
2748284391
1642867651
3310190396
2833184018
1386475080
49267178
2896501731
3401381481
100517509
275215679
132447581
3342630820
57904827
3272942942
54210575
3306230190
3409870323
58905864
317127634
2516884117
1067925410
2986294579
208278025
315417546
512645545
261684146
2891076403
89745862
3409787902
18337355
66566515
1723780550
16818445
1908778214
2168954777
1331215184
168300199
45089991
179616411
1337496306
3390512627
3064812881
3408607894
3280908636
344509829
37584419
2390498304
2579206488
3310036604
18744534
488136025
213009634
3309987180
3131587995
15459418
3308565569
154060162
3303748568
49522426
17984263
13882422
66804139
492626172
285409109
2887216157
1294853347
344111263
3309907122
3010981353
91320522
67283169
22885285
58724596
2421004807
3180239592
62196099
92053766
143978271
19863838
223131440
984703650
108426280
288123232
408748977
3309925447
3355419311
3222495994
452717595
2388635054
3081993208
3191783460
3309869977
3400589393
264743658
531954555
1678950240
2515495687
2785255730
371390413
742756626
239667437
3306842642
108671914
2495850752
312267646
2570187020
3283317115
200251856
60540654
179110284
543515400
2158012032
488783625
122206636
609519842
3187175946
52582742
3408550415
400316281
3355148470
21175820
336461284
3304304653
1859770087
3131595694
2156942105
3408407188
2290792640
2376772710
915159265
177782043
3104529591
1318282094
625559728
15897226
3308897498
167043684
8952492
409149834
375552531
86377035
16893095
753920252
529046048
26762677
3164949134
422350411
1192640496
40414027
21132379
2940995778
2242870592
3292394944
459527927
3407915627
233502850
247294994
319188968
600674577
2821723093
237338584
464155775
20448757
16349654
3273409729
3407522999
55223674
3302423208
2732296852
829360302
2267943847
2290149439
97776070
52645814
43394339
161697620
361271190
484111404
3094849148
52208242
17240704
158706006
712839541
625577941
3407413065
24655040
2657162508
3404579242
20098939
52173094
3063691761
17007783
393360121
2961335639
3407349675
360742464
2811529334
3407317821
726454128
195835006
3308831095
3394811177
3307918628
495602226
3101888971
142074329
44880642
2787412725
1598178163
29393797
1678303099
74967790
153626580
189161282
3185501262
469308372
569249765
2468413232
3254039901
2173143738
400090658
2887408301
17202851
39539188
82629064
1297935740
2720750126
374210150
2542684843
3407157652
351232013
155692556
2858179685
174781376
1463938622
3407102291
903647437
134352127
2247835742
1406573952
3306489383
1663243508
1689181
3362900753
2896258085
528648341
127949424
1318217790
391334395
3308516940
34411021
2583217177
2159019216
14770746
235588166
3406057731
136891352
204403790
3306714367
122681698
3401365059
502338518
3406223289
59981035
64322114
2354977791
65146359
2286601004
1053926292
61600913
3193131180
3301685037
3317459908
16149157
1563081660
2704238388
343274092
3406370031
2433377195
18055487
33765701
2185599336
25676289
860672466
112811014
1520189712
3303764335
279091319
3308268505
3057415781
1638215664
2988093147
3308219204
3151961011
3404625149
3315437163
3401421849
3223471074
971345797
45635364
478628677
2902380769
580437768
2765138755
25710428
3308186156
20974080
3292061400
3405483273
2970578176
340128073
774256466
1197603300
2828081905
85583992
2608851699
3287648390
240369289
391611397
37185929
3318117453
3404449851
760414872
38846761
3404581137
3306223136
1630541082
2796301345
1287765428
766307731
406901498
2980144937
284117981
456968795
2499329642
2910190242
2359656625
3306346622
3307996466
775561340
335564286
3403917305
2793382071
2400039026
3307913952
3405712779
163107819
134661184
234060231
3016657592
581250202
27947775
10280722
31289327
122608735
493572450
18349067
3306085970
518924421
2348768623
110884900
18435013
3364842172
3108199203
809672065
745136958
154499660
575495973
324125095
380483240
45649255
266510290
2865899886
1384450902
3075351929
67447953
1664231882
1858884866
1110242754
123556244
350312260
2691285599
3405495165
17205672
2611320397
3096582603
20508785
3288557731
381739706
78388094
3398900026
1690189508
3307147140
2960919797
3256039166
2305013419
2313383802
41917445
558062315
3405311986
965718398
3338792153
3091682175
943316497
3195103915
3405385690
2422330154
3294513697
2717613419
3347537349
1670606160
770599952
3336672862
3373883891
63490072
2242053416
154816386
60568254
51373482
337754947
110420778
2812127622
609417515
273379556
312069989
73915646
71955917
3054892581
280158988
426742924
984685957
193937148
3213709003
3393115894
3397491958
1063716494
81143415
3160150981
3390384671
8091222
3290425495
17328496
1951550808
1629773023
1706816534
87276925
3076211
2345772398
32459140
3300900990
17241902
359251935
2419665864
388668917
57677895
3377728205
638123
23512670
246625076
181833951
602255215
2884826926
15637188
3404865388
1416673237
334284952
3259325179
3027758612
57398592
3350750416
26286690
473024015
723254923
328481914
1182408354
2307584146
78781954
19972192
249438272
3404664911
2174229134
2645685632
1904469744
2301158227
863196169
2724976389
511034576
126802027
730786490
94227604
110585953
2450957918
3094115342
944471244
94947552
3242463487
26310885
60149394
274144759
3306720499
2267003138
780798006
78748229
1252010563
3085106506
3387849761
114044134
176376435
3307003422
3401880309
22638312
1222948003
3355148691
84598858
2308422801
239036074
3294921828
73573293
2845990957
15297812
573543114
156949165
3357982522
172867157
97041049
44116223
2942321031
306224568
96591420
3317411199
68130605
79715255
389225868
592370711
22539313
185620090
113950782
19088974
1420237530
2257990692
77027407
3284041554
2871401059
3306893635
11172612
452901547
2485543068
3222364224
48544729
1109646043
3187874985
3402733120
3296832487
3306736146
1541015503
17433351
92577065
1064149057
1265351028
778029192
331144161
986697715
1223242526
3306626868
2718917879
126762692
3306653900
232341374
434238847
519245448
326874365
3403614699
2222028122
2987478263
213358630
538409897
22689357
16591372
17078892
3017459714
517348458
38546534
2556900313
600595965
3005044278
69604433
401975456
246882272
3020548445
113767874
83770881
74731396
30054950
111499917
2515928952
3365129265
193567691
2910197576
517911483
1057304713
3403384913
11863002
308219948
216266290
64198141
248998265
2828342652
1943495220
1705198760
3131341667
3305485442
257120195
10077672
3403307603
3144986692
334302633
246482570
3305457991
419727498
3383139269
98191652
3291186469
2343833804
2496879253
291476349
158463265
3236502034
2535722687
2704790426
2506493200
161808484
2864445909
17521127
76863169
3403031633
2260043653
759125088
37464523
492747554
88291789
587495941
14222049
3400183174
29404429
184851191
3099895363
43653944
3096886055
3305552952
2252346235
3019987288
112942049
171238221
3351268846
36664366
1325296669
264851067
2916163144
110997192
3236057387
18414610
1456438411
3306157130
1119750476
3305341322
22467617
3302698752
3390371115
3402713895
513340712
1920228738
19251035
914215975
40227603
3402781636
270306879
1637741467
609585511
328103012
429417160
1368753564
56764663
2339151943
1517152718
2342383122
88549034
56115428
3373862308
3393838168
33788862
1685255154
2926636671
505007383
184614499
38063846
87008792
2181390707
3187824321
593518237
578073321
3295045633
2363275447
1368997159
426726141
1300173408
742491032
17939865
160153190
3401808831
2362353944
1598827436
2878380764
3293199794
59748952
3305702604
386899287
3305386542
3305683728
82715601
3305729828
108599066
226684992
2409655704
503572571
15033505
3231680508
27290634
63397187
3400375647
455506280
90592412
62320945
2848090279
231215207
422270744
136564986
3281655272
53762279
3305361828
21538830
539440593
479135024
27919121
2586424436
92900798
131817920
150681428
1262723378
2334554155
190941453
319531018
72386552
3399251207
334331880
62946500
3086484605
2735698044
15345576
3165638756
253283325
228313881
3307450305
377539372
12833562
259339179
34122860
218228982
54074733
18612135
3296118024
337062809
256709520
3119291809
24878229
463140574
3242072461
3035684272
15805896
2809260269
2802533051
1713261583
105637289
20322424
52279195
3008134298
299554394
3298731230
65043778
213094010
3222317273
3224432500
29770157
2202068209
23808902
782123688
1008221450
3288968743
3368025585
241608610
24392369
717975829
1976845958
3262677259
2832884611
2170878388
2417734219
3385592735
1697777676
330857626
214518758
2451695797
236515564
2821836779
762023155
15749997
2532585168
355162646
93389712
538930558
23656201
3312710531
70181432
513959079
2597266760
870452762
1732430562
3297634449
2425668620
725041136
755787182
3260745674
363746949
3400468894
241571551
2693561724
3344103083
3387029207
926308362
3295900284
2523220151
3353075074
2826299427
18144314
2429914736
950801280
3070760388
17031550
18885756
774696218
249199879
3305030185
108865069
167325440
2267312598
3398837399
284111881
50783063
51424868
210849060
19483191
88871043
3400292909
451526197
3374620335
3188518076
3304795345
1535878675
38744663
1182070796
1563003936
37964716
305811654
274391930
2419440170
28221930
2710871766
3371799388
262392962
15682181
221664587
337869349
3156445268
1555042328
338424959
3266370044
261895114
2774539507
3196025526
1106324118
2214388950
3303709225
879357068
17692079
1627365506
49661278
981421519
85306696
1641107442
2338169921
296975529
2408625072
3302087857
2272805046
3400670555
2734383132
3391587779
402909300
851642137
45264278
3295510713
45479065
633949084
14634627
2211236334
780399301
40234187
44622384
159108583
1319019042
707651208
201851259
2800713952
43575501
3338376509
2460876833
22325470
612713272
175714151
1938951168
3400435384
3304443306
274284394
51029152
1057667557
3375473969
24472235
14390553
844340587
2823056817
104793677
2363254686
3217739908
547002258
2997600861
15696107
1461703802
1227146066
3236243446
24215594
196235868
1157528792
2193173726
223291332
3287800748
59201715
1673461855
1969049622
769580641
2236985398
281480243
475878383
265855261
15747611
2245935625
168419191
45522281
78539234
2867490125
2975611
2729398207
124846642
153634680
1058381605
917935141
3304074475
2522409200
114174711
145299312
837532400
446556156
502921373
2174669755
842672046
134839338
3298056330
128742532
497619281
3303805662
502797265
54817290
261937752
47707523
753370946
3227829463
18369104
2907874112
562113166
383341742
3303663534
966592652
516669099
472134726
3302631277
939234398
2167275332
2346042937
20221409
315205402
44327213
3026673008
1460880470
231165497
331404143
2768054647
355449453
2998479770
95693386
340371560
102789787
466752325
19625988
3366562803
91435785
2180749680
3394646038
3296142199
47392840
307711845
3322007141
3256801794
200737306
1628475433
166575427
176645559
602994408
3398847958
295085550
2175404226
21519687
55587304
2748357195
155630962
3398333607
2505590288
83398741
1922676768
3353482811
455714136
3302837252
2983901605
427803721
79694833
43721730
322178498
2980100926
296740715
1641100615
3296418062
27785566
3398707125
3396807658
2500303380
3288857107
70835287
988613029
3369787695
248564039
772289466
35108039
92740884
197784882
2646566174
252962531
29317074
3254552709
3391590597
2198129838
3303192722
432355219
749308849
521331360
491191786
2781066543
2718712513
3191621864
3282217562
25081715
2733805692
1521684362
3391927583
1620846667
354339021
774876409
46064722
876649537
2381500550
3177770859
40444358
17746892
3303003493
34336227
1154554195
1617274572
111134398
3289357238
821776478
2363043241
360946623
243093295
1546143966
520207593
2149209320
1523319854
26179503
3338061363
3275361145
1937227928
3291249097
1186754359
3397824117
1706759048
36514415
1704096066
2967098174
422510646
2274479014
1661191548
3397645019
92354276
3279989700
3238196602
563159791
275602810
1971936792
804417558
3302662326
3370054036
3302742823
1385929321
3302735593
3050387830
33343
3338966555
1099368452
251402064
179139043
128225864
3397341011
3314057128
3071722993
3302687713
129121778
586350758
307697607
28850487
14200632
174179649
378503027
889393952
35100544
293905709
1028618852
17971229
920395364
3041336199
3397314292
3100132035
180020342
2792924738
636374218
54303245
3397105133
292590107
38580936
2361571926
261956027
21765988
494421016
3397136237
75891561
1845801391
3194818711
3139111638
462073655
55926168
590772139
2491751896
24205478
2835373137
1562846922
1172816114
3383136994
34993950
410589968
3237541696
80079702
3301977120
174953869
1513899361
3023277777
164273249
8181972
85783806
3016922776
3300549860
3284136194
195135329
51432923
3297497555
2292364085
384443784
3394716563
262019335
2878557300
24991584
3227049680
756103692
3044892312
51274021
3301941744
175129997
3302007896
781011536
3301020198
384608696
3302025601
1593887988
3065385945
513775665
3138584483
3387487515
373041788
1071689023
22256681
2825518722
91370361
21131401
372050829
563263499
2703368034
2553260141
3396078927
14164344
3252324896
45788433
387066520
3273307717
2213041705
3299363557
340550344
3139752656
104471823
16922462
239071419
320302782
3394069203
104796725
397758857
3240785241
2426789886
1154231587
552925153
2778339013
3195637418
90039690
376400555
884051592
528940999
628983727
2254791866
605635042
2722852302
3233281633
3277363514
2674376918
15247391
1326720468
3395767918
1257621090
267494842
239383215
572889133
3394777167
88676862
2940201230
1527855846
27122899
2450206994
42742091
2539677526
740927546
3393747970
3300185802
19266805
3301360249
402240506
2370132343
3385135977
3395452635
3393646179
802891368
26251690
2773577487
701942162
476438506
20733961
3240118220
25878061
2357977244
1378485919
331569781
18409040
110639494
2789931206
2769302442
346129286
2236262677
3196942338
409248799
3292103629
187880223
17716072
15788701
173293581
2234804784
322515499
124173835
143926576
3024630891
720080113
321276148
2164044587
56626164
3074303058
72395797
124971894
9729592
353531745
2974359524
3262694312
476145471
3296146189
417437339
2693123912
491066184
2418331381
66224149
90446020
1315223689
3300901915
93963358
1081557284
3298676436
2500166157
3391697974
168402572
305349864
920196271
3289693987
2366265949
72610420
559085661
1603661168
3262931222
44050146
3368043725
1944891416
2515255049
278983442
3229266811
1355513576
3297484981
16992762
2693504890
16967799
101845451
28652571
341762709
2304726986
30469687
3248455645
430232163
129667392
405675632
56678316
367449579
3175832430
3000071872
2174895469
1102691431
3060245139
3096727466
819677317
1894248458
3300856519
440957370
498464691
260818899
2780220550
3375798681
2715386208
436619695
508154774
40344407
142908149
19441960
3297764456
62783749
27897122
171072604
3289258405
12520382
139076435
495316617
3367213505
21092177
54544681
3099820879
22662372
2308407020
3107760006
3295333886
238601127
3300663542
91920755
3376084109
2950616722
113651165
1242761689
3355080213
2854712504
2969025815
3240891428
345634609
3299234312
77496918
3391775487
3345813771
3393610527
230868260
19545710
456584512
3300504332
234244199
3389429428
159290400
102400747
40717526
325476219
202567462
45843738
1278368839
22346157
232035931
2625505302
3247690557
430222904
87153736
551405890
309561393
2948053822
45298039
2783707988
51389671
3393408597
3269128926
1472151613
218181838
2493818850
2360630227
2926849244
807489366
2890461346
104253396
59402512
3300104496
2192923873
2155067428
3320129387
508380430
1890443514
2590678224
3335938923
813918608
1375328772
1114900400
3261484653
149836980
579982664
243665968
731734567
3281727234
217944498
185169242
40651661
3300025567
49689738
79851171
3276832862
2302546693
3392938444
30374130
370336625
1733518218
982017452
2942183360
2263500312
3268655462
2642646661
3370875455
3299924017
2805940830
20320059
288390293
2741175309
2958067838
3128507003
244206862
452481101
300651395
1976378306
3297347376
3392669440
89160653
31931393
242050335
131282841
1349532894
378952259
325675825
41498248
1353111877
3299764856
3385217271
99490539
147003189
19286553
1630715491
3389438560
2903084745
196142461
746403042
3065312100
2248612152
2930495242
25261530
84018145
127367396
3037167362
52692594
1634422556
3341824569
544336904
109593382
707054017
3292993524
2865666609
3205063679
3392174932
3290343617
173476521
3295288339
3230869596
3391690169
14066868
38210357
368253711
41949618
364032429
3291099697
3295984238
3299526895
3270083664
173803566
1697961115
3240043988
193076009
3391889801
2925759093
784812224
3391772747
3361032496
2994640012
536750341
2948381514
253899022
1645583142
103033891
3145985232
344266339
3391313733
20170746
206908578
3356281912
805982874
416175254
3299134920
3273733807
209102410
3296617356
365538058
3298731415
3383950667
936340562
128120451
246650078
387660842
106306650
347294261
1444994191
1175382145
3299048606
3304866053
707255132
399196975
709714105
877043976
479286341
2474444949
2546051106
2881499538
246922922
213061737
122463110
2265967725
3248848216
57999414
3298972640
2905971404
949415702
390154370
3293956147
398646728
1584318943
3129125454
3144835245
55562769
3298980163
14469368
2147842268
3256750890
3222032647
46497307
203071873
183904609
3298201351
3382447425
55683210
240229025
42677154
2993261901
457556053
3298251020
68195668
431889793
316819493
482281866
3368204692
341021953
2973883361
14941706
364395925
310493181
76679905
1346138677
2862473206
2661120806
1510545548
37159382
848154986
1045779932
1536056791
1223224676
15016681
3298385964
2351704178
15304701
596825142
2864361942
538505634
174785932
322748430
296614585
3188002286
3332054067
3185626032
3037061714
2915940398
69457867
3347946808
2384151511
851862624
1687267537
743677902
2289254928
2431518506
18476013
223830019
3297952694
42114925
732071166
249352449
118621672
161256001
3297933666
2228545946
301550429
557172603
16002193
95025717
2975107104
2611871510
3242435634
3005306412
1411258561
2561541254
3386006691
3270563786
3306182980
397181694
19070555
2248564000
1370819539
3389705277
1548176899
3297671874
208933997
552418926
2872120396
107346778
2434117749
3220006801
1419128972
3100595687
635466905
225800988
380494183
3146489600
2251959332
2460642859
626491238
3297301518
3023028621
476111922
3277460995
458184921
2903147354
3235683948
2164467224
3270555835
2427110405
3379066725
1372558260
149877093
2810595098
3260784770
2484470622
43836440
2381375144
3354313133
57221242
3296943337
195433683
2999759586
579162286
377814743
84962688
2545131032
153712542
3270443671
632967445
281881127
86538455
3286758764
3389396295
1473986144
3134516907
541647061
552008586
3171624280
3032871679
58659372
2876217805
18614178
3290116249
2667016776
18399811
350932464
3296196530
1463075510
3164052191
2275549868
3385870979
154339957
966366912
415494196
2904109519
102472864
794190672
22779056
475285734
3333671337
3380659996
264360614
3232001304
1454133872
2478604068
981185430
961083824
326978536
2945464688
28057537
3295469294
3295374966
144621947
2203836408
53794985
15020415
341404119
3385979579
3295760683
2715617452
2940292349
3231155380
94663826
47868157
2383929637
23792725
464568697
445522148
2518472492
2798977897
59013202
509089492
22222444
53507541
275910096
297592119
14933874
3021478271
3295304316
20115317
189937295
221988941
3295099038
3001031661
387647411
127009991
45135384
1167339980
57873949
326992867
3166270558
707212236
54993574
223129577
332459260
77245477
134374838
3333636089
2516439906
51409026
221894282
363899988
2712523266
201668497
3017066688
245252649
1855533756
520191253
2903067137
290964926
483767852
92702371
2479812208
239578769
2730763130
17673908
267128055
3281126149
28934171
1453347409
47832515
437458460
19805686
538423688
3291711576
410672443
296566887
1887403812
2889607720
3070577467
3258625502
224012004
3389304100
596041746
333220567
42908185
3293917172
37690937
65536507
276905112
2814506247
3242848938
3294022206
251269046
3122600949
1917825914
143006059
99544592
48633383
422304640
898675681
2669370186
26927687
885548228
215162664
33500321
3189427092
309257791
217149439
3351372477
95751193
3293730277
805674169
3387336527
255656907
344261615
69899398
154951981
545605359
3183066496
285444699
472998664
3305894152
831965138
1311450456
2743856939
3260804370
332827057
3065599500
2194730497
2731551333
57208970
583610385
3293440880
125128216
2434332290
2859379963
433545522
2956690716
24553022
21362689
14654834
38051076
2231663622
2761979753
3249989995
218204185
2690269027
820200925
124549044
2448914307
187808231
3283346431
2992938464
2364710743
408545222
3390726532
545090474
2387728961
3062170297
3292797343
2390565984
3195220631
3373626327
1432750172
155000685
625797089
3363457767
3374528105
633012522
225270898
1854108264
83414680
400720202
385243010
1541430300
3256222110
474572067
47038662
229995670
2231818136
1707455851
77910246
117483154
2271195146
303124831
35267665
9609882
1116425534
1349458826
3288145573
2953540039
2962784121
72547133
175604861
3290275651
3292191924
3292340875
3292236300
65327828
3288655405
3292251530
854394367
535357004
841530661
3011575904
14600063
3292084213
361422445
309503538
26785429
440562674
2740262376
164851977
3240136506
2804750552
1500534056
1429907779
498138684
3386679244
382258069
2701367415
64527099
2899050079
3291733411
1696989902
2822812502
271019017
229720223
3233728136
175266204
402152228
159736049
3324107159
2421162428
987804378
381706814
3182291714
910278290
3241903885
94925505
3063393519
1223089969
50683548
3290325876
316681008
1056359724
78876379
14055746
3383856755
544146666
1044143196
3291115879
144178580
919901851
267377779
3291057198
2773321899
3007122271
2395201440
3196771783
700885748
3144994834
116000224
85143234
131761852
531699145
270351641
2982298798
1012839691
3347936361
3362531291
1532214690
1667257291
85065521
3386683798
2983346102
2615002351
3390820469
3290836693
903054156
937421982
2853434933
533033152
913613760
3290110062
930119034
170272568
580840515
3042506594
227249565
159580605
81985019
3290275194
3199424969
1550285378
3313510131
2806789579
45421306
2870638522
54577078
24177274
3317895112
53659259
3389199015
93943933
223463886
2839766175
17149829
3089693680
164631072
21022589
2501294850
244045614
2247992678
159031749
1651633711
869348281
2920228762
62864877
485132444
846996745
3390464056
2829141145
3227847338
3176174109
3087507589
175377359
137106167
1943888444
42128502
3389252349
1429122991
63993376
1436122502
51459415
2561594066
3387026763
3284624695
378524451
541196129
330269228
542207162
2787302372
42227173
210856548
3198509431
3289485139
3289411345
2295016411
270422614
3289354656
28814621
384153015
3390376155
315035944
607291611
3289230378
2739659748
3287634896
268539553
3384847977
15207487
210642595
3030989322
76165418
2813303220
264879367
2947205526
331731605
3389941637
83762710
37493294
400936007
17915559
2180312624
369787004
424577561
34139103
2748970626
343667713
2972315277
3096869828
107112158
473793876
2719260611
958358844
158879696
1583584890
712347072
1642104270
457720672
3195726510
817921159
2827105010
36806319
21361707
2839523829
1032401324
2188219835
123900890
3043397867
3200058184
470160456
45152001
13047392
487647877
18637035
287273801
2832187039
508151458
3255874465
3314805587
117713339
317190420
421923542
416632309
846143378
3167664893
2459305635
494407105
628461984
3385920633
2735135840
333409345
19853703
146795454
3272429545
1909190292
3289082263
28091013
858688338
1347096116
77640483
29198288
896791284
3179090876
192091909
90735170
282255681
464763017
2863386137
1100934948
600029185
2957995597
301506182
66764438
2943298774
21679192
500069804
3253716757
2570529989
3389163507
539065795
106793473
2560634741
2606663052
824301127
392863371
3372907077
3385967308
58882846
36146407
139126741
3224402020
502193600
87201813
3303728908
390692266
291628486
152606630
1246427731
2382797311
1314451501
1512734370
866109084
1261723357
309017278
954448202
529511009
454258607
1532506602
2613296088
216311272
20958257
170232214
44894707
3198037067
2980994429
1192514708
2859462766
331157307
3388719989
18088150
129676943
3261035557
3286191944
136361008
26700997
37892777
2806785529
3286126357
3084572685
3280180004
3108032719
3069072705
3385121975
242793903
63730938
177021073
1177195717
60603691
192105258
3090476145
148396695
3288078608
3042215353
42842178
3247980376
3027980704
2718184881
30649809
3248730486
3265962816
1426265432
2282839005
2752851963
145068742
3010650213
26295986
60969810
1060447825
459602687
114750697
3375876105
328543777
57056860
1563774438
3306469372
3274679546
26349734
38236909
6312312
32473018
1500102486
2291945443
930611311
604907673
579364775
15731082
2760494076
14589606
2216186472
54010624
3286691252
205944198
900253176
3246227561
573886584
111630474
2700875707
309873003
3280337490
3270129912
1210605061
259614165
2729575231
3287636286
204480136
349969289
795088956
3386044571
2482678027
27214508
1135774994
222746460
3374788084
1259919318
325135131
130587670
21220254
1704888684
1333358696
3093425513
96456889
3014927472
532174466
13111
616484343
1532410398
246690394
3354784960
269287004
50970515
606421489
2994318653
103174682
297940906
106912739
349517627
244222403
262550483
3255241956
843223700
57052470
3361952447
1719766634
381622418
56048816
1974931724
3173006565
3251334392
3287434316
817017830
256449112
3386259359
326358040
14329647
2985860523
411653955
51157180
2533337700
1180206859
441720494
3131137355
3384556409
153085193
3247172946
3096136456
3153601642
3286936812
423296714
2871937265
90612763
107870379
2589683000
3271143552
68912177
26686069
13082702
2177373074
2932671260
2409105500
2553736608
2598469765
140439731
574952213
350451887
99476598
1362697110
181270286
24971563
3102685294
530956872
3265711705
3375181084
3184648345
1370561162
582411841
3356189513
3385300361
2764522607
513448728
3221218852
3386420591
924602082
34933061
800835836
118436457
263875085
738064633
33145290
2990702102
2615595375
249263372
1959824910
1168197632
2735748893
80067225
24325439
14194825
2500390127
2187175398
126964821
3286955455
1184329969
1955608662
2976796526
47435069
249684673
2418012137
3235360363
141291190
3247624938
1665063134
1703818285
1322772421
1128436885
3259805599
1699349570
365508531
3124793762
223897582
149614689
253531716
3134988826
265044628
288433163
3378707788
28204297
2907887610
3018791283
737316660
221859358
276198221
125274252
3378762286
810323016
3385580218
3080837691
1923662274
3251380765
1011448880
3384517162
22954598
113382889
126679306
263960909
184668384
465031625
3386079460
25937845
3286557230
3199095496
2834336920
7652042
462999086
2211597234
1003626108
793024093
719990436
1599129498
2347406355
260914443
2566935066
1238697920
102970027
443940859
2515440006
951164618
60976350
2320939248
2495945850
3358066971
279028319
3385714923
71689369
68629946
167169465
2325447371
38362639
3385714960
1691766446
3286362114
347048157
118923502
162477707
1160372004
3352291559
14950760
3312052617
3374036877
317361784
301538533
1655637644
972901830
36105906
3225091999
2921984148
16912759
15436288
27822304
595650974
542519400
319371528
3241920104
3285289531
3385555499
65118586
3385533365
246838625
104804654
247960228
54335093
2991731350
398974001
3381638956
3283634574
3171534029
71603766
3285226668
49867336
15304773
3280860602
2875382797
632530126
28415421
2203045884
3331348241
3286039308
2739903093
363918155
68330288
753959977
3385324311
108508030
2364158261
3154234091
3188262614
47569639
18741211
752414924
2318398829
94004414
3379751411
439762398
275272923
2522189300
2891399610
50220584
3002384076
141113732
2329488320
2373151472
3285947606
3277149374
332399672
6421852
3283519243
3383100172
1664877823
2293486274
38025168
38005674
148322458
3262785990
163974585
2177199409
62653112
3028826871
3281061985
3269522850
3027130743
60879399
797983844
2607182060
1610117659
122742906
222020415
3285770712
84858010
62123942
393579585
3003940490
1917784148
95268891
2338159939
3235701229
89221428
10049632
2734323117
31303447
3284707524
3009027636
3380285123
1965053510
16839430
3284943332
24878239
100448706
35559990
342882198
1865944290
2910592021
2958271570
860774821
261731988
299900903
571714590
3285701972
34080606
3241506540
3284770441
3243929862
3384691995
1921754334
213553838
3285607920
2813736504
45824527
555293289
3247931954
3105306918
2606875742
32692258
709439695
3368308180
3369962507
1554738720
142592557
3232444177
500718681
3244192669
415458599
3358879048
3285452306
3004003583
3237401689
93206677
1375848835
1472913632
548422373
321407397
2721772590
2507903563
2148719883
625634238
3380514837
3384303838
2734115403
3130264449
3384466587
3384448077
98673075
3135166434
99495859
3234348361
3291191229
2600720486
3246781038
130481969
327764013
3070094659
110748715
901663440
378154162
303395960
2365905948
80241795
2330918917
2397767156
377937642
3276012654
2223196902
3382914803
73853147
933251702
39048550
3275698909
222193235
115369328
3129038775
17288550
17713852
35245669
3383976573
170120787
2281634186
357921076
134723233
421856371
47319008
161843908
3184780164
1490879508
3381446181
615462741
1640926555
20058088
226044760
106282116
2777330248
1444359834
144261995
1037897917
352462454
2907446216
760211257
12252702
270565257
13369662
2800959548
49757467
2870581020
1043603522
3284729292
1306149672
374653710
2983351196
943907574
2335357021
30330984
2659688176
1758301
2820445112
2916461800
3284477713
2551119500
428987522
455737317
2880515528
86388410
2334064436
3354121979
25028266
3284695358
823098547
3308738121
137536528
441322369
110886796
512338711
162749561
195929641
2856993076
159944330
391807452
95651950
486228385
478962960
14837803
2952092358
256504024
3228625444
93478710
20900799
2171098140
3366144310
109554573
162998331
31520903
287645768
3259393382
2914093633
21344155
456135032
3284536195
1738401
1142637486
3383003817
561433614
2241503844
33222117
329539055
2771670866
450772604
15468389
2890699402
3345029710
2928572430
2779706799
384135814
465851525
276761487
3086196791
2442771661
3282117236
708452651
2316250945
3346394812
2889093490
854559194
3381982857
119893664
31190828
132319899
3337304463
749455658
56621170
61184723
113938881
411469938
47292696
14175442
2455348963
121392211
2455268096
452200413
2363151956
192453871
3281959213
1904707471
387724484
2526809304
3341266451
205876735
1534889898
3004170580
22805356
20706276
343080536
98864679
2209902607
905628074
1238034452
3044986312
358489734
2347997479
1645234626
15763187
2898013180
62773805
976475450
470250754
461242195
3342690851
1581651104
827169367
149532520
618429259
257680680
2945791509
3369460601
3380672392
140497264
157741938
18628395
1305636392
3283719457
3283028892
254164180
2266819482
89343887
1917531314
11339452
238541266
1884316334
990570432
16446842
1293021931
3313575363
2747561166
3232106653
48411801
3281292187
3342192377
337780773
3259786080
2355326180
619368977
85666223
2416518174
2821471652
56234155
351879717
3283594297
3282357684
2444629274
43884413
3228842520
25256293
497361833
65661606
21044223
2380847742
3349170257
469982551
526883660
286708963
2606496416
42520606
16668817
17965996
3381573255
1863630127
998627845
2786067011
480609104
3278373402
211479873
2259912390
390773537
248792888
2778248270
274002950
2912885584
104836259
89936234
499605929
292684767
363428848
3251771963
2180157722
340025615
2304995712
384475154
238381423
1535952206
2480837196
3248517507
135587541
82391625
19754413
1311056078
3249411081
2882211417
93801584
2453561115
92076612
123709882
2167444586
181008004
54395868
3182155543
1961480276
1628201029
851833434
849706050
2581308848
1363328240
3271995096
3282850034
758327624
3278824423
1523640962
2348147431
626783243
1934999161
305020790
866643422
20182555
375078920
1526274745
3282733663
266829048
1332041850
1369901606
297829174
40175634
3107851767
1353354176
185071172
212993475
518758181
19306389
3281971898
365517949
594321932
3347287450
17400747
2750426249
3380614203
3103208988
628654841
50183289
64693822
1007676565
83732725
882823423
2280577208
2451669194
2885311295
88554449
1910696131
1069767150
3101946916
1088641158
47324337
386218632
2614031439
3380492231
311010684
256113806
3380534476
3254017681
3378255761
96990469
773947224
2842172316
413183034
475275929
2967489401
792178909
60888366
90221409
303795002
42349024
3333101333
945530282
1278886782
2266064952
42374588
2819003668
1398514081
3312130091
2199781339
24512248
2172584490
3380146433
3177225590
66966496
2761528055
267904881
403510461
318493130
2719677212
237327714
54588699
603895033
66437936
3373656381
600290292
2258505054
2740990110
1498654772
3302861920
2565176059
1237369123
2811503378
341418797
3379025501
535636623
2239121443
2228849720
892166268
2852491559
724820652
3152499394
1040094300
2317506690
234791081
3281789412
62690494
3281934954
1167252324
3295566845
482011889
328253540
3281118205
1054158356
603761459
2800240000
2463649985
3373814699
738922135
1648683116
130281555
135582845
636199344
3371615639
917789094
204074536
36631567
3379517446
2303404838
3095381571
1242717012
37869846
3341426543
2594433823
78249447
15213208
115330001
429931822
78757644
3379234131
2463637481
551464215
570408307
424527628
3170938924
614410405
3254875503
102659992
2324766427
2312630401
103815179
3234229364
3377031664
3379223236
297642038
3325744311
1078558712
2455597274
756999506
391279927
3190028234
41413104
172914061
75068550
49188464
2861106819
197582688
2176891953
3352430031
171588879
36160363
146535856
2459945485
3346140022
3376519437
144699633
131499812
208204271
821975875
122973953
16432969
753952842
24120644
3279885224
3278769624
2997878045
138479488
1369755644
310866723
987544838
156010498
3065558652
1169432868
3378539860
2663351118
459359383
3123491427
301413810
3130769753
30298912
1570278986
2885112294
3070519261
2541712135
3376990157
977148804
1588121059
91602716
264365230
3227152978
19669308
3361813606
345757771
131470146
19105387
3361471127
3262722361
3330576953
252154858
404330003
3370194341
495377294
3281434532
2613373081
179657567
2172163937
2829348685
15484699
161043841
66904349
3169295293
15110959
282961360
94912608
363846929
3281258796
1134320713
2806681727
809837737
303751166
3366103775
3268787083
616976013
391179785
3080727879
3372144616
111398137
99448738
235031395
801943705
3060436556
1568663407
97548397
3340446669
103431768
285389182
2822572753
1228792830
1064740946
62141827
145064958
557790187
574123817
3110899662
3293979933
3376384979
14809608
3308220221
2171552181
1672315057
2516840396
114714999
2986413285
1589542069
60114420
3325670800
224690226
294204826
126122989
3323824822
3280957747
907055882
2820742947
2277935413
3280965932
2817020416
2880902596
171774477
3375142607
3371037747
280678244
1860556999
3164474730
187368068
105278950
163277898
2747458251
62470823
3336254307
201041020
86280375
2915138146
72963647
339629159
2812279759
3339952732
2996257404
199338499
250340057
3044736557
2220314380
2273275651
3330728771
152464651
581685922
2493331801
2534849089
2321022096
3376621905
2661269766
2656528956
1860660019
3279919825
2543290782
2234914404
545800261
1441215734
2314342265
41424487
480721552
3238815346
3351051988
14142764
194885148
2267422392
1198180410
553465070
3198222600
227714485
2752526980
272287602
23676066
74720941
1318559257
3186491178
261496346
11606062
3377067928
2729340110
355079796
299382868
21587141
91166293
242058627
416324046
144615691
2939168371
3254092560
856119908
3245797958
2897121397
2698362521
3362270061
3321000621
1668801972
620125745
479108169
519564131
238578680
3109807140
1900233241
3277783736
481608893
364940686
2994110585
181278105
2964791917
485244552
3280443914
3334128448
2401695703
3042156696
774848504
2183399117
128409108
18993510
630589884
2849346084
3273690428
886659956
25787174
2509386968
2846711917
284388493
3362865293
180344386
1073582198
3280189446
19579400
851874954
3149361434
3101541444
840419653
1411685546
124914594
359211951
3376701341
3027973072
3361669575
404359643
392822529
88427912
3375908092
3099365843
2895030413
224746253
1202086808
298141348
133775252
592809587
2997781550
308312964
1476138799
169224333
15182750
2168340827
3373936180
1494306836
2735217285
3056410964
2281098044
2233317149
2974051189
2901272413
3376463909
292177891
620488914
284471684
564884041
266795708
886768358
3017645160
3374629715
2941978644
134440511
3260450202
62538615
3278216894
3017303558
3354865715
91540353
3165324388
103054956
102558697
2998220044
1607381808
573514192
3374508621
3363403289
3376074579
1401114986
482250382
3277763234
2390255468
21318607
246138467
254556848
205930376
3196299941
267931510
2829354853
273314752
406756447
16309415
189364294
3234607016
535764662
1453796353
134839457
535938633
2153941155
3375845729
1553375954
454722920
17629793
50726108
2859470438
245797454
485600789
3360989842
20820872
14076803
3315544360
61543396
56778589
118366094
3183944306
397888504
3215877843
3288022107
455754882
190046483
14352486
2775726051
108299357
52479956
2916982533
188253857
384285188
2265991913
3271614204
2274863713
1917213662
323940859
2199322345
1001817378
367095024
443765868
163472995
411603486
2261430401
3246050090
541594591
451195139
301006938
296122738
2807695148
1476882362
3038573827
707399786
83895593
11410322
2457132570
26435749
53778533
329754465
3370163901
1340221410
1629341107
1406480965
79976753
3147723679
25352544
282605598
3260517798
3372338021
1723555622
2847482830
261377853
2961372209
3239282967
173754338
23623691
1150467812
3003805673
42589020
413222864
3371164960
2445719178
2811458130
1289063798
3294063353
424499582
1210847322
3041566812
3278970974
447458152
840555800
253368873
2566064336
3221800106
2873811101
542020047
3367202085
3360699580
2877705237
1646171754
9810312
3338611042
14289474
2414901470
3356585734
2687406154
624846176
17430479
333146143
3343825672
3275366360
218378834
159558906
93996741
3368114254
124194181
18730862
1635890197
1936248337
36101000
408469247
79559467
104667424
1287946057
3134598873
253871841
3278777611
87049371
3271926049
2960353404
3278628972
36021984
2257602794
3367995562
1150948478
3374219291
347661214
1625717048
7338082
368259980
3370434219
759431330
116962208
14523442
56680734
1318328934
995671393
3238991002
624706357
2726550579
870300554
3110275725
13001822
25413004
114646096
3192395864
136720512
184603487
2838001903
90429571
58717021
2804477915
3118674898
2793039967
72658776
794778854
507546593
498825566
2438963380
159945235
520013201
711217290
1195253592
105923976
3373892729
489901000
395500823
594252551
3370512123
3353410313
1921038967
2398493305
3278454253
544911199
2849750516
2191836108
422754314
2608937412
43332476
2756714469
41099763
2401034088
821904391
2453076788
3240308466
872334529
1026388674
2992934071
868517364
475797684
4851071
394500119
20406093
2326572457
3373323213
1650462930
32749424
485661216
3071894206
3252978275
31329630
3278058037
3331697181
2212686811
499172540
1166498222
3352256021
532799511
256820283
261195222
1155801973
117902377
62372525
3319454091
2352897258
482760579
449338576
3244721694
1955121050
48732352
54879493
2802891713
540975651
3366797494
2647501915
1288947674
965151480
1457707039
333480170
301124760
228483014
409659137
242477518
2960641730
3359445340
3130081396
206871534
1960969086
3016962074
3247547242
2155943530
2403120583
3368201351
2794741582
2359911007
344429551
3339751216
3134051511
3369482703
3277679244
342378467
104492854
196348567
3270132739
71570223
2969185931
379343807
334892204
228896757
2896845076
1146088392
3364322673
196898748
166523242
29006788
271971028
36875106
1365172471
3180752509
3372476626
3065869499
2976688965
3362836323
2736215342
311789127
62026026
33970230
258702453
2501430745
353656382
250301393
2732340197
202437624
3371122474
108093261
220647808
83785920
2821582703
3273732763
2871087255
3194646390
1440719353
740436464
1880399430
992099196
23431939
347114220
3232096958
3369990077
215580435
307471817
2235699739
717710550
3365683313
8102022
7779932
1539382310
1018946341
238346324
3277179103
2831079873
2740605744
18757582
61732978
423120045
60494112
84128163
416748183
2525598578
2598448550
2697403356
27422701
165306619
261283899
125152209
3368221906
1723743018
299227206
160640560
109036061
3052454721
2260096512
499005349
3267347448
61078148
1199574877
2158060651
530052588
901770450
3197885958
378340537
43182332
231963978
129170134
434614630
76348031
52853310
3270904076
1963281486
3371323570
3371304100
333469467
2828019187
139832906
498204397
3371216698
25202473
2999575776
3258022453
2385490116
42148416
329281535
200214599
3135485788
35473191
3339993233
3272628948
3183817767
2954021375
27238304
15346655
1216392248
3195478039
3271241316
557078344
3274864394
155982130
60588563
353809869
3136466198
1539643532
358659697
18962418
2225957743
3370741270
833523830
1283575290
508663189
122648039
2860689424
292892836
2217750038
250058331
29156590
470117005
2897770598
927993488
2894526714
3305862064
3105114345
116151034
834964790
3085978900
17642965
3232450027
31520689
137274729
3275035555
243330240
1707237702
1216299660
311709894
2563748017
2291087148
3274943946
175102061
317111381
2884583893
2813073700
2618398114
62653326
1522460095
51902608
119655425
3352669341
3265273303
1439248231
1358232444
557096772
2921073812
2371357310
2845497281
2169061164
2466967878
1392548732
3066009833
3346649579
20159366
2565209004
1910927622
82441347
745684092
3072739633
3348608297
3244532406
1641194972
3357701680
1452249390
3274927448
1709567480
1258253161
534829871
41250081
3366340115
96159528
58584241
266198325
404212452
3196647270
14573371
6629072
284378642
412520656
22822762
2331025400
156829802
16887066
83348945
495838687
618654335
3346996624
3270032503
149792517
21387177
22246130
564083446
322552891
1075189340
273500317
3079400212
404269424
1349496882
3214178523
1172517852
3289552523
409841772
365343568
3357334517
36693977
1434239576
1190183102
132597786
1021103269
10466532
105654588
2879670474
1410013782
44263548
889754473
57620118
3369071591
70942733
3254088608
3345378773
1063653756
29223086
2728957904
21724852
1421692243
16721689
2840171965
3139904595
3253705903
3356563913
3216454888
3360226474
2815369045
2215736377
3257389154
2521853498
1291813784
2468429119
3273746742
2817299007
215162529
183324049
3099345880
2678351697
1595123389
2428294278
218228934
68931003
2877050501
1472176939
370880135
320803299
213324984
3135812865
984573180
202909852
3368542763
2682416461
2284218692
358194027
3270856184
591605360
3317359997
3310188274
99993067
3273563756
3272318318
79739714
274490680
340448834
108715871
3367075577
723182304
3365299353
100439563
149245363
761208596
1507128386
604837180
14969279
3300937037
3350518011
923791758
219763352
1446324848
2431177374
1664133686
114859904
3366238415
368960117
50310127
3352595614
383246750
3368049407
3368139130
173936010
328676559
1247550488
792596623
1016206218
2900111837
15698021
363003230
56375876
376491316
41151669
2913980273
180889465
2266171224
3253038877
374989261
473678700
2415652908
456536128
3270906900
65623
45805388
5798532
3009182872
3367783906
129075679
14595930
2372112068
80356259
2356540506
2579722383
2809764109
376989787
19006391
82525159
3321867473
2987996214
246027047
388575140
351825306
277065467
24828315
122405495
3171998946
14435213
67966002
2486510397
3360466577
2502778826
142268066
3367458604
3271494685
203058583
3258429252
3128725996
98697969
419533454
426472474
199589058
3329200390
162403853
3050979842
3009847916
3367239285
2848099906
846455184
18329385
3252911929
1346429180
157961340
2290242427
228260284
2489769745
3272451794
27813778
14679252
15985125
3272602886
378770848
254724910
232219945
738654618
3330977410
282638679
132462142
624005886
1796074352
359677085
851981017
3248584346
2820947849
1031525916
232881864
2187770990
168004347
3367025746
535731369
134897885
3366260529
3272281466
2649880268
3010587352
37608467
737980056
123574945
1357434493
378263123
200869747
3355517441
2833874101
2466274684
850031438
3271408934
372422626
20642079
413329749
3311835809
3360823450
2304014198
869539200
373059587
492525379
3179601301
3272347039
122859883
2837438907
3193789608
16000294
2546887081
315072778
68631607
2658569068
29467848
3345847721
3366125837
23861311
2882102327
241599592
77395498
3228543458
1288977222
22093125
3016820789
