385435353
478805886
762072186
508357121
30481739
1476006337
7101002
14789494
607772479
3408529991
837975750
3612771255
9228192
3270289556
67906024
630647914
2980356233
18517877
3495240734
330621352
63690408
780639174
288330519
2857802845
2444903839
189139484
20677450
46233830
100192548
3292926768
3252875636
3408610210
16377547
2964749651
156082636
13023602
2997523764
2600824621
2883192045
3240038965
1265412420
3299804144
66247236
137626346
215706370
1963323506
295174380
3291185324
3611263216
227819367
215779898
72536001
265148759
3039713289
229893953
3609405915
65806938
131190961
43635618
3086622571
381840331
1161021836
3516308292
277190372
40156954
276252258
551306747
19383206
3323274374
165878949
3391784949
1188243175
3297527287
2493539324
2998200115
417561606
125397400
86632451
1003281626
3608701757
3040479263
3585494777
227944724
872307254
284643434
3608709203
2823765887
866930936
15068820
202521524
232922506
140387641
1363974986
2908604658
140185178
2967614321
49142615
1449907015
268425711
3508790053
206496979
3407830317
3566655976
160043879
179481865
3316672070
1965306883
3306732678
3409243505
336435537
57864853
20490559
81413290
145784059
537045905
3439425839
722569872
1543715154
3313308074
233485575
3577647375
2442664782
449603242
185362313
776208822
3605436135
43619215
3286765826
1371199716
65599074
1056674168
3605379796
3511257732
598254519
431093235
571979652
797305208
1218859896
320659171
22102575
487303191
3428220706
2651717406
308037031
3240779144
3244809193
3499707313
3604710567
396344859
23387185
3421531579
28089052
467952668
32995555
2264973517
2359240651
63085550
126734588
2444468478
3528496941
542839021
3387159132
2396328644
524646966
101346016
58871254
243313506
91931370
489453320
3007678171
3603245777
284882146
266118144
393985641
1263479286
186934432
16112367
143960799
3091845887
321538600
3326813067
3278373242
89971319
42832964
32445224
3199858545
1292852347
3426897713
1152678318
1050593532
78768866
3052673583
2583761251
98507149
3337036521
16140020
707208152
833766607
2841041815
2456451266
369008142
16652418
181969872
2986155248
116919778
3315077317
3588028697
3115325280
360063611
35826322
517997121
559113711
25334201
3460673842
258176696
3588207556
421536705
2996300261
3289505888
237765335
309409019
19550854
3018156913
14324971
1867799454
3234026148
375447784
3305760932
368011120
1355958134
3314352129
1096696470
844596408
1157556313
340295604
21245511
2686416854
1242246109
3505935732
3096976351
2999467116
3435864443
2959344628
380429436
7083172
110474003
532399557
1961084286
48073959
3345891905
41161690
1117666442
2238466507
94082795
3599193497
2354997962
198266465
13769242
3403045613
1259997079
809340962
3599213181
300700273
304646018
3503447894
2789974050
3003869093
2828081689
3298571492
16967825
15698989
225718674
3407891883
332717057
230254008
3512801116
1256709506
3504357924
3245278946
32615410
3312928274
3408393521
420644304
936183421
3389873523
1442426617
22344887
867826532
3214811362
954266160
447110736
3306423129
3577148237
32484692
3438220755
3238671795
334223249
2363385647
85811141
112247036
3325144520
579786258
3488554992
48303929
457216970
3502518553
281937578
3379695875
1530511106
3406677493
3274023770
54137696
583381967
434098664
30661643
3259375105
2913508063
236853358
622526725
35860235
393357556
3501045799
80056615
3523645935
220996082
45756499
3297218827
2786890727
374049547
3497962513
2827244420
919866152
14223833
263043930
143920123
63268146
44652711
190106592
3448661959
3570846297
3499712593
328320130
921873883
2810686610
28920245
3434915289
118603059
3593633417
22686808
1556717311
1655455201
3090097409
1117754448
81933665
1538407885
1967926027
2391895669
3257484073
1275907783
499669764
1151987388
3315117951
52892466
253650456
33419374
291195741
1301490559
318976712
2396966616
292760122
494304831
547246827
3246810845
279609116
3427545603
13520532
3210277696
84263890
961937491
798585834
2278306890
276893750
3301903862
3221729677
217868344
3496851504
40809321
66717938
150730690
3456198740
122151951
1192138098
262038787
3174085823
3362845965
1533880380
76873
253113208
56163721
162131769
302122205
3243093662
1699929840
155330240
634685567
153281485
3232266601
1115855732
3590073321
3345651075
50917269
357868460
105949683
3327814737
2956331825
2755995373
3488262312
605274858
1950119352
3332532859
3004331535
2876007994
3534679035
3421197373
3535630701
1615778426
3020454702
76671633
189677786
71422613
308656926
323106859
3566748555
3589257677
3589224797
11007982
606794825
3572259437
368892885
176210430
546702456
3252365030
2401657147
883508881
56900996
3494444773
19886463
423496330
1040461460
3536779949
952385198
139888148
454851770
3383894592
2411319374
802257920
1187814626
2802219477
18518302
2833577905
1126831740
3493697185
3485830872
3588251117
2953978482
3305705341
100801969
3354744920
180505961
197262424
1860982686
2393481236
73313180
374526725
330396750
184984644
3492935060
3104659526
386244021
230791360
956871943
3385378300
21548566
137628284
3017820973
129239215
113180091
353593737
2432753346
1976728976
57373385
826560522
3190027553
2687730951
604762395
3455410396
2536874603
25103943
2680453704
3464607616
391029908
3293260563
117404890
3317222461
3458284520
126915356
3039248930
735855745
70903667
3072237591
576790816
1286836878
85261906
423485310
3162724193
2845467825
28520684
1426697096
3314101784
756432565
3326598161
2772002604
3488375773
3557655455
302354959
403770147
3470316013
2445591205
2473739477
2922257346
231500199
26506986
14539073
39944690
386152700
2628668337
3206212780
23365541
3103372789
2358199784
19136154
3312791054
425960942
3438033423
54058082
443999229
34440601
3320172401
275329210
3024868234
3582889937
3221618508
221850734
3008514445
300538546
102259409
254752228
3419396350
2732187391
1568686182
925163851
3365091045
3015953748
18257182
3378024459
3496009036
3116298846
931342394
93246533
288581659
1321155457
259665403
3484061060
2431049971
504278789
204864552
1045136408
183707103
47374533
3579438375
3443282712
3414461425
3521389635
867814982
191962913
3437553700
397594291
357841751
3100888831
29260663
3581030003
2293434141
2351016892
1669109082
16157831
1539626286
3352271385
3253190179
20070603
171944276
893974080
343575102
488883113
1907043816
485254864
2767102456
3107893404
3220779829
71859741
2322247020
3077297424
164048510
39227799
3472383434
2440515848
2845805038
1681698276
3294391217
931184090
3438342473
482775199
3462248663
1890575454
226904076
330821501
3562785676
59103435
1472179820
2900918296
68945842
441886817
2505759902
1452872743
3576716477
25972817
58623111
3452816354
322632635
32747315
3422022766
19458408
2788397775
16819813
240612921
3380851873
116952024
3111864878
2997789908
145376108
492760544
73390856
3221920896
464031657
336579949
3578225122
114019738
3426771689
2986510947
3467055500
17167957
3566037856
3051649147
49424934
3380227725
2730203646
2841241163
3353452105
3578062215
173726137
3530249475
313764637
2693941003
35568600
785100439
3439426694
3340053194
3125269792
3529077861
80044217
1944268296
3372961725
281607670
88195288
2635263891
82143964
1334350362
1724424884
17871985
3361349387
1444610276
3405045154
857976668
3400983915
2788903579
205699633
790601646
3157485340
3363209113
3481428254
3439267413
32215842
1633108297
2681749129
18055732
141432601
3480855451
2603632939
392313309
3572576195
3575955844
173964371
808232239
226604247
930159865
119758259
3538422375
3532530497
142182080
187920064
3575464096
504941662
866131093
3129122628
2838572389
341910850
3246397242
3088330906
115357714
347491158
3066321600
2275637640
3369790045
60249612
2150147053
3479402839
939031615
16964998
3478841232
77789716
2868575185
822166802
83850064
164161368
2998944326
945781986
24341679
225930802
182885586
3478132093
490148951
442904077
2312839008
23608985
323731199
1250764657
3254973609
3218067942
13629052
1529147556
3431514742
113695309
236478650
1309231922
3444161412
1683900930
3477139934
410253230
3310153177
24449122
3295893948
3157195581
2771531804
3309969630
1788528516
441190939
1390746541
872677818
51205510
1702438622
3462197532
2875547231
257035601
3238247755
15945982
3476124852
2891613614
246728508
3551310381
3555683176
54337340
3471866059
300826307
3437065378
1196008046
36099853
3319265437
3568722922
3371011218
269528183
2876898140
592740183
3277930952
2192693463
3475210218
97478497
239142680
724618075
3075512587
3570246557
390384500
155226792
3353410693
415074925
604703550
175191365
3405580690
412538089
987560364
3420007432
363117158
318491570
275272275
793679442
19007914
2975439693
2647093112
22972201
1626962052
3302384604
31431444
1085037386
526687817
138883209
3473591358
384846447
3327174042
2704987868
361297866
521441526
3437107623
3473364973
3407520808
2733531979
3505233555
3307240319
3567880217
3533459656
3383280465
439529840
289258976
3544733296
3168738462
365323282
3399073158
2649369289
1223330197
2911834010
1073184006
18827430
3441890068
2922831310
572968565
3264049658
905075378
3350928321
255947674
26875610
2352126547
464655849
195242268
114244372
227125900
3560670023
93414749
3556074196
323814298
802175178
3315305731
196223547
528748053
2993754586
463198326
3179178677
2491140397
24962492
3561966076
425580734
23191076
14270114
3180225875
3334262353
1246616221
617117152
1404945936
2992161152
140850599
1398957559
47741219
3419070618
535201295
2921469294
3422099660
51537653
3366601287
3448434440
89672982
3461550612
888174882
3551215995
266669638
1483801068
2400975691
2689474604
3282396234
1122336637
1961534438
283935237
51567049
2954202304
416247757
17501470
3430809347
489278111
2744462268
3440075712
3131675627
565511722
29892421
3547702168
237880965
382073090
1008498937
105430373
813122174
3347166985
1550583204
1364317447
3246792834
18779951
479175355
3407885841
15246060
2180166574
22452451
24939472
74329959
440387162
3426037811
3250340240
628442095
74720466
17834791
1388372149
3411147940
291736047
132514239
3563735836
285193047
52935564
2907683481
3130963269
3198115311
3160200829
3046504686
2161829114
2193592754
108992315
3094195974
94244644
2325813349
2707270698
3561015076
8614412
2787455839
20662493
1037523865
2163416630
25163816
3377064621
223304980
3400828919
21337195
2579157007
3561712515
2615639180
17699042
27811369
3240476972
68848684
75912421
938498257
55420430
733471790
197620636
252128031
142444655
119249642
2448629237
3278510346
355901820
51735075
357583971
536558142
388562033
3362446874
484822822
2188517630
2406089200
3515041275
1462977894
254864128
106422647
400262575
3111492693
173033323
1520004379
41466113
3233791868
3235536319
257862125
2361616853
514981117
2864743025
17642629
1876880503
3401771632
390928559
3559171822
2458552574
188935906
3342915160
1906577460
471067768
18651510
3556956916
767263
3308950104
298586871
279270257
3558551483
1527671588
1322254410
2965986459
250706369
290243114
2862224279
2873662619
28218857
3462193213
404864274
2996273906
615869223
2466937585
3290746233
344277734
3402997515
3441816083
59653953
236963994
2533764068
2532368598
2804198546
424971302
731686592
3137833068
231615391
1873749535
3461726720
3426318318
394734183
2868689971
466452207
31644020
317268185
775087807
3359581276
465049015
1057639382
3461054834
3348687022
3437812153
1330372976
1323151273
3454080672
1391414396
1660229629
1034833796
3438667692
41036222
3340267618
171671452
8273472
1924109522
3252861451
2568663823
1300025702
3350151815
243050473
15548184
33544343
265604249
572057832
63372909
286148920
3555975323
281126525
3439355273
541570144
960557372
330654039
3458973672
86189395
133058462
488823657
17615894
42599472
3314679993
111038334
267606211
1472642130
2882458920
24178759
3455756778
2535556218
86063509
2799424200
3222275811
219513077
3765841
20906019
494215236
1562121218
149207104
350547986
15271202
111033674
2237890079
14269911
3283853306
463392447
60721669
294211997
201663287
3439923807
2228667818
8396572
458503032
3359055377
2635944734
501750909
137442449
49481917
302717233
402379218
300579717
603489298
2215560147
134849962
1547241386
2259392138
450827335
115697325
17231274
3407072765
2690900744
3354089339
113389669
2445316478
2951429711
2986258913
72565469
2312413165
87342446
1045707978
315595916
405147177
369054037
2319427926
3550024936
3042585351
130810834
263958440
2459753744
296521261
3029038948
3434820086
66299445
18029569
350249264
1260154716
25809382
3533796016
3376415111
2263990013
1298596879
2444460475
3233511342
3304833780
3161507751
3552107061
71748795
2921613765
2151529678
3437394947
3455394374
121831884
915161724
2571909000
2230322563
2570298953
111967521
347670799
1833418868
412114953
3550276935
132205796
3446476398
2271408911
206025155
3091938180
172189531
10283272
3453401414
149520748
3538945097
26403377
3397947019
130931389
3537409653
744183294
2325668756
2400794491
15736736
1353378528
3219822354
412296238
20566617
84984468
248757395
3225541982
194001393
3436266244
339785297
186054123
3077241031
3549448822
25116273
3460047562
3165710972
68418368
282685375
186796555
904630722
3472973237
81775707
755685030
26533190
3543185961
87281058
79584769
372917920
103405892
3546533475
2792872385
286968273
3548369427
1502491850
1094185555
296286850
217542612
3532405457
109770351
26226987
3463489697
20496697
459037674
57382631
3115853416
367386305
3438766512
3050126858
2497931635
1710861858
3280336904
407832722
554260062
2175702427
2373021288
389702185
3428457733
1337127554
3072289729
3231716540
3320903492
171487367
250233142
3393895611
17045957
3310146576
1525525111
3392806454
2422192254
3524726297
3530427315
112861156
3432245345
230365803
186099556
467121957
183324738
111734594
2636026403
759219895
306465602
54042686
2535164173
3440303834
2811496568
105612099
2502310420
3544939587
19594247
2492932986
2942002548
3373593777
2776076283
23061600
26902200
3166693645
159860591
2966671079
2840330630
428224064
119762787
3384392962
3169174070
2876665533
86827361
2857541969
2418981294
298958808
1347279474
3543345454
3377966957
3446766913
270926334
3078169630
1200668767
3206018734
470999985
1914058302
2992327592
182118910
3398765533
34300591
102989339
582671476
2352855460
1653288048
81618344
21100958
2474277512
1749244848
273026432
112649153
1919156672
541103404
1461733656
19354337
846844813
68814766
184283632
1711063507
111534905
2460199239
3313985112
911312322
3433989432
295889350
2426690486
3502483641
2744952502
273988693
3440579412
2203149342
26567066
3309508945
3153456955
3112043819
3328459153
3383197706
15199790
3420663914
3168433094
767508710
3322512474
1286275177
262970714
3040261228
329080935
1019342203
53226567
129077035
3299838318
3401330609
2482678478
2906618460
19571953
2347608308
18140992
2293527697
1537738861
228775911
142358483
230559547
561627583
1875155546
3539235203
2334827908
27314927
15538900
3253147710
1337017849
24794399
253146214
736690951
3525821836
3432569058
2245545375
3320730470
24742950
1161900241
342234704
1463379276
3335052194
46086076
2544343124
3341201950
20772852
1051320878
3358494808
473113516
280116668
2992418882
1429251698
178409711
3425680517
466922129
3333998180
3343036779
21690435
90481456
794720022
3484474097
2165195653
3037250321
279404904
1014742658
1918164380
179334284
162688637
3457736056
3528989357
3419063126
231703212
3410547012
204050965
61222683
914939527
37195921
3438737899
3306471516
13912832
637175774
574464305
7270652
3411610030
1733782254
151953293
180470452
254568688
1661060220
3524564963
2811466776
416249444
1038347323
29813190
120451395
326903254
2882486087
253294776
763725276
10494382
18792839
47564172
2343512556
76903673
3226541802
3318434612
120462426
690803
824355337
317071548
2866915780
3409836614
2371846124
366128081
3326517258
600980751
3429028450
2994185267
3336226394
40284326
3523446203
95590474
2912431312
554568935
42767086
2720149707
273651295
1343462071
3534065182
1409403655
3287612197
257535076
2649842089
3273164857
2994528447
2992910397
300314419
224577080
2835888966
2363134621
20293960
26476996
1061510054
953515002
3533396415
3533503996
609929285
267116872
1160351004
3126769231
3436057345
338361277
49449923
436982481
2270342394
3397987398
569526359
82011360
328537923
2794018662
3312462533
522349980
115897882
41283168
3433240092
376211514
45621262
3343667188
3411510269
116808291
3399567134
115889659
546540885
1413770160
3220498244
2540370084
406661038
1471382923
36258238
30587925
3256911343
2883986643
118134059
166838724
3530223436
3315328099
216923852
449470672
3029189016
150533511
237990302
67797260
21540100
1513904348
70330145
75294758
2321931463
3269254237
1167102331
32467969
1301151392
51279029
51183831
542725052
3171706112
2757628110
595542923
337306578
120627936
3029421653
3389986619
423548224
3187300016
3418709834
17502060
492787841
540257599
3244531228
97066960
708395616
3528179117
3528073221
3064288059
3525913756
1138569284
370965193
33058718
2581125282
10348062
62068444
3436916679
3293233745
1717590907
3280889556
174559679
3351919883
2870493430
298110530
3384437141
3429720013
2600004440
2271667942
192340339
3428236812
2729133949
119513837
29433372
2433238814
2920242733
2298651938
3526122521
374318019
1406179748
905847602
531298497
2357218237
3270099624
46517002
304813340
214005658
172117728
1406561671
260345061
3427768812
242199655
3427587012
3013516261
377676660
3525410423
2362299781
3306834148
271068004
256331637
2427818281
20397695
210941055
89622455
3298563204
3362387773
782210
1713829776
849533310
3341633969
3271291225
1013856030
1226585473
105528257
1674629084
2186543899
3014556210
740916992
3524801056
361244654
3426021369
3387981852
3383747775
2835594101
2598496459
3041819887
3523858697
3320746369
104292059
1071590882
18526327
182177219
3426801200
869939714
411029463
140422494
838468584
3328384393
814989860
112566222
7156502
14493799
89627666
750811118
15284700
3523454356
50697371
267660011
138348456
3399937160
2172406171
848321
3344223183
3336439030
3297074183
3415151774
2347026179
3250218834
3314903090
65908092
3511830623
2711656734
3412403354
2985699488
1433450390
1369604168
26377539
1943832984
1338961298
866428922
3465720981
3333278471
59229648
624549397
3370809620
923321731
245739791
2377176632
313768178
2762260285
15956333
3346333399
26986417
19591805
624688897
192826389
3521030237
2780581001
19711929
1007767447
606475666
452283120
173110188
88635853
1406033162
2995536773
414825901
3399535360
2997995417
1077295716
3231207888
313603277
38529570
538276937
136168140
3410396005
3518434157
227916038
105669384
3418544774
14116180
3304066074
65453763
317579946
2437970916
328861450
306917528
85115337
3409367954
48124101
310272075
2967992026
371399604
450269393
3064364235
2219511525
82195633
32740295
2531407766
536622741
2306058230
122275129
14746087
3409513514
3295580641
3515487329
81982501
135004652
51684904
403130622
1924700114
220285833
2611850378
375803955
3517198403
86423948
18912981
192935632
22112148
22796223
3378123973
762683270
167087593
3504191068
405150769
1232581862
252045086
18337247
1258393261
3321705342
1337497886
14775254
1419052200
22916700
63576862
2563702849
3418355538
3317324001
32378004
2500347838
2232108961
30071164
12090722
17218096
439209683
3044630139
2586250357
494547087
81896449
622481328
3322518752
1039057632
2497695506
82309164
349793777
1166158032
3390749446
31574176
367307777
2443501698
1958333426
257993688
477223401
3018114216
3269622409
3512491936
3417052152
3307134128
3511358896
2703861136
163651478
235328249
2183496953
118718075
3112220410
36901789
3423493583
2973689434
567829268
212343774
3358775059
14249337
138847612
3335427705
1043621406
3514212735
291023219
2835222777
502428254
3416690115
3438124377
2171035099
3311880308
243691655
602205199
2722084098
3235826959
2829495863
3400635270
551677162
3420328564
433365498
3026813744
2660034307
49906693
2777897398
49280482
67676569
186024829
1285114128
20222689
1734059564
361822874
2853993850
17890550
1021075224
28715621
2252565386
567734108
30323076
2921494728
2721063365
2230118880
1906912279
3415527493
459360460
2650852776
85129653
3201794421
18359734
53004715
1560483710
341239199
58506446
3183125886
18802434
2430385009
3335077006
3493460601
3017378297
811544150
2864169998
2548510454
2481575088
387425415
2789048925
29942584
278240583
1424914692
3345104290
26118440
3429420664
1284709464
431632505
14131135
582849355
236367200
3029811589
2430363379
802728775
195535303
3398542039
3430445459
66650094
3357565514
3309454289
545018930
70414526
3434946503
122869482
3412159880
336551253
2433118292
3411719778
1896257786
2330261772
3436025309
43808993
3327934394
3201149759
623308539
21453008
3307522289
2564652138
335198994
37542679
828174080
3224484458
386430020
275004691
2478183511
3296523886
19993147
167520334
3507866009
13600082
3197651396
3397594392
15456921
93020512
1529721745
1539309655
25145376
2382615600
109376646
908864587
17414442
3484342395
54204061
471456578
3501757647
3451320975
2316073656
3316147307
1263378300
246642723
2709656472
1914731352
3273662911
3495745713
2352491904
293738284
1746671288
577269202
31131036
2178896845
3496603827
1340246407
2358546277
2403792694
176617076
3403036966
2585201013
3497439795
20537238
450009992
349714067
2545538407
121244808
3271464216
3504398896
3478490535
1096322414
16247858
93769697
453948136
2563838892
245350968
1180386931
2962183142
393921420
21193783
21347561
144581338
56245256
3436720522
3493950915
3374235559
27980528
1537313690
302581140
1159986889
3321350413
91541736
2658087235
391496134
25064392
27010926
3429216340
2983243176
19409157
3503414242
3503781741
50220580
127480121
2883322833
3002025740
16905833
478905986
181423498
20780437
2193911364
3503295154
32823611
2848608941
3502641381
2340734766
2840638449
600671509
1489345514
3438138905
3256324111
492394528
28980596
16584886
3404856914
140453471
231013203
2362203792
3502004121
345443001
1576490438
515888500
1216230871
348095686
519937455
2171650717
102923339
3303593959
621278773
2888406960
3271926031
131090263
225571757
317386594
3347288973
25122353
3437004760
3502044737
618506408
266318976
3389313004
1010107986
481552696
247247750
1071284173
3501475721
440122676
3384406092
280830648
3330068217
3064274879
3319736690
3401014394
2983086310
339515882
1222349485
3459019096
1960455030
94297660
2470446318
63094986
83408179
3495533901
3402022874
331679899
46075308
57124854
3428141349
2784588308
142615259
55619854
90126021
56145417
40056389
1682398194
508897983
3312336617
2896101589
75029627
3401166619
3499186877
3059445738
1494344521
1048438008
2915609373
290365164
3235465123
239891257
469634792
3385782614
14779562
3399131174
2435237546
3386070078
50616332
2297588952
243973768
2858349951
3394549394
202223586
3024896150
144934736
59185606
916952432
766262437
449878206
3325222009
97409241
1048799660
41467046
2287902193
1973252292
3057936899
25068810
3293953178
113467407
441458175
1010039774
759951428
3486955756
357133891
18547121
2922388429
2349526721
45489002
1468328792
49650636
3280408662
3393819118
3296431555
3398234114
3423230248
1973081150
2715977244
21234946
3483460043
88680543
95765518
1272237132
334692168
3435299315
1928040594
3384919817
364929883
115533979
1280298204
32078819
3458480595
69300320
230793376
8802872
157779992
2250616765
2809827284
955215349
55940097
403010896
456315567
3249216967
343135114
386236955
86611078
2772367731
2655985927
18276733
1332503905
2845065862
3321754730
571179679
70470604
3087448579
611512229
3342527179
59354144
2235175580
2223431786
44141389
2755455170
75481088
32838268
2776610739
66703617
957336974
3251590148
3299940343
3100171299
523440984
703247228
566236445
3424521622
3038093784
620672035
2417211732
3124444278
867307554
13038432
169845952
24419519
3373986539
2341754148
76929249
3320703043
2209054726
15356721
1380722762
3492453737
72681470
256684127
3492259817
3222817736
3480117694
3394288692
101187737
319282316
3318346645
3321654499
3403014430
365581536
3492323483
3491874436
59583602
456133689
201317677
3165780042
3420563259
3023412734
47522999
1268814596
3371227632
1185760729
2249375653
3491425635
363683926
539552050
42126084
2906405912
115271916
3316846572
2972429500
2759811257
3296351588
3435956037
3481585414
845745018
136834125
424102153
288160538
3491305768
3490552529
540008407
87095130
1680871699
2188615842
1215374808
3252791818
266106527
112771305
3469165971
1291882748
3321491228
124192382
3331227935
1322763320
267499832
3485540477
3363917592
239342876
404709895
1692668521
3328457923
28298405
2651753214
385844667
53181911
70859346
383563835
65017745
3391078872
40213918
110823047
1018514023
2575089032
147434142
159229858
616635422
3363185054
15744478
3390345680
3451414336
3376957872
3472332142
163859346
1557461126
3267767564
3482129368
3305477432
377510363
1890466620
42167842
3486940066
1328298301
401613604
74085843
257662340
895913192
71087966
3219818514
3321392264
1542159350
1036114771
450413608
3486139283
339839183
3425224828
3192947336
3221890902
573393340
280495430
378030105
369790549
3388377333
48846287
3486644721
1169358800
1663559178
28719246
57436810
580475696
621602033
35506065
2502922730
62938338
21220590
704411233
22922751
3485783775
3376714759
2823135258
3105713290
1432233386
1371228566
519989983
71579652
2958090208
361386338
864344875
3386872933
2331660939
260383150
849845486
3386479694
3259111147
69709263
3298129566
3324425210
2382612851
262663191
3475017263
544816222
2438746076
14620745
3411229725
3475228937
52203077
1360280413
3174690552
3116733831
255086162
585143699
57371361
30534766
3074527644
3484195697
223236120
529998831
3358277412
63154503
2902993344
120522943
3472612157
3261829570
171193222
23705648
17062999
2997454298
3422812775
240211950
3098928502
38782828
538702598
3450965793
237055563
634557957
112971411
926206272
8293302
3483185104
38313952
16647368
17897238
595666466
737158459
3435105473
53289003
2359399516
184680009
362529194
1216372422
3353256492
2434834594
2924939667
3071516883
22720330
228899602
3479598976
3320185458
3104365530
202599687
1273062109
2218966315
17374384
3355377111
299553532
44368989
3322815986
2908743991
14813369
20895380
7213052
525397450
3302573800
1918494942
3155931245
323836263
2188832098
18592250
14455143
2758570907
588224289
562282283
235300297
3462790157
14344582
63203769
95470400
3463351708
284096248
2835514112
31351608
3480847036
3481143389
3437185043
419748595
3087622962
3326343522
3434151987
3359782706
209507497
2799732462
42601226
3361919292
3381591253
426652309
94282444
2834110778
3115624798
263098976
19381294
299501530
214921409
212694007
570869810
14525315
2869070092
2739374473
1474378382
424521816
632125303
12677922
2653132260
26558443
3472517355
2756264843
1163570166
3289126752
2515167942
3247177661
25232815
1121564670
2450027802
133642410
3437136099
2464234843
3067759280
3378609199
112125503
1346254579
2974299220
3410084453
2850051606
2825144382
1413049291
2430830149
3375730824
43749992
465883813
17570566
709980151
13604212
2942382128
3110925619
2649799615
3131493112
3249460202
62964460
3303831435
3037106304
83965075
3365135533
760405879
393211783
94803114
706447849
2940142860
233682449
345166545
2180796230
3318001665
297332099
58415807
3376069574
3306558403
3259317151
601970974
363875075
2974584526
3265677866
853753608
3291808790
3270295921
14720899
2791691104
366537459
2241904176
486087257
220069506
2754049744
41368175
3439666000
3437287943
159626182
238871708
2792354102
3344689229
214398627
144163665
38390805
2543799338
3396936917
3473125348
361681028
3292034513
3304560762
413714562
20991344
622073561
425139386
3307467050
419616861
3444503417
1042994257
14250351
1058376174
3471690556
322671671
2383796178
1191106748
88847720
31310935
3471983955
73690539
14622064
385771776
3161558654
170732579
336378088
3059163462
473069043
3471978023
433117274
1650919736
520602209
385856171
81229829
3430881310
3290450426
2706119988
3443829081
68941374
2432556426
20513920
3041429881
54082709
30629755
195879775
32567563
3053955908
155308265
3449889915
544041010
222176390
3434137623
329155634
547652673
3254629288
3130779845
1855241312
27073865
128011944
3458377335
94651356
3424465888
402995381
2973981663
2874847879
3238518176
1945265958
3436714379
38893227
449323668
307568512
2228101220
992224080
1122087415
3252022452
1313607116
278145360
1228068192
3371012293
3367997950
67311449
3371001013
3197699746
160628251
748154174
3369618134
3378943942
37028734
2827335540
3319666045
3171721578
3356559592
341560792
3464915835
49660310
11643582
3096397828
233095968
23762325
2311793857
3442420455
43678250
356955264
2952813057
338971880
3147589293
416548338
106746301
223143181
2696535084
1369904611
3162239573
3354085163
389034006
172341856
1113220272
15426672
3454859716
3039928022
3308175134
2327143925
3434485414
3280236913
76721324
3465781636
3106201620
1593523555
3276598874
609133730
154479411
404329609
624540706
54549228
171346102
1976837070
2400124081
53614130
3353989634
1140542804
3288916224
2911014587
306480520
3301832073
1684190220
22930176
2559579814
156157738
2628374706
1252436484
3313162350
3398143737
3265563950
3353816779
218179068
3238586312
29975649
52144772
144563774
16358185
94463
3443766557
1137746336
3430757031
18286161
268553650
1674127184
717331903
19379419
1123893966
103352796
164298353
3322383248
853629692
18294521
8984772
3312733993
43575361
1941442796
2233456661
3268571851
3461235796
211728469
3461911894
1618211726
75408084
58554160
3338020701
47324201
79481661
3429649773
111737466
23390059
3119132473
25425415
3360722780
3377453782
3328868466
2161144964
17659032
2873698013
3358393487
206089976
3449703803
2873878462
237300423
3458484916
424085109
3450599115
133438219
3283991442
44139418
265559394
2784599619
904800888
75643577
3447754042
1413297398
39779374
1538462137
3154144786
216497642
23610134
21900168
176198026
25394345
16027821
273236077
3044278518
3260725010
118015628
17538618
1480318303
62853
2165234841
3435154701
373429650
153233285
102727179
305273730
2774768281
381164715
3399011891
2302578415
3328044277
3234192653
559668111
2373275911
3458510355
3413214929
3064066401
2325526140
3297993851
360468147
3183319260
2732429271
369437613
97336046
1638328970
17733298
3295975674
757608973
370754932
534707619
3349655712
303946452
37967249
2854944310
3312088323
553781516
153376924
940954644
38183040
3360680667
1412739860
3387247906
1400161838
204716137
162062339
88801717
1569312324
3449575955
21000493
2951045635
3385103992
136781762
3455762535
2929968582
23711487
3407016501
523264874
16409697
43704578
3358048332
391973239
17115492
361560853
471219201
720562939
168267680
3167880073
2214405841
14120817
3312243493
247161721
3437848606
610713814
532137032
10569482
30221901
3302338928
3046901835
1073401778
3352182193
3312336090
80438424
3260742564
2226429192
12692202
238265390
55970878
2853298080
27154596
234770142
1551170100
71569121
40886500
48928592
3286115617
232192087
3373995251
3334249812
370713073
3344993233
166742332
2291584332
1323544628
3222109581
1366956444
307686194
475633062
1263302232
2801235949
3044938558
344808042
74706489
633632693
353254972
31308804
3300204798
17011255
3377907760
68317866
139571755
279373238
16176699
94499175
144680588
3437607543
3288617198
3285332084
23440988
3340326184
253218992
2320748822
3277774370
72082991
94269660
2797808060
2260753694
3351421219
3310874861
3349464312
3352986613
32030627
3413377977
3279906858
274183537
159516594
229255130
112894351
457602970
3322857270
3326443536
15822249
27734038
80275989
1127049992
2540305890
42107796
1532325234
3260656165
3158411511
2419553413
3404217957
42453246
459984062
3404400130
1397905044
61142283
138881920
3187038278
366641943
3450774197
630546696
3327553836
17288117
51908757
865011439
201670103
3439296076
60146503
3448670122
31734795
325058602
3101813051
3437008312
192251528
8392462
10258092
53983017
257641384
3437494864
3297087631
3449983163
2903136223
326394438
3414799553
32498077
2618978366
290177934
800904194
2866768404
2832986725
3449412443
3412445729
7948072
536789471
1167489716
49138392
60888381
129862063
2175028351
2568321896
144390892
770316313
81819119
3326322463
3279034670
277413898
3448910669
3448784836
3438605985
36231457
2456860568
3182318912
3326353172
429102235
3246184176
2504575093
67015721
880515517
3293959933
42065237
3344678174
636436825
196638291
3260358840
1923799399
3349619472
3024209198
3433584069
3305814424
226421618
20044761
3301042991
21005426
55203985
3318197803
2311127113
318847914
3445537395
21817015
391615745
737445636
3077882795
254335390
252497270
80838041
1750598048
3351826937
2892253834
50227920
3303725434
2472077912
113683976
3440352496
3321620424
20763346
1436729028
232156097
2431904474
2981755958
37856219
386724183
267074513
3026979542
3289960471
2321845172
2383179133
1545778440
3445672395
525323241
3444678855
48218542
571958472
16085601
3445992023
518399407
3347199085
2822294454
584487141
19098780
15020882
1415466794
260254611
102629678
2904064329
1717978357
2610934743
77502310
1267531531
21744377
366578988
456820268
720661443
2277847519
3324817345
434055947
347789045
3382845826
15631439
171451047
3260733314
2856478073
566009167
3138253471
42960313
3228498733
275358366
3160444633
571660710
1265071
2840874895
87791918
86330724
3301213728
3443627417
2594134208
65719822
3432406523
212779476
3144634849
239485403
3344023634
2513719697
45252994
1650656275
3284029442
14795541
540329550
219980411
2392640891
3191804096
3261576049
3102918135
175413960
476284096
879424908
303078208
205815128
449882055
214501059
2239516280
2860854468
14440228
525096401
3135582333
302285127
2414463087
31097616
2394864031
60801052
602357161
69123960
3094686773
3266519768
2504641036
342542120
7609172
1303864754
3340819873
3440394087
403496750
2834020999
2319034062
461717728
3441821542
589895419
565963146
3177771561
48062856
1928963461
70244031
2400643727
230530913
33405709
2856135538
186910139
3322028953
525562335
3320822671
320761641
17875527
376692052
2514393350
139655724
3439303619
429258515
3021565356
3313540082
3341469013
48035231
44507042
128613615
2393476860
119201375
3394146629
21567910
2407806746
3436932945
2870906702
2387438377
3327144565
3044948326
428117426
1421375791
3313710590
251291947
3424541033
3439990221
158809107
464438493
3293440658
478188227
423056341
111741170
52866834
3406171713
30409280
3230233560
1183701066
3390102922
3230995909
81935515
162879087
58719494
1084952022
2807032010
1650932316
1668581940
77035980
3062171275
1933822314
59135138
143548723
3297294441
3064389275
2376416174
100646428
1254981452
2941462201
838268436
322112896
2584581805
3404414464
145880530
3030029961
1525765231
3334407733
996775536
536585347
229728458
393644221
3432190049
3292813807
3437935535
3426945442
3217103686
2481754084
75064285
1238336802
68861227
771930289
2918322311
216075110
267872488
179108937
179502949
282883769
3337912274
1468131877
37306028
3337779792
9983882
3059362936
3036385974
3433147966
323257219
1217729756
1576245397
118440814
193520923
2922065105
17184892
611869305
2510096911
60134010
2213694572
3313860960
127212764
27326682
132970587
272730605
1334583296
121466351
3436723221
3304515847
3439039689
3336926059
44436822
492578281
3179653018
20714911
61887723
3412319128
883938781
23973199
2910086807
192523873
3384026369
301631818
3398917101
123081409
3191785183
534346270
18896325
3437318860
3290881836
39959518
243182888
2340907392
1268060678
99900226
1555391126
239020865
119637571
3337370189
3389414243
201612783
3325786537
3335412912
35252672
506385123
3169639247
2959661052
1089141727
153344633
2578087267
2785813372
1484274906
607257917
93514521
3438727119
128835218
3428485523
3329911159
1395410916
3302972774
3331982962
159058868
55339637
99216639
3333592154
3391004296
374627476
2556073246
1278238820
1077456648
583000879
3420662014
93971042
177091285
15349954
379851876
123309116
178396562
67709826
176512542
273262982
170127464
20909740
389327081
239828053
440059852
2812436106
65348578
17299593
2303011783
282837420
636762798
30648890
3313759599
519768006
246478836
230902067
175576296
2993811344
3379290622
357253168
3294586798
16611899
448689028
3415954852
33191154
237944755
293401163
422117971
382675234
282814629
41753634
872657154
2390244901
3054572504
2605460820
978871009
35907926
3388759973
371000621
3095797629
476101139
2327485924
251318294
3102283705
3316263468
3337504191
2591759100
3289800926
3352046151
989433727
2277855715
2862755320
50776143
3433516145
3308710124
3031836615
3350926665
2472897936
537408588
54838357
2277373075
1051453410
2956617263
3432524111
3040213676
162633368
19760382
479256797
46870899
403457264
821512248
139906236
3438190899
238961055
3329524453
2158815576
18564373
3401912717
2632227952
3423658090
1330582105
3329229853
49346476
763399027
32611399
432876804
3328240704
22008638
778287518
94084413
69648081
17089843
862485715
99590765
946454228
21439280
154677667
212510794
959373859
18715819
2427147888
2855404758
3164455106
137549708
100213397
36077980
3434378279
285374946
114945980
339580006
3322523683
3085847797
3437982765
36499048
22141824
1094774815
1056469608
45551801
275047073
297635890
3428348177
281481869
808512841
27436709
249598747
3429984838
3328681537
2731942277
757809870
614410006
43496093
369367702
3436917483
30957556
3128187117
87938160
3115429949
1472615648
52519787
1597152176
394660032
21469462
3434079251
190778353
32526233
182976648
3213284363
3319844616
2502749938
2304821178
1061027550
776624490
2557981009
3422024734
3328123212
2420642140
3308039732
3314213214
1450255608
3437637647
3042780716
356433831
2633886335
3162286867
916779067
552683474
3061567905
14612221
2491782138
169974525
375681337
85791074
290704854
1376143212
39318649
16888299
20123056
35673267
1106591402
3222386278
3437494047
3437424555
241795907
1574587976
107720961
124660593
3125027049
3161034824
608070928
74768013
3280010282
2471547474
852059953
1511432659
2891471919
3318132127
3051751745
3436007955
119613543
2432887184
2913644208
29672061
309568680
877639802
2987942216
1253105700
194922422
17610919
238376288
14958982
938758591
185028423
7610912
499071448
14541342
371173582
26389774
2801845854
100078749
104440436
14271496
1909963226
3298077511
3327081055
136208270
3193678833
168971672
22406619
1206114380
75339587
899488220
3186949152
33465187
434078914
366450457
116519735
70704102
334550473
2516329320
2813750745
3226272384
13520772
81763257
84760400
249987067
3322277875
59284258
38492687
372233904
3436615539
3100650360
58165038
608692903
1723176026
2999611426
3165753237
2742301581
78635783
116936765
1076798492
15068800
115961253
3283738363
953767825
1235503998
2285499361
3436661745
123221029
3305900960
176624339
285548342
732330728
39818762
301595063
309269890
30392000
3303072953
25883756
1704900685
3384812392
133089199
193034381
1476713767
351532009
246028249
560533852
49292073
2797620423
482961466
3304197811
3115822420
96793105
44868908
1555829149
422192032
3076158250
2157408737
945397970
3031126898
2231159425
348326842
3239071156
2570847545
86558221
3253454329
361806713
15336166
1257878016
58305704
3177800704
73088034
2713113798
92042507
3301793346
964222568
177475644
2744690558
3321277532
15733657
229744615
8218622
14207613
3309938786
1947887006
3325512331
3223429014
3019439011
61170714
54732012
2758882065
14965779
3436251989
3433370309
2428651937
15692831
1652834388
1868854182
1631409794
2675924396
3430850392
287649104
2284954620
292153091
1442476926
2746690777
134207391
187242624
3222827915
177738699
390942836
331784142
750296658
2668317289
387954159
15473094
2838729183
3325138663
3319362848
3121139029
216068050
2242579575
12566122
3023170634
1267830085
72609342
269436285
3434657331
2900846749
129804481
1291421406
3291515837
798371664
3324860437
3291906440
457483238
822311893
9736262
250726190
3345364643
3400734585
2488711933
66381288
784983817
3291521539
560610117
294023481
545490235
1862138570
2961671339
3429828399
62058128
2792117958
1500565177
223275575
218805872
56534631
714846858
3324695653
3324185233
3425371253
1057214587
2875681427
1510748412
108083837
3309311444
3116713424
3155477008
3435618124
24006238
1371425726
3223036271
3317255760
3007999155
441701551
3435553636
3434745101
722767046
349676470
293799687
2807665274
87906794
339139415
1553199366
3323856192
3433538710
3210544313
22791435
235559055
790241755
485343700
39630473
2239010184
2813833975
2909163839
345039699
2651319205
624768683
1133500231
89316807
186511872
1342987657
1259570947
445727850
1473937794
2741025613
362056337
3435227457
3323835288
391946751
174611935
2572835738
78262154
2281535719
524191554
2922688495
65856366
2647731086
3433880073
2838131234
2912071952
2873351311
929131382
3327105177
215196007
3400851676
373762672
272090958
746549772
1484617496
93824859
629767635
3229607090
3000407629
959827207
533987027
3323422117
1051659931
3434723391
139366333
28223017
199713957
727604407
3418767107
206705261
2562905656
2706457374
367931855
212832047
16106501
3401811533
71222615
17690382
16006776
85183097
3319514696
3409942079
200646958
2759990787
3431923967
764419098
23220335
500150554
3395513787
1619678425
483070331
403844950
337722558
37841300
168659217
3242103667
119512607
199738067
33278394
847550929
257487166
346990255
1527031279
450290026
14303835
543856590
55025510
219106801
83692163
3434751862
53997424
807106752
1264863668
2626757991
2474900215
262753644
369797130
67888226
37481098
2349247831
53307270
611738858
220634084
36885227
3188181736
200912405
3429466223
1019528840
3162876080
2166767510
3301836085
38027810
3270288284
3045403381
2234166222
2890089072
38364592
3434480038
2865573883
58624900
3322502694
3298691905
3280658450
314783228
1665671682
23655446
29651586
41650712
11331452
244460944
2836881787
26091730
629402178
515173557
3434295989
382120127
56750511
1642743373
3322447700
411374577
425171345
2335991214
603695863
701761154
3333734218
3434195711
2907566109
437458417
3322174524
46415430
421975177
3434194858
622229148
136701943
3321427902
104033068
5180281
3432726431
25056853
22622263
3217607114
18265944
3246095955
1709840598
20197804
2906067354
865890446
206983611
495243668
1648903418
862023020
2992180999
51246074
3321589046
633792125
3121411887
3312563492
2684389098
32970076
3292363832
14600808
935085794
1330796886
481644972
55411287
2218361545
46595594
180400307
1177822908
9806182
597749850
3318394279
3339524230
30025767
1326226236
312595190
313873444
142733483
3321870396
3321775069
363104067
21813076
426236188
62558873
532459068
2645681856
2974096277
3320981515
3315184194
36725942
2526190475
3432165189
2480290129
2433465418
1855188482
3372853438
3428715683
295361567
3433467467
2528163092
3549241
97715857
3354212255
406924118
136252120
2874381892
3318243264
2326232018
933686514
3432528543
3399990555
248173212
3315585240
3432096305
3430721799
104000659
1260206677
3380380541
358980308
38061118
2233933104
3092460328
39363578
3082611705
213273067
2729797889
793143367
2921299246
19561724
2677925341
26890095
2739019967
2483145537
2988676979
365479119
1402297836
18165383
3433172957
76870845
3265136994
3423775439
256187335
1193332831
63533720
367970685
249029070
3321665834
43506843
3091413365
2797810154
14244304
116342802
105278116
2904710106
517788175
361421429
2466719509
30728963
373985605
1599086982
28800542
2753002737
173002106
361571582
1491074515
324239745
2837917114
1183886682
1137519007
3195742755
1122011330
162423402
758983927
594463595
3320689626
3292757858
252372619
3432846557
2617161296
3387604414
1172024492
3213810209
3432818571
3398174956
3375753592
176036855
158575452
3292058945
118152476
47038588
343497056
460429243
3362962318
460444149
3397366463
1070596279
469175377
3432812205
159327192
1298041633
18155640
3244130356
616814074
3417819147
2814422552
2538236118
2922817476
2437163727
3432091131
3432710601
154911270
707809958
116161759
2358208392
3432811996
1332408432
122975412
50313485
146058174
14437864
563380041
180490276
1658318408
3429697163
2748245560
86129551
3431304977
3359213098
102724024
1207654543
3309364097
3321242558
292236757
82695633
3368306663
518463661
130942729
3291156154
3408027747
2347521550
186260013
187136161
2976334375
3425264931
155860954
559031801
3252046128
137673356
319853621
276097034
3367390691
217230357
3432549088
18335038
3060157759
725004266
39746426
337862644
573488404
3319713290
328346897
3432419403
559435116
11678722
809560536
3250748712
1633280276
1675310659
3309883794
2573450695
3313052156
286934771
162790292
1400179284
3317183438
243316073
3309013260
363323985
1380809214
1323835310
170427883
169865526
198071589
557684241
3286984591
932401406
36594999
2952869499
2954890896
1944161
524394697
363725854
3140043233
16645841
305635640
1066782565
99038633
3007593127
3064890273
3117076964
371996934
203973623
3357560801
3431938277
400303365
1898101008
27268324
354730366
1599284899
529628035
240057261
47406812
1264957687
558803548
239131359
106823083
468383798
264611026
1855908632
1595698776
2396527736
315074869
135273546
2237355876
468383740
3426221500
248959942
348719526
3108242312
1064094408
80455185
1365583117
142998685
799982304
2240257532
65061698
85390167
1467910801
3160034604
3181494469
560694504
1534974769
720891987
2922057520
3018160044
79819004
269242123
81754390
1521996379
874697442
219422415
40912054
2216727869
91378859
323555778
547167701
2569180454
67939053
875938424
3162613003
3430408797
3431291734
3296252059
106110775
261183687
2853675755
3306508335
3099965989
265672423
54106197
3395201865
859528597
1435547138
333804974
3015999426
3317512520
48342900
3313483352
22054464
2288806909
21686643
135744950
3038048019
357604613
161526110
175367394
42951639
1011800106
322866215
3080010801
282539122
3305223319
3316053552
1569870644
14144359
40693079
1162130954
318169040
235567474
1364506860
379721207
56085828
3318994825
3427986736
3226808700
3104826008
296611752
3431292190
1603074979
40867153
2785035636
21718306
2304943003
825029118
14525080
3291680086
16491645
15630033
896791448
106418029
1087890758
170165654
2997858941
540087945
381142691
2955342201
208341896
2864895627
2601363936
2654127769
20344580
3310246740
3302736296
3430921217
46690314
1687498885
460872204
2747478956
176954452
48381356
3367613710
1665904176
22225828
3430813829
177855752
619163694
399761748
28739971
2382212760
829399459
459758065
3361840997
51575558
3132834534
3319325635
828066960
47169917
3303546409
1569208843
3315315156
2384053374
301763472
3304517006
3294406795
3272151762
3316013038
3398684565
2580228138
3068405357
2759164231
3317087340
51189185
85234955
2850584741
85263898
22553152
2834909338
46476526
34246132
716762766
2789744765
368612404
3288716421
1002563316
1113702811
3319099177
608815317
75302783
292094897
3309272228
2983514761
816597541
3421722760
7827482
772354338
14609702
2741257939
425067108
208425715
236090640
3430397271
86568010
3306783602
1176953474
339202814
536793087
183464335
2564277307
3178035350
290389530
2897739174
437835040
3174431019
484852369
3414900574
46145761
762059756
3318731628
161614500
38818457
1534115810
858398791
798681847
342894853
3313485508
351637790
15005448
481691873
1364309822
3429963849
1606313246
287669356
3317040842
3228112337
21649240
2874436956
2802506035
416081255
3425831835
306759057
1650037706
3385759666
3029280124
3024135280
24850389
279423529
3301444252
3250911062
3240500323
2891287097
301388339
3428680455
3059620495
1078144819
2810965988
327231329
1003702188
2694910630
1907767844
3423662464
333926950
66103669
3333678995
15534820
3315611053
2851051809
132631983
3218742598
127450391
382460002
747459008
1257317714
623963982
559379913
1023649908
1672212193
54411059
3378381821
108507982
2286461898
51603994
143513610
3008984630
1261996278
95504545
82941951
2771680947
14552977
3191845205
132033890
527028666
96400940
257614106
16520444
3194499300
2294375653
383363099
54758590
3318202166
3382585961
2829379671
293018476
59924983
313101613
462519185
550836420
2382876230
3184530703
393194784
3317441828
1694581885
2560410609
3375552357
65036724
2328992087
2491572774
23384037
3428492219
302249694
1379069004
427697583
122774214
3424505867
1491934465
3318051992
3267261476
3425797191
2360225258
3011217873
16862294
293380417
27798777
528661404
16873928
2149329072
48136745
3384662818
3313580730
1428544352
3226411001
1313679012
1135346209
2840697915
3165354795
60185896
861623298
224756432
584027374
1568727768
19168310
2517036385
244705467
390977534
490759234
462940543
1602634578
267514758
276261641
3148325558
83812881
771710371
3428273393
2985995667
1879891418
296846735
47622775
3346563401
1645379942
2740190871
992704920
3315451173
1585602998
301389570
3345658937
982302666
2854402184
2791787518
617136267
3310963348
2302583172
194272331
2888737201
3301964829
7038462
539496494
7074542
3272853829
3427717697
1969679366
608504542
234085082
329563859
3194978594
3403375965
3419634879
147555087
3417965811
3291489809
3317398417
1707540787
723599935
2970110505
3316440901
3072028381
20507517
3060591415
2366712235
2912009944
2167342176
295631242
3311753070
553548641
220631562
22234901
3303005760
2752524764
3315722611
2934447498
2739035598
3419250023
3232918674
36593379
31515551
420625101
148967432
26129472
3317201982
55891287
369236108
19374348
1316807400
32467917
3122952401
3280374516
3423559126
89059212
353789780
36243829
69360188
1233958321
44767570
2827763187
165145718
150766530
56234836
3056702320
373776125
269328160
7158472
3317640065
2604717285
1239991514
433657336
37222247
382661267
1710898333
83916401
2884571249
189934325
101359954
46950766
40859668
2937136325
39325852
3316940838
66293247
61438161
2783113052
2202832251
1446962185
444805737
3302687310
33318816
71846012
40520251
2894350560
497769478
60184356
2597217727
366727658
3251267893
413966262
72427553
109812145
18860154
449186239
602962038
3317067637
14558384
548590251
32358352
14638910
108614031
114814700
229954617
1333185703
15985390
96675328
2854962803
545366127
3189618919
361866884
1947046244
112745928
3009297997
16887883
2435597347
3299186390
489685231
152742019
3410508010
1511092544
2822833708
3425072631
268385888
195524783
50276314
604234373
351894868
486714259
3246351662
2790499620
14732258
3423405977
392979001
25802196
289279538
342601720
3424941053
1214357143
3269483191
239901484
94514544
3310796360
981802260
2869461771
1118143898
3316292690
2796113806
3363375291
3311573959
429183866
108825334
1011970993
525770874
3244880600
33150948
342366847
1605084576
2519152080
161009171
376718454
34586604
2786319201
484111217
542054530
796148834
3316294106
1653573546
772801723
310008882
932439782
3316330195
2935587658
380116630
48831199
1118203507
1863791533
61579590
3213749063
1961915136
1605205380
2978568177
252349810
615568135
27505598
357137368
719595429
3408726177
527945473
87033472
449776775
2955670308
79226596
3314539933
1644427693
3292679881
3235404678
872692062
3281839382
101816634
2863420415
3413434109
286788278
430326113
135273000
80250594
532059165
2256770996
266372300
3312595460
48112717
16136624
2906428248
76349799
3299649334
3315895280
49733255
3399107524
1394345876
3011980145
3404860985
3424013807
3102975432
2265260600
2832562209
331683809
19624779
24094125
3244888822
3423853053
21994434
50612543
2698364905
3299252389
565824620
3315742266
344971606
1115598769
141238634
21474769
246202504
351248683
1093058719
518760679
3421620969
3315629094
355830376
2705560693
1897291316
3168452808
528350701
169375693
2777713992
456516646
1372873177
2566545696
43497729
3315388560
15458229
3311887118
3303875484
226310002
1293554672
3315621979
332620391
71381536
55143897
888007333
529034849
3301226543
3305730026
3314981510
72569323
3421032934
17342267
113535345
370067810
3245466343
579488498
193477525
3420591225
3315453842
480569008
2877145463
16787742
37477767
1622863063
3315242636
10048772
104205235
327010549
384632554
275376860
151621526
338513632
3421285443
204336638
14947099
1891328004
1621192446
547081866
140146781
482013519
3331332395
522796032
44381725
2600819294
598591481
1871127182
