2737629646
65616197
3197833922
32542309
2315461052
1135102148
3374769712
3104659456
136751594
71164791
30630759
2413212800
15532089
3974143947
1558209158
1295962356
18903708
100091865
3045761208
2798692570
3521104456
142361370
2154609242
72395889
2724020781
3259672165
1295554208
3956944997
3609644969
3915098179
3804297256
2169977191
2860575862
35588815
3972707416
3972715762
1077184352
442985030
3972636022
3914411112
3280921675
3914165832
3482122395
16362865
507422566
558900310
3918180459
1531018764
3957396815
3631610601
3309014172
60499732
239781907
278821515
1482114248
2782479727
3093727023
15287804
575695942
1578346836
2984983712
354206977
3970428862
285153704
3467677155
3236795838
93601180
68172100
462543895
3887764993
2798106206
2861545576
3824793193
2272925522
3274584823
3910936034
25745737
16298988
3868673952
52157111
3260179488
17405410
3396564892
96996144
242809038
854975636
616557061
420914039
534118925
3015260908
2613829614
2750465691
173510936
88743606
3893600354
18647952
381150907
3677187732
2743719569
19338407
102822399
17720475
78077986
18335849
33761909
3742418474
405315684
3487979178
3879740056
299265449
43117362
130324349
3773956812
2460137257
429542743
2556782768
593479560
289345767
3590673500
10388412
3904595000
447088890
83916175
846140916
2931731968
305537882
119886816
3906058819
2420655553
2998529199
3305318264
42873891
16295901
3019880073
3225988556
2834860254
64535190
45176264
3903258572
2375747552
3664994176
750784176
2567478275
3420866878
482009351
759965708
3886963333
3633460032
3949963240
226111262
91564916
53021876
2233023662
113373717
71184703
3955856668
307275563
2836965114
43700419
135940445
41428423
222823896
225479464
15741361
3902547494
3355282551
14825304
3902301265
1055747912
173116096
3049258430
1338241290
3958516403
208044661
633720523
44200642
3462476960
341381409
366423921
102116445
18506541
3815515232
367062013
383406867
357735981
128643510
25889844
212113073
2263721766
199967412
20850412
301144628
3894219252
1042316725
2417898240
2300596399
5855222
323811085
1478204994
1253308165
594426015
162448122
15639608
3198439335
3034758652
2533017532
1953728359
15830428
394235648
3895861758
63918005
139035132
3344640159
2492828879
104666649
3892840179
57245335
3895436053
188761603
108843693
3857627780
2840108745
378162144
489038445
3929752343
1474380415
2900971913
203929059
2473684992
3167117251
3356421927
50020730
120058741
3111434915
1330281542
2911173552
59060375
1169024479
2954756295
1928849971
535746624
1416188838
153099966
92899726
3946009696
981357366
2992531868
402556403
3724275560
20203540
363591714
364795382
98676969
3869757138
1601935080
3694983620
80850739
2611948414
3074640657
192144688
1219326799
282511943
212922221
19301516
2679856999
550517326
298187426
15415573
1939893523
812476824
3891011413
339342164
3686431216
3195317772
233531181
3422883357
1223750659
27646115
461149268
520618547
378168534
1124448180
73986605
3345969520
3307016402
373340266
320672915
283713025
3897192033
3281683040
44840520
484186726
98739676
230534882
3409622614
17224151
2415944257
24038627
115517300
112446650
28489497
82269247
3795955814
3394103410
19374296
10600312
3231991171
47167517
14212814
296006806
1727743782
2495548688
287343530
15437228
3755500757
1536775429
3941388675
3015645927
52555070
363415048
288196755
3185657160
2986050549
271608505
2863846484
29120622
3381467555
64357975
3950647533
1775837797
26125051
98682070
563121727
88547503
2413549199
459661704
705012588
2370948594
434053855
2811081559
3949245869
3433044203
428468132
1895168040
621951629
414664172
3949253957
3174242093
3918337703
1021734138
180318842
21762462
551416615
1493954251
328083867
3408431295
3420881980
803117388
3920725473
285650763
3025318960
3300985042
405003486
505235336
2871695903
3941721147
2485950907
63514375
275328099
68435020
2325807152
3046542626
3567428355
272074633
2751959893
3291750408
3882103034
22029336
2449585172
3936995422
311958209
1355048880
3354359481
108084293
1910700673
421254656
14856014
19504730
3871587688
250166920
74478487
134557390
2475902672
3304992348
2415383562
1626738194
113779079
43567089
8307132
310498065
57443884
221781360
367866433
451535967
3946783523
1649712348
16917130
61669868
740120221
2746728698
15247056
1137415915
1331782074
1488175981
622749954
3040719559
3470992407
3945870742
54755849
2886267200
341501420
1099825316
629152238
575299125
238746771
1724176448
817540566
75179398
2558732964
261854363
23068313
3375552975
2180222316
581473351
3773957117
730398362
3515687428
3233803422
6258952
3445861632
2280389833
3943977952
23176683
1680874141
20472298
279892554
621730493
3877255633
3296032031
2657745688
449465447
459657161
3937473153
2874459710
755507378
1172029789
34661458
603293151
732657002
134557061
2403040550
22747359
23630851
3875207533
254105837
134165660
216879129
152905113
1028770772
3875885592
2291486078
72036722
1009349773
3941741656
2536513885
244308908
39807414
1922003124
3791111059
1532152302
29241695
3313393734
14462748
135706713
364881712
27071005
3422087715
2436397386
3171755083
147426736
622284324
181008504
25991126
16989576
15241325
3731462615
3432262354
3579052280
325572320
3873927072
338785232
344365208
153979288
473186306
419065816
358750258
375115925
17571706
87664027
445312352
403899159
37304419
2451278797
2542503044
62404016
3302194296
221890528
3938687363
3236617665
3872667552
59423383
344883182
3871237392
631427034
417455401
65772802
377150075
32420148
165350584
3872390112
210790834
3490240933
21710985
3438959714
3307128646
2351974118
66750196
3845360541
32242106
906948415
623103129
3022497853
1203222398
442935989
14536694
3939034643
62253573
1021428362
2479443291
314059056
2981100483
3831099376
31042719
10498082
2535435286
132459909
105319657
904443374
787253672
321636749
3423565814
2853880508
3804883399
506982833
434633418
3432919493
3927595461
579182278
3936931289
42837086
330863752
3936877103
3893244562
27438115
468424703
25684248
1671873871
26797884
2189904523
3935997082
151602116
3373982026
3935735560
102766870
3935621303
89467671
313384822
2155493187
82938759
68436843
207259060
185218170
2943235949
308937537
18011974
477964317
2644356140
2316403670
2177428526
3382757765
3100696340
380271252
3853200672
39509245
3864475992
3318495523
14248567
3859987332
474326999
79512466
3043725815
921094926
24691888
998136404
1146930780
471168466
482656740
80714578
3931069697
1102106311
1472550284
170591767
277119339
3916829961
3806014521
3502384872
298968165
88968372
410293568
48120152
30641103
97787310
2768557979
778179518
1965460698
3008774384
2945438671
3417948820
155948112
498514155
2413115391
187843750
466847318
223405836
45672421
800943836
2412400999
3231973286
558596800
3779562675
1101149352
80137213
1519185079
991542164
31574360
3710158753
2746788146
476072716
38180999
2362865299
2981642903
72449405
1252340444
632286279
3929862815
318359780
557177681
3310817100
136041145
3321694071
1910791868
1351515072
2155100569
152767872
9999122
2925529149
475173117
3322045946
90505990
49711792
2979575274
3350674541
494229063
3851232854
194054817
3901293977
3925287736
718426036
263789293
3921102561
39976543
3600054497
2651507672
1941074538
47218771
1692039991
556982008
546839492
45985027
3676444336
2537568930
3928044137
991001185
102621136
1406081484
23613335
1880160673
2887450357
1316476980
1189407482
548967263
3919159348
3394496014
3275305495
54573506
3892891168
3857196853
857050009
1695098623
22067261
21404761
2763807003
1958785394
300365445
3479570358
142732782
2367247993
3267075746
3882182315
1274698326
2721414512
1657805731
3077683485
14143705
972970303
85030170
3849604273
2432842285
18821920
60010032
625237194
3071935434
3854656879
27409514
3921877419
450917512
2787056830
2488637047
382358305
861777062
3841632019
408910325
2836657343
2886055961
630507252
94608844
3845422152
3852698653
145224667
87231244
1945469546
2851574050
127919369
246320190
922405627
765103171
234949081
3559568121
3250999674
278419218
1413725664
386504549
743413224
3232224121
57494108
253922572
2924528414
3295087299
3269386135
208566927
126449198
321295816
1082378004
289794441
65739886
2273688446
20028731
446745770
385522823
3918891796
1523728608
3046288273
2353661366
240936498
3431101654
845922648
1496655708
15212598
3036948807
1596354500
210754913
3891305356
3918359057
3491125875
3309641368
15230872
3291487621
97642414
603825513
1434415682
455456933
398191156
610649755
3025553612
90998682
3345794584
49341075
3351066273
173502241
49534741
3260512249
3774580156
3037224874
2151011012
3838745784
53663816
3356091863
143391731
2884237485
3918893458
42498382
389876627
3101593585
3906964882
43678557
2525345171
3054784217
57234629
249053759
3430442073
365127357
754121838
79109310
95052078
420106243
3917023048
3723378380
142648234
2885070484
2164400918
2787007400
549262068
359440234
174863459
388412704
2231482862
2352188162
619310692
2461791409
3194557039
738141714
310523004
73586969
3683083579
543777874
2809840080
3836045954
719208975
3239377333
13875372
2834271270
611351401
125564109
488238834
3438934214
548570014
423798136
47869980
3843020412
100062711
572079252
411905122
48753781
1411163598
1445378125
51490524
437162232
2926827587
3777495077
23679682
2830129717
355175389
83581072
302794297
583061670
110008952
931759778
24414477
3882602123
218974268
148880953
51469891
329625440
3912617547
2900692190
285191553
132359509
166792752
15937232
3912470717
3260145858
3299108525
2489563520
3243915862
766309208
164306315
245477029
2704647751
2338687106
2305252637
66190747
228251727
103209945
256626308
28506818
84049099
2272594200
630401453
1119934734
349834887
114708614
3837336793
2587118162
5557472
2751802409
338065249
364826096
228121047
50100050
34045488
354955457
2606084735
2903566159
72785385
84918170
184742043
66602929
2894301796
3625246393
179999624
65442768
183229295
595515157
2267210893
1572016927
29710836
1303168188
3892731532
598636941
378181222
3224396986
3815661563
1700161200
120704089
839672215
1545108667
3908158341
3904785975
246940547
3226193409
2443410768
3704438355
3425952432
3243408948
148291630
1348786561
2925826239
159873188
3351754917
1956510703
3833849473
3883110863
29851962
321518082
2279164310
53877775
3266998357
207949236
2615808644
21939404
1008401268
3889264457
17739262
3832843454
23435889
2199421213
1289527794
498010384
3733671685
3182406042
20404020
2576727168
3832324993
1645759632
3634009393
143229412
75050043
776255730
3004282535
17310043
25522597
89726964
3617165652
94743264
271608479
992316384
2957782400
360886727
2365927807
3903539903
145315785
3895269556
2997103756
3829627754
454792076
193539984
3856337663
229039927
3792390613
22342728
9701772
3893719877
3641041514
379745589
135835983
23005834
15992997
162752848
47681870
447124855
2327105630
3864249027
3828148214
799341055
3317927257
492071385
2297191284
412127315
326569951
17404560
250206014
905100980
705624852
318840578
26020446
3790608016
1852854325
386737223
3799425372
47527108
820292456
2793877607
2706768086
224536645
1630963112
2744863949
23628320
3189750228
49831950
588413377
321105875
391048920
3246232475
360245206
68188573
2361502266
7696142
314098481
184126783
3395062880
277031817
605439115
227576902
249662352
201410270
3204672276
89603579
3328312909
348014384
3194851664
465167998
3698759553
329283942
46494315
3893426001
347122607
113496389
37005981
1120134416
3303825147
3262909734
36412735
1638198157
3406395628
197721683
559868212
345217262
339648865
1363096140
359855204
3004059267
3801004272
3424648851
386216412
2585228592
224153949
3307088713
1259415295
1423530120
24956073
3851589041
9997172
2298261024
404431059
396401649
3655167099
361692788
3299249581
31119393
3434121550
537129772
3890961634
2478367794
2776971643
3181583294
2587030566
607396480
3893886471
2904839648
495135623
46945219
29245554
3236473574
398762324
3875954597
1279853070
433533524
14250092
3896243794
112331631
3311138977
131995807
293116673
233826832
1181650561
3767361073
3873946475
167567267
3040834258
2386401674
207162150
454999410
3248950766
18742516
363061612
3895276395
405912499
3895178896
2548377265
2976951402
2508885517
3665746218
373978495
3729093863
3691473555
63081024
3883607116
1869455748
3809186534
1628058392
55944647
2605025917
3303957082
2857828582
136647900
3798373765
118595786
3072688935
2973520959
540951574
588097273
1900623344
3692364556
595932741
2272110182
198237069
200761391
237826721
40851879
17511721
301873390
18624300
2659010030
1560498036
756237486
16426842
1246346827
33942811
484347849
251718499
424813935
61092269
3804906556
3139990527
184938440
3504052462
3330058714
17681538
3164764954
3082530880
3882209206
1855034731
2338658856
272394029
3178471711
25131105
411237702
2982111287
53807733
924666649
803302783
3432114280
25914391
38185173
213332524
1039093591
156751219
2840864338
617935968
91576148
151920765
2788960748
76487430
52193676
19774713
1737465120
289440853
45085036
1354222998
382693585
144266011
3883158453
30331673
423714423
243364905
3308565738
1690481640
720439623
83309273
381613152
934862546
3232225829
1410037026
171246613
14761486
257944766
3784666453
3127429775
1357697180
587709691
3798154157
2880960780
45076515
3885141275
93485975
33434897
1470920742
2380370778
45830839
38558459
117562261
242966927
3400048318
3883961476
3309094684
67090951
252552200
1087442300
3716374034
935367932
3515262013
26835961
714504156
3742567152
56056203
191029330
127247021
3874756049
36431855
14473810
169866064
3752510302
279668772
77901568
472600730
1122707869
1273509740
485689801
2973643373
2776318076
3120879683
14321524
179286234
3087494229
3801754032
168143004
184761547
2317288887
715957357
169548846
426088503
2321250038
3859910200
325966638
88891158
3028420314
2863640093
484158043
328882474
170012899
18193471
207610681
60126766
89956881
381765189
440236000
3316405986
3798266114
84356131
184102282
135663068
16639501
40272899
2709249717
855146322
928074145
3309259085
796405370
3258832058
37486328
1390955600
3383243823
478387639
74730069
3018191752
25960553
2826826272
499001419
3794662219
2745729513
3873276167
2671928247
50877900
214882679
98960474
272702263
380980274
3871279762
2639283091
133565715
1472177582
29454918
68460738
3790836013
118029266
7383812
2998428166
3841901482
614439112
606654801
22317396
88949945
3150341081
1520876839
1672868605
287836809
217327843
231670475
2578064034
3653485334
3337959100
993317605
44024480
39819991
1877714197
3325492705
2981710155
2891835258
316670386
727401290
94798886
2708002033
852105828
3823988175
64445380
206926044
3786277752
3096787554
332323959
841357063
198071793
87777155
3839328359
284821930
712662572
21548867
61543490
2474494112
636401860
14398520
92720364
1266345439
491616754
3783799632
19066979
2549907362
88477252
3136820945
55217121
217918623
3720574094
536250731
28275700
2707523672
558043968
3700182794
2282219671
154202317
88032980
2346024698
77862478
3528016516
63694689
14998048
585812121
27495372
982366771
3861470717
609386367
14273010
1391062728
782679037
27050632
2308276475
1912447237
796319390
262615076
269781840
251944622
469066019
2555712373
2787214824
3019272289
3778026613
584384423
334818222
485986029
436300295
17083465
1565233902
373663167
358481934
3776805432
3858238877
1029281617
126610908
1245720475
3214696205
3857863757
3013611330
3833300199
534350509
2913996478
3629725575
3113672183
754112204
1021468784
380675525
207833474
2310795380
63206710
18279616
3294120218
58766172
3740873484
2306888372
40787662
28479136
3196876769
3808497856
75991774
75878341
271556430
161634827
2167211394
2338311576
541083267
1159725643
3166110900
3413709898
21781630
3818015309
848108100
372724032
3309452227
57664105
3808761855
98776014
1177487010
2574274664
851296471
456550357
635568207
3852509127
1377240518
24963304
3390194535
2992432405
2962006185
2536551409
146046966
411777253
251791068
3534144973
3370155072
319201442
1587245707
39710086
3152030307
57074355
242595512
875015676
1911360372
547840318
24238179
3377846199
101793961
19121816
1716251990
3308395293
1122225888
3845806761
3654852616
2536539792
94192800
18398413
18931036
3197935499
152282884
2867227541
520561595
470008425
3316080738
66209674
371524426
1142909978
619734826
111285228
1836596694
221859230
3096556656
171984604
3019396454
928752584
2689176636
7610132
26541549
2736340180
3253143813
2192369016
597041731
467667813
3738573330
3155766745
1586784240
3834869902
3788398577
3598974556
3245045499
23690491
22220500
3842082557
21193807
1366954560
636029138
424522068
308940130
497783466
2247410046
3283863271
2496520934
15705244
2833525729
2755306202
3832867276
57114897
3747842362
3067706306
2828398207
511396785
21774309
15292715
3324939503
3754581914
3394294505
3626144299
2797057669
3526077496
3099179403
2420651353
37382841
2153473778
2377597890
373321090
891884617
3641917637
2465105371
3750123077
2932826843
395109391
3696130285
18109734
2838459824
403841275
2444533100
494170497
16497062
276041104
298829151
343876710
98505749
3306083373
3375731957
3214764447
1316932488
2979849539
142225489
3749765952
417629884
2204733273
233380452
25168638
278707092
2955334919
3688288817
335147005
320085664
9427962
3483928514
3748702280
52346179
313331957
136683821
3041289128
613676414
3735974955
3247823335
2718581183
64381352
3301519894
228471857
3293721446
450778886
113037593
14242462
28763636
2757748766
3625311557
3184332956
146781283
2485418804
394735299
166355725
592029774
2744029894
144443714
3828873857
3742477458
3731729293
72117564
449209451
297125271
3740652132
799419001
3698084056
14970711
3827808502
135584052
2233521618
3422288632
3826876517
48876752
388997652
387872013
214302797
3589858933
393670553
1108831704
20976781
3311905446
3825972765
2786002634
362725041
67276179
2470137588
554816288
2612565050
22933296
325556445
3045138348
48885883
335425134
2925269800
3146047382
2947664161
1069014080
80384055
533306814
80091547
3603407654
1341145382
146028252
205127212
2519666666
469680597
3313743021
267008542
29292547
3709744573
3109390318
3820865896
47583894
45632793
336001630
245205467
203757566
24089852
45039721
2242834957
1608965802
35937889
30603075
1679592248
31125992
3417833763
1461414691
630965519
230222008
22316648
3584073080
1606040034
3349620569
2587015970
587474840
979107553
2309202342
2324003984
221948539
3381988874
171986319
2580760987
1238971100
2322797779
389407835
20141488
331805724
2276987721
2201576948
3128443822
3430328609
2238308401
2693809980
16697014
3722123893
15101451
2979737536
3303989053
3012779971
3062273707
3546451059
26777948
1227019398
3691997360
3689498835
229917047
1427255712
3179516904
30301593
15963534
504692485
236702914
2716957130
1191066871
186692632
1220741574
321394973
2329353184
3188111378
875519983
3788069175
3404374479
3482133741
294276584
759194851
2902936845
396149371
2564154692
20848539
615093534
2153549784
1596737431
3527515702
3802112903
15723572
3806142075
114251048
376666110
544606584
2475990290
16654013
3521459781
373477876
1435544018
114579084
91873095
630563881
2149301078
3599094315
3805735593
313591773
218928207
1894600610
310031202
286302159
307930856
2885931082
143042383
125082569
3716099893
3769727237
2598198187
44623325
183334562
2841507555
3686009601
2342252156
19991949
495391746
1368911766
1598610841
16077512
50302728
2320474706
49502472
3661541002
3469608860
337545449
499937992
366843327
2837513640
3798788535
288190921
3802277541
3672555976
276591110
3683574552
66692994
2463387733
3169506287
3710844500
27784924
386086778
3571810044
3699704593
3674290261
3799881195
2831132308
3052057733
2646181136
37761010
2895027348
28466064
1589213749
2958456700
785263436
3298516175
902410676
3550137617
2330991906
2975414307
136030288
555534919
18831459
3793911923
2499332034
2284751815
217199787
39760857
17700268
2258617262
2411286751
3751696293
316365866
3670655114
3704768952
303519294
212288376
2994481715
2879452089
1707065768
2279712324
2194130792
2273556683
40495022
3585535760
369369142
3518196676
19141071
3242284430
3406718410
51171173
2665455439
3425709978
1666150717
523546400
107061569
1420840687
3791167822
1454463228
2918701875
1366337671
3119314781
64381449
3380298047
1642803524
25735884
907578720
578758914
103910953
1418867658
3774734657
1621587554
258028586
1297199660
322944700
139340742
34591215
188698554
3032095289
1267642669
3682930634
18850144
595209143
25726196
78577774
2477167932
3734467817
125431771
1676950940
56831506
2329083656
3526479793
325865924
1266465781
240542305
3541137073
3069198212
1484049475
303739309
152501658
394520180
578509843
1389773809
157742955
2262729048
88962590
38312458
2814318231
3742447036
3238805533
66866830
3654567080
582402574
2980401404
3787630577
3787350515
2881983584
3660421992
2826936371
3235650967
531904721
532811497
1931763680
3432309603
80857439
342280866
1143948068
1151584705
3719387067
830383705
18373300
3770643855
3696371658
2314289604
36396435
2992099780
724536517
633332286
1445491927
1356005941
2766144594
2547449838
3696174078
3523786463
78313807
49704463
57392444
3345279557
2541922846
2396324768
3170574838
2674287499
3767962577
334011293
206974720
82350646
996820706
473499315
43548814
3619045515
331510751
3142521657
39054934
2880074300
397765828
75247320
893743620
26281875
3701257161
1929553200
2694381776
3780220161
3528212894
2906837228
70706535
3770899936
1123541660
2586753638
3311791232
3474152000
3357698739
122044055
219983148
1531176199
126602395
164609813
2979084360
1447834124
3428294134
3720309437
222234152
1109392466
422256837
2414637502
2151166555
3257661156
25877535
2292763141
121396778
2823653798
50436313
253550291
509792148
244096001
392879249
141287941
49723136
69002495
3700634056
914197424
2836789100
3310278308
244668334
3781490596
280595918
393656601
3110147123
2237830651
366530180
248750815
2367558116
452037695
2860813097
49915812
246938391
147856657
260675047
517965548
3162537866
3110313436
3258920023
3074881489
3743194936
3694557196
426605431
238482194
141627220
959651749
78053112
1449810666
373553356
447186460
3622903883
145746028
518056020
68462089
3749589735
257369075
3774548242
129471560
2259597875
3556563795
3207865624
326600201
2238605510
3122642116
3645872232
1687445496
2986582977
257841087
146130700
3387489423
422987916
182664401
3297960779
3197046181
3725151683
17642713
159749820
275101063
215835078
850158222
3685869439
27037663
3015015190
550389474
166802854
272774317
50797529
2833941721
68405421
1519004221
3506851100
1379246660
912907368
3202049632
270247418
3698257935
744730458
2906583295
2778587654
972465469
3686925794
2923780383
310940313
3303371160
3453357612
2488705979
58510795
3002715440
3363650240
7083232
4171981
35895610
28519690
3775419736
397774335
2371103424
85252767
2885683363
3312795596
3036533358
2969621713
64522236
3311234399
29211471
3317773619
324517195
2656767272
2228947896
3069476339
3305435571
35847928
292566284
27118614
760742798
714451098
249199129
10463952
392893597
2489003934
3616331232
14610128
44746723
3147542335
308689675
253867294
130828307
1475436386
57174949
1061635386
2567353711
256321544
3257855502
3432717753
3522806293
123549837
494442377
39378715
2895904656
3772351761
256544899
612476379
2244265843
3312122395
3449487795
100914158
3350942560
108049988
214234454
11226212
25749318
346615771
3459912862
516702844
47403519
3601604652
145772056
359741319
133257709
334870517
2730974405
407052659
3108534993
3141554760
3091352224
2866466385
1082010193
2948822531
1664784042
444340203
200552035
2175579580
1440964422
2806251105
85586065
360560591
213327228
2766511652
119262824
3344685194
467640056
308401810
255890107
3435163634
3680518032
21501520
1370262403
1882951639
2507332675
735676195
2535902033
3680093479
1342137097
374351393
2830309446
3766223253
3679866613
710442935
111935651
3650550014
3175547582
3673161631
401654304
3679001839
3317171393
1317533100
284586875
3679115660
38989595
3674800884
137337984
111420752
275107274
969272233
1493057185
3764136747
2839204849
1648788878
3743590035
304337092
296811016
2896155798
3765764177
391027507
2627555988
3694242856
2458188217
72515387
325033026
3188068638
108509825
19028255
2811560480
353485903
2735565450
2953508254
144353791
403876847
314030024
3765867015
901062108
1642340419
3709598476
2328918350
775838148
3724800382
3765613347
3673971116
48283265
164960277
458301554
3196528514
3765419297
3748796417
232942162
825845318
2932413142
44030069
311165179
776628084
119080048
632287225
271662202
253669626
269218489
117129482
3085899347
99074521
2879989407
3384977747
32941995
474005119
3428952706
276053780
1626699745
3499231456
3763659857
583932766
1345653236
106620825
1658542502
18307822
18424606
1472708954
103029219
232120502
3403208824
217903767
74478406
26498317
3254099780
2875941485
28982324
128907694
2786259997
239994778
3084081910
324311699
3640844353
757397419
151353422
2513280876
3668694437
153315345
3762209955
3361009684
3750733179
1920656012
1589417618
86900469
3761851522
471173672
2932771659
2252491658
1306763174
73195713
3752355317
3355814533
192141618
3535056315
857812652
3617847210
294590599
36122008
97342499
1089225517
61245550
3761281997
3666209298
3641913317
446105050
1337815796
3017732385
96226841
90983099
1169646978
3605912176
2900736038
21476473
245679478
15197454
3760200208
2838634389
1738829286
2455747632
115075857
606253462
3406280445
2415079783
2707002708
3236315503
36014308
559690939
46074330
552442624
174743290
28968151
546310428
3743732416
3742229895
3034048161
396100383
2872876402
296659609
563054503
143025218
3658280900
3359074342
1416310352
3759345556
3570875593
335139095
3316094018
3636062655
14180784
410086269
850386714
163011111
494150149
1275862122
166615910
1603789038
358173043
3309151547
170116797
2811160202
15779038
3425918409
1867677614
76687703
3605428165
3757651937
204635594
272636662
527182922
2408248118
2511362088
3263108856
1636220635
93443295
3273030450
18210350
327359666
240020775
3666961279
38810906
542610868
3565052534
2920249842
452010920
3630827112
3351441790
3423165614
3754723935
231044917
3031873194
3404829982
242086486
3425980212
146119839
3665719813
2903851101
15888137
3752157437
242495606
235466408
3662684479
592757909
3561172275
3664200552
7921612
65927898
2740401252
214676213
3476630593
486575395
3398566511
910419349
272300235
264458509
30099973
62950089
15595763
3436857292
159246427
54082696
3317297721
33563825
846742224
3663147672
501543232
3663341474
192188635
203676859
11558102
237267993
3507335363
107795365
3246303998
605355934
175491546
399453416
96780212
3747839596
3652388592
2207635328
1360136887
22423195
272051242
3543864074
2755257965
755273364
3593047225
2370019524
116923619
14993243
3050076736
57581333
598435955
3307939689
3172798435
3367842046
39883027
1278093162
3686475315
14981607
3628773673
259924339
2186507068
3121810051
118048380
407463338
2930395219
52059528
397362128
124818137
3750608421
3732389415
3432079444
297224783
3572765234
559116273
3612462136
3660255200
7187062
390057293
3612624317
16061387
3472299076
239478104
2213209368
3187934108
2920585641
60873940
3749924596
282880727
136698120
2435829616
1536680300
3237134216
315577869
409741461
255951092
167813923
327406625
2508903438
3468360922
2532702127
3749243357
2428478918
379788104
3610663041
132684191
764880402
3534812417
1397069316
3641867832
3741060382
48585374
635329861
2780250465
856727766
1402620451
1089995791
3248062358
635548291
3316569151
425356910
216761727
3656899703
246269755
113334821
479607182
182895834
2832199411
3657086791
2810436217
2411257939
2972952311
3576145695
2931552569
3092153902
237011936
170557837
24118194
39216647
3744742875
121559710
3561854838
6141102
431452592
101634734
3238946222
151787039
3012140353
43045893
27001594
1928793552
2189564845
236890493
282812226
3491415973
21781176
3634047792
30825039
3308772821
1497507500
102272704
1354508563
203592408
623401568
553529907
2586324829
779071668
123994059
2779979912
1519441363
239836974
1760441
223245561
1523641704
335862425
2393257705
158927342
214466441
3732460936
1095490848
2861879220
3160304503
127611232
3653564600
3652978398
74156695
3408122601
85129212
877806836
3743449042
1464261517
600885039
3333222495
539795400
583474299
3293017136
2674686890
66026038
467830497
356225479
23921413
76725388
2734568620
779097631
24260415
1934465732
1857529387
513377606
18962684
3032445575
3742050207
1909076744
41372931
3557112796
3237327384
55305128
210203926
3717279988
3676024643
3339592990
264102303
3000783184
3646932511
15099750
390327317
3731242216
3710743036
221166916
1603630207
3741068843
34169583
307829790
2826356657
2230791445
202307047
3301819244
3731464877
3428167301
1486955036
3611199133
1403281
464403662
517704112
193416950
144687937
3616395856
3607178953
37311044
302154256
412623206
233085813
3696907635
3458650700
3740562028
3070747426
487764995
485787230
1094764718
3631000334
3310718245
339254040
3301609754
611860694
2682941286
3364627103
960617034
548444032
918632840
197410089
43992757
3331666772
190960735
278815147
54657533
1052948838
305905751
159817346
476144365
2266649058
3732531496
444525264
197802511
3271210880
20552750
2322631916
168921714
102198572
2399342714
107750287
731868084
136464594
171180479
406674686
3501755719
3014359335
3080465148
556239280
1317998550
720949969
212149630
1164102464
25959690
1049530142
3178969633
576270833
117977321
190007884
94089038
230723218
3647207174
1499951832
3732867136
80607805
1876794469
308624445
3303130928
3535597153
3433698192
3375569413
3641734460
424944618
2556581437
1174699566
72486301
313753819
600697293
3249014252
2855416274
109761603
2883695008
461957580
1315569877
102129329
772501232
3292195252
519590589
68214033
3735563188
1707281606
236619578
273250184
3462505512
190931410
1003411686
316900767
1651228670
190469523
512724319
3165097057
188528350
3241375902
324578434
826765542
2700195481
41675084
14572284
48211713
1247781774
3168191809
2598485287
21084462
30781187
108691751
2544767065
380942375
2994997226
59881594
2329602680
130888593
180656183
3247209648
3312589290
1169269554
37378133
3487159753
3642657792
26382348
1428086900
61608035
2925964607
828731473
44604145
1115874258
48209681
20862943
2180209285
3253276021
3128552234
3257279496
1454989830
132308596
432347826
3245636055
3005401903
14201337
843183830
768405673
3015219331
3727353376
3640971558
811784574
130864541
1734869792
360376117
2567882374
1137953318
21621108
178444863
704574961
541385871
246810261
92958271
2488256035
3591289818
1335485706
3307362243
197619663
35537198
1708790178
26967445
133818636
2909903650
2178943330
2849184133
3730689916
3312089750
2740349887
594538456
158074200
342380055
2213956401
3602995513
3547065494
216301034
198171095
3408168335
122251764
1066930525
40492924
3639688639
295573087
2270640729
2511006974
3132737421
2196058513
52681444
3630769813
42247705
3665572822
3009166873
66970416
2309365015
95922508
246869059
3189766250
354608488
146194532
2863079922
3049012806
298309103
3694593023
2437231387
2374977834
472388302
2903493068
3686843363
2701687292
427264288
15329329
3717869069
3578032214
2323186194
3009576577
3652774821
14366712
42936908
2751789187
3316730493
456732871
618652532
3727189696
3717496275
996579589
415024456
945762427
605774222
50990982
71023166
1244769224
180569654
80516442
56606426
3374463974
1629900812
86441762
1349286416
65077720
2337640122
3360293625
48400638
1496546833
2305663999
1012950290
3318250391
746717850
3708554181
2269687478
1726032530
1572249199
197053458
16088576
731447814
434889959
332361130
3399356658
3027866079
2565196718
177259992
2250168471
127204181
3631062373
3256231983
2932435855
1668229974
426861692
3634422553
3293429306
3292901551
1597549676
17581608
2415507055
2326555002
329416776
3097525600
2793405570
177092181
3502268474
826355173
3634454664
417094698
143688197
19584008
455439435
1365308168
2418284725
2496730546
52469904
2513758545
3634110673
2684172578
785971908
2855624635
3579304521
2868292766
2822811595
64178990
40288349
3633210193
370475771
2384741217
310504518
3364633870
3208138024
2849540893
434547480
389263140
2937488966
3632447233
578722646
38780574
3102039765
2342259142
928746570
2282538001
3719945475
588785709
3615501493
16283016
2645425485
204919888
3630934632
3346139829
3568171882
1395242419
3617831359
24242143
3679776567
303533354
3303125878
2611260122
2962880423
3168104492
113276205
68706559
3152350468
621353470
3630715411
2247028485
14725540
2539936356
2383927771
957470137
3461006602
1623657679
497036370
1396958484
12816632
263156754
384163320
527831730
2443807027
2465037470
85306889
3687036375
38302594
3267759990
3715624037
312122773
3709643782
319092327
3322655342
3315827459
3708175637
3719215335
346460978
3610589413
577201303
2488881655
1387603027
1855463844
3243522061
3719645487
3407076544
2976247973
2427095334
25148959
447922403
456491089
149467941
21452110
63170209
3616102940
2178402078
3501339316
2455440288
1898210695
407282453
3167780958
550026643
452946524
3310700349
17022942
327395286
68472064
2182070604
529646801
238655148
3578955915
1002063637
1590559448
22878544
404765666
2391820334
130494547
245458245
2747552314
471533435
55098648
36649964
2737347150
3581487972
3051698513
2768204555
3244703040
3193877078
107861644
1149535608
2791469996
2950033978
2418666512
94705632
3303446575
1693931648
3481340058
750813960
20773019
1641172416
3314852851
93656996
3717379035
18564467
3521367982
3224610325
14382068
3289140575
62136853
326966327
899993694
3387356038
3138793121
3149065243
2573551005
2827603293
2943718676
129161932
3195254642
240999773
218148698
3396981193
23940010
3326564998
79653500
3617245944
92124782
267763023
715020643
603345948
3556403294
39188641
3241537318
783248262
23142312
19702138
2431242967
1682706618
572967250
26206144
2891549568
3623825720
3348733072
2418831619
404102547
60590986
193651193
330161418
499646283
3306044143
3622921334
2957754078
3713521036
389562766
408078372
1649130877
167579329
539102636
2814214554
614883285
3146590943
2388761522
41473278
2460798367
2188931353
3713411242
1372727622
595107592
846368250
2942937621
312897818
15661275
1247482795
2205050730
3707340556
13126112
2447406980
636502074
375457147
2780574646
15113902
975366146
3702266422
3086520735
1057927944
2172237164
1969118377
174089647
3636730876
23206995
207329263
565767571
3182145678
52422265
14248931
3506494033
749486203
358558211
88344043
7857822
3301230637
3138327107
929563922
237468386
899683808
20038713
3550488073
16328236
152462411
245753189
35881071
3695431155
1834331689
2597380555
87579000
16419618
3039129944
1419494365
410212250
775004641
215291006
20914373
52972094
3238540782
3225988788
3511136957
3000974021
225941128
3220921699
15967327
15793153
148632318
85108634
2366027269
2207593776
3207268971
26040130
64639781
22248736
115875104
2849440614
15448668
115411943
2820603414
441897513
1214225762
10652212
43005850
19333798
3617893393
452666217
34463746
2520416086
3434047325
3686924057
572423404
2904240631
221644442
2227301534
2734450591
148426027
2869463619
66781343
125307740
1164199202
56621085
2933540870
241241477
3666831375
203284585
424990676
526971459
337560478
56395552
3218602750
1207460918
121496175
280853987
3370858857
3707569457
3579502108
2383615926
18445319
1114874348
2998305241
242475127
3316145232
867652794
3074013976
3511330455
414568484
738952328
96799494
119634866
28680394
3244567965
2229788606
1444195470
96156440
81653056
2949366126
1664946666
3536762485
627196105
2284394516
102164741
1456475574
3258059922
2200855417
3159984420
2571123439
158998360
2930618398
2251889462
337565301
34603374
3239176684
3677797815
31618785
3310863033
25492550
3296131064
3231303272
145187647
745885783
3506487912
1954769551
379208546
41345389
234351465
1296876673
6281132
501380612
2664761
3690064163
2981866625
2173880194
2817332755
2909324757
165540290
2422632043
343112984
2824179097
865716510
63546137
1571717042
3702486562
3460999214
27520198
1605156643
2291903102
27986381
3249700075
3541501332
3378834078
2302153974
96873315
1351543152
3096469549
43525060
147718980
2430688138
19577285
227572322
1489050294
37536358
89839307
15877086
25032692
3412175472
45427235
3686984415
51969873
3077392572
3400626477
3700856789
1858926733
2580393127
459210190
597799971
3298562269
465242359
415787371
1491283292
1308963876
2282075923
3700238001
3700293557
2899139099
3014379976
208972890
630311667
101063050
3697257017
3669635483
91730525
31702616
3346627438
196015406
65886360
120202853
493190088
31207554
3089689888
1610770470
2492565289
612572383
3601607234
21339943
15613363
250662083
3045162328
72432788
3681630915
3688482016
1335827617
72024645
110287725
2998523104
628614995
216381036
2804050747
331911874
2540012696
3292738354
560267142
3307906406
254530337
31337985
24705836
971201
2165399745
3598618698
3697805909
164202842
225906120
26651423
59932305
2559247013
179551202
41433639
832832736
2391424657
98517121
2473422398
3308657883
118030987
1598704202
544683517
3422138793
327028681
55145766
986412523
194969851
38768519
3588571514
2841314809
3605404518
102407658
83601950
299755715
2398277388
3600608112
859166910
72667106
109180216
3314081395
171319173
3472650973
490965336
1207232329
1397625613
526031899
341242921
211200680
3226792801
3604279219
3692265197
1339552753
3603036733
3022470464
3242795438
79054391
53643683
36351406
3695659217
600420439
68237391
230014174
3595775840
2561593510
1034740291
2991023865
3584093782
1645209265
2469593437
219970525
157286200
3243255030
234074656
3694684397
487183651
347312546
3108914362
141224827
185279731
128480995
1597076821
2939399320
22512484
190330005
3599720188
8287622
2235516419
304846054
312171237
3592912350
3403258521
487744850
3344444319
3693037401
1258467222
42892022
98438439
2515155022
258666122
773015197
757865586
3228712182
271180160
506849493
440190714
2286992054
522888685
375515996
821970697
54432978
3526297092
106690877
126412362
48309749
15686332
1697264502
1162671236
3253252116
83268472
1723201704
3046659243
22142932
2927194422
3303047264
253995264
392726817
3659669295
244403889
103863514
2862597095
53970801
1183620913
21543548
3157711611
3389515431
304176037
406867709
65529822
2491177141
108248850
3598898960
1108772719
25130757
3235035667
3405655872
15667732
347387330
3664735095
269312433
577102153
795627348
3653945416
3617715136
3385109487
393012074
296584786
203896554
535691993
3598500972
219726206
250978793
3688940129
1644689857
230599009
3218991050
1675238654
264690974
478096704
340467464
946523282
2159526158
2966418311
240438195
585056863
2984789026
402528446
479286113
624787820
3110051104
16752870
272735317
302366666
292861745
3316852221
14201128
250872433
2370492512
267886190
3024387634
45161128
3434833659
137004076
265004146
17591682
3188486272
3218331279
3686538917
2939013403
61543726
123362576
57702081
2361024960
3517787594
35301323
114897859
74602034
1370834312
60969943
703502088
180299464
941301156
91106758
2792497983
3686943615
3320289197
3187104880
156764009
2975281199
707790733
165895383
184540839
57742331
53818723
600729541
91119143
275128079
48292876
10128142
861973189
3686338335
3504397460
2798984256
3605942003
315275758
41077183
1606349173
3594543858
3686284997
188934258
19123521
564746622
78597606
3322572277
579429598
15225949
204823404
3576724753
3504699072
192862237
1032064896
469874842
102404869
2207002824
3279847610
17673131
1339690542
3252385479
14881481
394284414
2234660490
106079180
277709818
3500742796
264214592
2902168362
2810462818
3396670989
1728863228
313700146
161691482
3122103547
519669305
3180054099
3365607455
2745299858
145071770
3356862917
273618006
3586638973
231559493
2467397220
2656406278
2357248611
1011017875
65344069
477112065
253047944
1455947498
3446108173
1499951202
111391321
34819463
500170318
3345880893
210732267
749895888
53292381
794254242
3585770053
576622630
260022873
121264053
3303900741
2891735392
256662957
622278869
99252106
3656092276
49862319
207109117
3409399873
3647920095
61673501
354773210
454538958
3341487185
346442930
8075702
2932944629
3336947853
3184975689
3531746354
3252837944
569436186
2788996590
3049901525
2847623229
3155730471
3542391014
37754999
313374369
3646198581
1876153105
3679258936
22417535
259536864
231883531
15217949
2857616725
1444916288
2431994596
3606791957
279210380
3263585118
66558665
3586508653
1287527946
156767389
468781263
340060783
2842391668
32175442
53009343
732098971
58362124
536605788
220848593
1432455205
3572638050
3192600350
2558932354
2639481336
3365189739
3677694257
3160068740
566746751
2182414638
325552655
3470637253
423759694
360601444
181170577
465292774
3017792193
17740151
3309913507
98652245
15264723
2519791597
19413699
411724402
2196752172
3026900085
63767391
2271512356
139197772
367990636
178556739
602705851
93500610
3675541935
289473451
47191572
3631927936
2984361030
1718905549
565777183
3044619849
3675938475
941562168
3308524403
2202057673
2684234362
244478158
1143792667
593716229
24582535
60737683
2693995266
3364103050
520750730
44415348
46560457
2787330958
3151664477
3653000129
384400816
630080593
588560687
708129054
3658174457
2598479353
212593885
291670212
128971853
3675502456
9924332
407713483
102083044
3302813374
3675301696
18749161
753232243
3675067995
3066005280
3560701512
3560197098
42888831
80860067
376237111
81372294
400998978
2876308953
2815547001
43500436
2768559559
3371119918
609340979
46714687
3581491212
375117590
20847455
503396656
149773121
3131110168
3316972424
3532217477
3086450230
3581005754
3254579551
2266255739
88483276
57325534
3314382067
467099237
2904292802
20783385
2297633851
33877585
16450168
340242899
337111746
3291653609
331834605
889069236
17106282
81788251
2930296825
26205289
3579242785
42153847
3421797041
2399059920
2307609742
2579107515
2366371354
2712587901
31928078
3240789351
1638912271
158777556
3670889716
1216005325
2660281717
2751643829
3222724581
3577844712
21037092
161496854
492564529
564065486
2207631058
41384254
2874130391
3077669018
3115839260
3476942352
365470856
3622343235
3577586293
517581398
3314394630
186700511
231229275
124135170
224769664
17133793
2577240593
451642374
19268841
2477537107
563151598
1196943475
3231828118
3123480138
2468368555
575940170
175360819
31341452
126627401
259528762
2775942927
41076511
3432198628
2345932334
2430805604
3667978043
1938907946
2335342100
461145277
24639484
11487052
471467942
14156905
2603607224
3147334507
3239733269
109016923
144166251
340718423
327398771
2817262675
3441954625
2955506719
3657697336
3128585484
372342904
1509998082
814354578
3062748351
919772780
2518955567
331876351
3666985643
3014086022
1383082320
1247195443
2157001081
3565489094
201348387
199154630
540945519
302222495
2901376835
3339372494
279540535
3218232748
393659235
927470569
92287478
88560037
2932989005
1068956792
1246628208
2998781381
946674980
3440278517
404379464
385920648
449202881
866613908
3636592282
275538977
2153623056
372853033
31651198
2368902362
2543211147
3665612301
3524666127
966181464
121226843
79403893
888027404
33684784
17426959
3647754388
3247821323
3665125395
76981080
2216982905
3368153536
519636340
78577842
21000605
144221293
3546294673
841279411
2284229318
23172503
2493212190
2796160260
149568136
243278762
124759011
3070597520
3406161256
70667300
1324070173
60434001
46355143
185734712
3261831706
3496687333
134796982
3254143462
221075650
58839737
3571900334
397876713
3265805612
3517389379
228019745
33378209
186037307
3571514892
3305569612
2964076324
19164219
47748692
1181898325
304122632
1911401263
102274696
3051587301
3663419295
2468660888
292893586
1044737683
3576142701
87707181
3570294793
3651176235
184355394
596852511
32683226
101368608
2980354882
3630367996
750927446
2608403384
3653441657
109011950
3523664832
96635816
352666578
2795991377
863197412
1055069136
416157448
35989785
3267956197
262636926
2244499752
3350488587
3661215195
9468372
3648374117
2220981390
1900008116
492158263
785746382
3617957895
3315030631
3001072954
2874446142
3413616177
3546814273
26468748
3568027632
3045619400
263382846
262714864
66031694
92343763
3166260188
1387838106
9463842
2932900878
3085806184
192099599
1594895953
1559851261
3152096066
2419137055
2319343892
2220671869
3222779326
3560938220
630794212
1140804830
51404650
479143003
26144929
3494825778
3023745852
460413619
118783472
2161398198
2268685078
881324107
467979089
2800634024
1081507639
3033365089
2388694505
3046170950
2777697775
169808215
3218814038
57426781
156144322
455870982
2851158956
73481065
3478082953
3658321882
3452530941
386774793
443528639
2533348459
1447621909
2500065450
2930472542
3657888136
3298407671
388681487
629146685
280162976
2153275159
38846250
983245116
276205079
137972232
3518851943
16129379
510923718
263822737
3614384122
200491441
592943025
1133557303
81157787
3656233037
87465474
44174435
25945334
66256826
45230926
2334523702
448166721
17197553
58643676
133450265
1292165288
3217604662
3648525135
32449108
600037776
87048428
3315782552
384510232
3333484205
3655506869
3513560413
458105137
3655117216
564676303
125579565
114917273
3224491380
2886953685
3655176555
2290466202
27092095
2474138383
94231402
19482443
475477162
2933017183
3444894745
306891880
38381169
2232497397
87778126
29014672
807427321
2857171282
3597889456
2412404497
565945214
116586054
477444689
2951794162
3253371414
3513247573
65004062
1149541562
3654128961
20621109
2281138046
283750338
95832872
18225468
1151236302
1525353920
2863693157
950337350
861561264
968344153
2545067247
3558124033
151421886
3579162382
151388278
145118349
301538712
161818961
394497332
253740910
1484347999
3119818796
25724899
3533019617
3332548094
3560383574
288729978
2832139475
24765278
434981163
3292975313
52961749
3001750238
2292130302
69745714
46652823
502179769
3619612289
2497332732
2706131652
3642393375
1398691620
2400125522
1387556611
3184038729
263159390
67026664
309109923
2203253356
3319774106
97830165
3439660155
303942685
269786713
705021858
3575330236
30266700
183135554
248544659
2653144345
2351485092
2822257374
57990385
3212462506
840390152
272160374
2184538026
915100710
3407861164
2408809878
902337924
1555535150
3455796314
25117556
193589146
26516426
2384063948
3425822447
24642853
2616908910
3177297438
583901101
3166293666
2986879361
3121395589
3609040216
2149732117
3307240110
3158072364
14343841
136005216
1658289932
3533719820
617725805
3232762254
403553835
573214989
1370226720
3647994983
1342891770
3312432988
3322590366
72745806
2773153321
3311961314
223207913
90170830
2816348974
448444435
36403607
52212314
55074925
22433618
3342150563
377416543
435476588
3268980588
1217104519
2632480931
425354777
1191583075
717887953
2776903547
136770630
14984467
5378172
93554893
333528982
709652095
273103237
15524968
87084206
147344858
124949655
2943662020
184978491
3435302319
1884148730
1369197422
3645171075
3069398750
54110609
2748441730
2709974706
100831326
3627451341
73103945
3552172452
3402665339
1373783665
139729026
56109947
1324363423
1007694536
232788649
3021867625
946053294
483302490
3390662805
630612199
3551344272
348968159
1420384314
3601601537
13939202
207297403
3439347347
1334051
3342360327
3397693103
347912470
2611403020
29473759
3592030877
3202095443
204196563
3535626015
26034517
569900167
789164324
2513353510
40461485
3642906075
1934407814
3517867812
1938144655
776476142
80713291
3614024835
1423542060
195451057
3261157452
2526125944
3345387063
3641401035
97169755
3634917796
2382004380
3548872152
3641775557
3641561357
27443496
1101498666
177381776
3312723936
941069539
780623880
1861406935
73580992
3312516174
1655981172
27035588
1671141038
3316526269
233448232
2875672067
492027884
222513824
2574570054
2788240308
45811459
565384158
3137831101
499530576
627284983
3163281179
5807302
3635789783
66918903
3199578445
3396665720
3185631632
3462674473
2475124130
79744990
3302721054
1415056470
40764757
216230865
189413569
3330569354
125678511
123459264
3432735193
297730786
3544593732
3488352562
22749532
3544625718
498480607
3540336674
3637269556
453059001
3322665464
1579475976
2495975293
3636974715
3542159714
385657812
84581642
126003716
1143924787
192831891
3519309374
41976254
3558840983
3497813233
3461120834
17147930
3635631855
3530894052
443845638
331114552
527062259
2654066017
3507501614
3438245658
3635847196
3569348595
2795990349
3299761613
3225559544
2885833429
2474648756
1522616232
3616558815
2632628890
229527799
3331763446
634936216
3608291123
52750238
2889492731
2908883290
1552552260
2771183944
3431830703
15556162
3559250956
18791723
632193925
2164418411
195603373
1465267400
84898787
1876866192
370274267
141234195
2750127177
2289706604
454522466
1319549552
450528319
3631106007
3390466132
2422103936
398024714
2940173771
3504901572
2998135023
132055187
2224152114
3632607675
3018415635
3539626392
2948832078
2882087096
2172392619
915760867
1407762859
3255079278
86147100
751809378
40227608
700981537
3439189389
231209956
215261663
979413578
3535479794
336661888
3602010795
3488506212
20746465
96392665
3558163396
2514553801
32288168
848214848
106122242
2459773130
3024795177
2438639293
3605445495
3631110375
16225982
3439368353
3046532110
61232048
3087246671
482815941
728910750
156050111
101998593
134574426
3630455061
385081765
3621580529
3458253494
3620932157
3351851697
143193990
514307469
721430939
3414885977
261417626
3374800872
3535972460
574442880
3526854256
605745225
2835153073
1674983022
562749400
1159499732
3324263272
586768348
3623443455
29748097
25092112
2183579364
291160836
147506572
3500257337
115587722
149468858
933645745
412688234
2240278243
1067777868
1035556513
21061959
3627250049
283378179
317499508
3550242323
77009002
31573753
40170659
3415257732
527968666
36629839
3344529423
2675315191
3067015740
2484820166
276755055
3570910517
550096044
2975554661
3532190653
75629165
3015920563
488215764
3309277641
3194835667
3316539395
18059711
1216801650
47794570
174771867
969712796
3101917441
3570701361
1132829113
3525800896
19046420
3280857822
1945385305
3498544577
44221382
25190495
3055710317
28782853
121861814
619223571
2837207790
3588565762
1325105976
16337414
143920232
244863807
169637138
18772561
1472093102
2905334793
14725407
287864541
302631392
98853133
16072762
2303422086
95932371
3321329411
395626882
505215346
380527950
2907368462
587558092
3479679142
178106677
19516135
2372070588
2454715070
151015891
516267797
607259231
3547658235
161326708
85766835
209093808
1075668805
201342965
3124430358
47680445
314837175
14677900
2597977321
2253346321
448856494
3616558587
3622064009
858390703
147230664
330554445
3282679536
3528245354
46438437
342660476
986044850
347806979
3609907467
20795090
126093848
3527991192
3433370172
549517056
3613806747
435479499
311096470
80701004
3181578450
33646783
429521497
3483641653
284491745
133465879
34174308
59837805
444391099
3620756297
2477414138
493169131
1536552146
425009057
31526993
3198030004
3574800449
15021751
111462487
2965858293
3444139337
3019909446
31107447
595677320
1379811229
348420791
3439097967
739819304
3619361297
1886716320
166517946
3201082487
2792225733
60495862
3214835019
1636195956
14715408
2603282336
19343355
314768351
3610953796
126557202
3416514815
2154586902
84121132
3541033995
39103631
2214607830
104933621
40022707
3313155553
101378622
3271607058
539218590
3005354579
3455038937
3346726645
11664172
1893957727
2720839127
779452
384091131
3522748214
50227717
3288684180
934939381
3502514292
16617888
1081912567
16351090
3510756072
2827307498
24008670
261062210
2538476593
3307301854
3476455153
92754849
3614766515
1232275364
16077148
3614954356
3512801114
16367264
2395235672
245472266
2800593977
73557459
196609500
50107131
1705889058
2657952214
2307668568
3579353902
100636080
45521043
2809946598
45234967
2245431075
2473865038
321019502
249343411
3377092709
3437768895
2276596284
132187218
210487530
171514924
3610955956
390585588
26007928
3519567313
15344342
48414275
178509886
3230019690
1644691476
47625246
351211047
101396838
14074700
500158755
3155331740
34190830
49585806
2807531240
2303776699
