722845621
14990494
439990044
2849227925
2854564664
15877469
2786415076
258968753
1852689001
190764146
2823039531
609402302
367432031
1537257282
36590189
903431090
2283021392
627706315
3028738231
26965630
377706343
2905937877
32754966
1927252088
570387696
3064619955
2664974971
1469546929
1188682422
2596636567
289648341
2575617732
2266010361
3066143008
319144019
491864350
2849519394
19129680
329626520
891382393
1365461
34979710
342989873
3066045921
2655738608
233485167
2490024479
2518922550
1004405263
151610778
839506914
2240152548
2878179901
3031773703
202962425
13827442
3055940944
367515896
41989894
858291151
2779228150
72040250
2249977678
2329500289
2593144976
1511004732
1007237846
2387514288
137574127
9884562
22116130
3065765223
3018805166
3008776784
40322104
1979340212
48041065
2830360063
248247647
57588485
17160590
234688422
1425242347
254894614
754401660
71199505
2575452464
1223981
482066818
341084992
465476009
2283288764
1093180028
481467891
2820165295
1610369191
110009743
2842787383
221856460
775999722
130926190
3055836540
947088728
3042217825
436031684
311439293
1977830046
115883335
2776597089
2509625940
374449539
2926376460
2447947396
38247963
261087941
14411232
2458425986
775348472
24891635
3054822624
152563065
3054740886
308594462
3005038373
23867636
32604889
3054417578
1226299362
1573436300
22998992
275195421
55405152
3060232779
62163977
270132435
826572013
10065252
921113192
484129769
2440886486
365215219
31579582
94619755
281580431
225008230
1073940043
2842380418
273777813
363121406
547784480
2678662548
302717406
2896157813
550247610
385236313
1880804430
588459043
3037206428
936259946
3044802988
172731213
208679792
3044627284
2870271634
2474369850
3041713597
56642918
2626754122
68129121
3062940309
3029777116
104024337
809940692
254070276
1210428294
3044888758
270843341
3052879712
606875741
597823434
2324301544
3052717508
329961012
761367728
1166024527
2750827031
1119036061
139429114
569475311
2985269443
1680106952
3049938295
509965864
350515707
1737571320
2821206118
3052089008
308612540
2970887358
2725114481
2802327392
84614320
261626419
3051967052
3051875688
14290520
16704522
1162306824
407077258
2331258097
1328203296
143867494
788264587
303615543
3041891827
2802171877
38832971
439658075
346119570
11453462
236041509
1646283553
575905618
21620424
475765025
482660033
2649719262
3048404866
1381810406
3060743674
8284782
2995234655
28149839
2991892776
214147853
16322061
57523642
2514216174
2461524938
633607205
295755087
17609462
88393873
361318973
471162117
236153193
788480804
544210243
284826535
147462248
103660125
3050956008
92230249
1173357152
21745065
1085385836
215519433
71381988
20633751
52345548
483912104
201772868
791252
27200955
128585431
2835101969
449017482
3024914800
2966848066
513757429
179165283
204511547
132460491
2424448298
2182165980
3064550045
2532779010
2885295919
2987361981
92147695
1454125580
2906219207
255181697
17775393
232932070
2984839515
3064813139
15150043
780657384
201860184
53636098
18042416
2770402559
2504797506
3049583095
2557731151
2889456983
634810429
539185453
502807038
2685088970
552826116
1264520196
53049183
1595842620
261102962
243829884
197763783
14462235
162575931
2203937954
2761997466
1328223751
871181749
65054052
16878801
312610725
2828805446
609623823
15332973
100193911
184724496
594085505
1193599094
2848198249
225990960
357931287
570824336
329691241
516460055
2885652414
224670028
1362162618
179560351
336083549
3003468992
74639968
333855297
207696071
145099318
2265363657
117465451
394254005
19437923
125446093
1898416904
19502856
17324214
40014110
132011358
481228498
61580328
511343867
2997651265
3057189268
1710795703
104176991
43308512
438661253
617053144
14097350
136653818
3063825016
78064138
455855693
2435724700
703331047
910684998
3047132827
3015845050
11343852
2926301430
51407173
55524504
321388512
23614761
3046679041
2955513646
197863246
300945454
1558749632
23039231
76310284
584616170
58607153
514212605
2195100282
20847307
35870426
2447378622
24523870
3046624801
12228172
63743945
2255759884
464615922
185821282
1368072523
3017050203
3024753026
54968540
93130958
2428668800
1557529736
844391778
115683998
3046288350
3046269643
2690286337
2465908590
2582000744
305433286
1688407496
3064348439
2818608438
476687202
3031736381
169095450
2964482691
47604786
246179611
336431690
441170915
2933942937
2430665370
540079495
50699157
3045788682
2343754182
39634237
472151231
418514148
18237858
465841616
467844372
945240534
39210527
529275322
16152659
2945030668
16868925
2997222854
3039883399
410938858
262497575
3045496866
3045537655
3030085831
3024523540
3064238025
282380535
1180309945
3045279246
421594761
87381642
78349148
46192382
14105146
2342023308
3018016460
1641507248
1040736296
43117106
1594162038
3064171995
1122582715
1680451368
548490571
3025095834
316625106
2755150498
2772472330
930603379
45929018
14871107
3064095287
2328650305
1135693201
54922557
1062263970
105315219
417966728
79504968
117076319
992737015
717391134
256688243
2990219781
2221209061
2951332671
381533163
457048276
18322109
841884536
122429619
306909143
2917162274
21628216
479675384
807656778
79969089
17314857
2973297034
3064026617
250270746
525631411
412839830
122431399
2391289094
1264891644
18514610
1243895101
1341034825
25523016
516592445
745066566
1382721288
151321604
2966358979
631639002
953211224
291833411
446371851
2964943155
193148406
21969281
2365887115
410982732
2801518778
192386644
2230872198
50960062
18324545
149135635
2572362798
876301380
3041563495
1864471368
53454719
1158870450
2921269364
459477581
2901199520
2187220416
57098223
501753340
485524793
1572838274
2433333759
125008247
15221625
2810969769
376551894
2227158722
1050187387
232548048
42231718
226100900
73797153
3025282999
193729010
2306544996
201116369
566265591
592750259
34576907
103043165
112993117
14550190
381229214
3046164771
164013637
2720291113
34627323
224395017
47295096
3044629289
3050389997
14813719
138360939
92025047
140070401
3020446727
395212850
151091711
51061055
340161824
194953646
20298224
278982951
3046996066
331304828
327974515
2480267480
1885159585
39036554
115101800
317448838
617310320
174299932
2356928408
920445348
60279203
579052411
1484630666
474432749
2289968281
1189356602
3042612270
3063756423
3040568724
152822947
3037217960
3031987374
35364659
3027963974
3042475598
2555734657
3042341556
543826290
350351602
1019017746
17881257
118221749
14969221
3063708633
103120140
110108478
2825433962
2970768977
29371145
3039951043
608709992
27231435
2992325822
2847033499
870049165
419462950
35304907
83601411
453797978
2582347178
47482197
3063446057
737365446
2839519842
317439923
2170478591
225561803
205121829
444090373
714713193
244649645
187974961
270494000
3041814650
367818926
229106538
2189025787
104777612
178467523
218732622
54042176
1735434912
238524126
75759448
2261988234
81197933
1317270012
1525512522
2855713541
3063324244
296884436
1532201940
166711508
3049398094
469519197
300341577
1628668128
22966766
2572342372
372548958
2419588892
71389504
2896944955
1291392505
436260568
2769231316
367149474
129047940
25999954
2984797121
3043071082
870721279
1566692244
110589917
203785670
599795290
109758377
2411618641
617320499
2324658360
66328596
118000591
1359725954
2872023195
301873832
433909159
151872494
2923860153
288554005
3049292009
192670691
391836305
149799864
2905199200
2798052615
78895525
27595890
3000843252
18336285
3041536597
63516152
271266608
207100365
87064926
927942528
3048201083
363415949
829664077
80524376
14331452
3040657080
249179248
44383621
3041328019
755946571
2384166812
2837379273
2394085628
280116322
2724098234
548191881
1916290212
2462945017
498613908
2188493179
9953722
2495344849
195505818
3016079554
2921859654
487611237
37391187
2449447567
9237182
160644922
342944715
17353658
134718299
34496674
15623836
79658511
3040861501
3004866024
220773396
97051888
2774295430
519631079
510628763
23799301
2942028410
2192763488
1404033216
2510618528
2553256321
284928492
2566022713
190451300
2873938646
35720326
763407102
89297077
2675774431
1530342422
739429266
717787708
64129325
147822786
585607556
281634679
22691072
468292784
224573387
901503840
213070665
138072647
58759894
1143639740
3040608589
518156680
2872303374
129619411
454401948
1428825206
254019145
71058614
38961686
478872397
24822922
2999697446
1653688554
77320134
19750025
2565446006
67832995
582211418
343042292
310688126
2573732624
2577623358
382875832
2263128480
570465804
38907556
26818653
602362175
2743526223
448090175
2284630778
532160868
3057713711
1031331968
15991396
265928203
1499347104
20215346
2527881512
424630828
424211721
2932199052
538391316
714969746
451926187
627521153
463998778
949619647
2662101645
13252042
243548010
1145617369
2793392387
2383696650
216403541
2710689914
3059418273
35521307
19937781
3039954091
2217643825
158031552
1310821225
2905370220
13650202
2811744501
829101223
3039935090
3039939452
87676969
2577517453
3034679521
15407816
2330009894
43761896
547761148
2233488908
2345413992
2396115308
2645481692
3059011024
920106961
106976302
3059111776
3058882953
469474261
385247365
1136598307
517533273
740460727
1261144614
2397542178
19973447
2287762957
2789531539
2765258157
66704367
2452841642
34492681
84589017
245765815
86182399
2934129511
351367927
26232159
1281038370
3020253251
3038874798
170231966
446512659
2357590461
2951769256
71351543
1048483634
3057931773
578684503
1318094107
265668790
124150495
431620994
89725202
587654488
2999441076
361301339
125706780
247909051
399218903
2963926350
2737794940
147277837
2151805803
2610839911
998733727
374236519
624672520
2321812548
1087973731
2846803913
21758754
183372831
1049082902
1959900140
2776971140
2608675326
320351829
735759686
106138236
19575176
2996181713
2964960352
618181909
3055671226
596588450
2680440632
1573419781
3013297982
9257812
3055563952
337541357
28114697
2307112794
67953314
2522721781
121245475
2398070096
1586150414
14404564
1138277886
1379193944
599448278
3037622546
20063624
20827768
24304843
103630161
2174380262
276719224
28844482
1584768470
2974978842
2851147082
2325285086
3053850406
294988608
151906059
1154185333
735428912
376667192
3022916281
3055949764
602538884
3055695454
115748644
17803756
790421246
965597558
236274407
179487930
421356792
3037923667
635977196
195963329
1243372658
2351923734
2967920401
315217636
17593272
237979903
1204458758
254453242
3037613107
2902350508
2365345435
3049190493
3037407372
2904180128
1319524836
302924590
1863238231
2681291605
37748973
41267952
254385233
239661336
620674036
97354718
551436650
82942459
167256996
2720194582
3028947339
2236287524
62291676
13606492
84618890
614630164
68523983
14855210
1630445486
2188209227
71927365
127038096
34354934
87787851
2382398772
146205664
3054018508
530895061
2853359092
3033847449
326373300
2471960990
3026665052
2992523032
1514027484
46895699
2373703147
379409375
2912745246
2338278982
1668667147
721081856
121916966
2962010461
3006715691
589880194
30900223
2392725380
3036763147
534128488
3001788789
578039731
104796078
418116303
198547574
29051694
92960699
2255517230
146829780
2411815950
360270130
2962813953
3003866026
127984453
2855283763
3022869857
2802123332
14737648
510561345
2636239724
163821237
15747808
2340217964
2150537240
2618985216
3017873096
597543118
603818019
325481675
46275999
341555018
2451725746
630408568
2502583872
1358805804
401561580
223104713
184054938
18700419
47074488
3010631359
14569626
898250155
3002354722
34457257
1336790288
1646282714
75260431
2566423854
616627064
2507386199
196387252
31261906
2848893353
33345870
2790005892
23045517
298131200
58214164
75639721
765652128
56273317
3047433369
2575310352
459325074
322367918
73404138
64164120
59854599
1537905667
3041613369
3045452674
711814296
15710958
2660056412
2198292256
160173531
2961265655
190091354
1665960732
3045079036
3030803369
2963893433
3034108200
1329870997
8403182
534679484
2365902979
2323588410
2981138361
124307836
2200419714
356234014
74525774
1369168644
3002850713
3034752888
246671981
2421375853
33765930
626994960
208636855
868822236
274011217
3025149566
1113227540
55852824
371391445
1347486746
187328197
2801717686
856660320
3049483101
3044899373
2208677640
506328466
18941762
90304404
23881539
604455623
2777900520
16280079
161410579
14136660
33831341
276501193
83781812
59295900
1637091590
12881
3025233864
143175912
3024954678
2481395827
3017744246
16198966
3011131428
545851576
1727449052
246629682
2633792725
2981540495
2885969937
2259412104
2900164359
55989361
2205767168
4238841
130342535
180887006
2404271452
36346115
248547864
2494328160
3002700275
14830345
2906796375
868393507
19500495
2640679098
559824305
17949749
11274362
90282175
300369554
254584260
21522023
18203817
3047941805
374154077
298278158
144056520
3042785146
120520588
2677496372
107768906
237300397
2840563046
381579243
481232603
11256622
25100279
164800714
2922301658
2851579324
2870333871
1941805794
41359424
1666877142
2979248369
232694353
147927884
284624288
3006614033
15296311
329723420
414800542
35610349
288962545
954688332
596867598
79895592
193648602
49139015
62019499
18601294
34291828
2190743452
245830067
15152088
162327377
39788877
2800661869
2565095634
3016864260
907687543
245248214
3036102893
98132523
3024793302
299526144
96530546
3031921502
3045851291
378952410
3007567752
18030375
2871365633
1473516242
1205548183
262152092
3032200825
218115576
2681851577
2730134498
11067662
79779947
1555963243
3007071575
3043619830
35500890
1289211248
2782403357
2622418122
457368180
2886945637
120999302
1849993502
207385922
155376099
3045371397
1049323592
1918324412
3031813459
2421019458
20554766
234911360
26040755
3035071504
57437772
358972094
26079238
370746098
24792980
203610512
1940864750
2907253421
3031618290
1936283630
104562761
2899406207
2784460152
158044212
34334040
3024469669
15874762
370125964
371422428
253380779
369548122
2814888799
2919838906
67015464
228741452
296183328
2411261268
1128947778
14574792
35947870
2869012794
2867810064
1064196678
358848905
3024296184
152566951
63711486
2919866819
53320292
50204981
27076189
2963433832
576472919
2960812529
274509193
17822123
127335942
210763781
866047363
1934392416
52472723
21431887
1073178060
347791132
225163871
17085988
3029996803
2999435621
202269403
23034677
2724875972
61445047
222913405
243554598
3004264335
2971325477
42242836
2276602880
227457782
50081206
47677748
1102409658
230662187
2446121884
2580874602
496616934
41115532
203856737
99178110
24897749
554726058
432657625
2914731254
138466838
2945823112
122661881
871131757
2319441992
2842408481
1691181242
491273779
2789045077
3005049584
2366466469
43565087
8848812
527299168
3028481802
68076061
375298520
14033982
567704465
2239715173
20652865
40511402
2362140618
2500663908
2791764654
2429489820
595981353
607078543
2391486019
161257213
77122467
1608885768
52714798
2596643719
14151014
496558157
90812029
102128717
2977645798
274157655
16690800
2732697868
15647730
2895823046
43958099
55869335
2933876011
340286218
288257963
587668898
3025107934
555202779
2180932363
635918547
438632988
247332395
274473653
293691343
3044725804
175790934
994390788
1036117933
3027042835
1454129113
62323694
265611132
864810536
21529469
26439984
2398900534
14208407
117501978
1368027320
3026610637
23899148
2645702876
3026224860
1109702527
1024696040
16245662
490978109
86393526
2900791716
39645622
577131323
320965392
1233969901
128524845
2987467121
310416566
333281409
3020226113
206590503
296743248
2729700474
3029762715
3025806710
2338886581
15902150
2433311833
2856307798
15719322
529222603
458610153
2451148345
3023483599
2298269114
315654466
163956115
3011213107
3043711533
3044061754
2787367885
3031892218
53657811
235239772
91044307
3016838044
2239946074
23208773
3024902486
151811168
417152903
219608742
2519762553
487805788
125881417
86143266
2964076249
3024448944
352875860
2483533429
250902137
3029635253
229177021
2172129030
365070600
55520341
272705687
45844820
3025038125
87593384
3022579193
3042137795
2708339673
1164024547
2968328341
384423178
29840428
265218461
25415284
1499463499
2981784939
142277359
2374140175
3012286757
2362456539
309225949
2396906473
524937165
2931651116
1244796967
15285491
3023213671
3040650755
2675486604
1521208916
2307949422
18622958
140404649
1360183507
205571857
593285264
44246034
864403806
496326766
2930396669
224439509
153425014
2197996662
158767783
317032175
217297247
83145801
140895195
105107405
271106441
52819013
3024250380
326248934
1060955474
3013950534
383376365
1952587452
2267677010
541989030
125613389
3024163854
2183819036
358121562
9453642
2999690960
574540608
2830646854
367757727
1722804170
3018879121
25129940
3030962325
91660257
65723761
2993507948
2679626666
114820277
76679562
3039267172
3033084737
2971871759
460897784
3003180778
593346921
409125361
977529218
2923861911
60305172
2893956746
739328720
261864888
314114659
2549286448
2901428414
705299516
2561032177
377633048
2999419200
272367767
2289745326
107533238
1468982300
3042044613
110009636
32183361
600386147
866577012
147991568
3010486664
371939327
53891080
175363182
249454348
588034676
79710699
2973819669
34216913
2985858384
318713925
370407279
24049514
621509220
72893684
2925244352
2379958698
25009044
2451782844
2752690584
131352650
44350274
2809787304
14547224
3041635137
316696203
220954130
24754824
103528816
118583611
796549328
103774949
1278738301
2998286555
2989370732
15191814
2258293880
2394980486
3041501159
195666199
2795614082
2878687588
104931756
161283660
2921198423
575931945
1512616075
389027058
36343866
240767790
1635501162
49426340
1615878974
24977214
1167171
2421497155
805131996
2203413638
195471785
2626299009
21939325
68913403
3012701534
575050134
2184260316
52866422
40094912
172969025
2943812594
326681513
63869577
2995537136
72348273
65338267
2530798231
3037192306
3012688845
14878469
548370263
1289316529
479196923
2776426128
2236415473
9636172
3017427090
3003101589
1595990550
54173111
3003159570
3028229614
404968991
1642654027
121574288
3022529244
25737369
1972670197
3040717829
268638256
1461940662
54406951
774855319
3022454042
3025636637
365118768
2472394548
630804594
7171192
3018902316
3022339880
714612104
2530417556
2576764505
2969895989
2990571147
311934453
3019841977
1012953224
154330779
403667587
2389944925
484614388
130450667
2969867333
1629523556
213344426
318335859
18828898
2790995290
1148729924
85889072
472533834
109819094
297815333
3004155200
296605681
3021951595
2243472535
340674804
1343372287
1593903079
2985089970
2900604366
2917137718
16496999
217648034
589281191
21839707
20026624
1047086354
78714092
393701511
391071268
1215068185
78515319
2432896130
2504284522
3031935447
16550591
2203777143
424585598
236558294
38685589
260106682
44280230
3019958724
50149573
2979982660
2899878690
1575105884
214803607
3039737997
17350056
2747041080
44694288
112229088
17198181
1959372919
2967697993
3030693623
2587160008
346590288
1571414383
2294436700
1005242671
2803095509
3036457043
3010482913
122167036
191712573
1071100729
875297863
75041638
2663692772
15217621
3001279756
56648843
62775754
2416692177
1737601788
2869264977
3021511729
2621458395
750860754
2920636794
1291961544
1540280850
536845499
35690543
2976963212
188492995
1470792174
93842322
11308402
319378028
2718434741
150344853
500232210
212394092
374379619
3038824775
3012608173
16821236
1258135777
1379641566
234779250
3027715299
2831091112
85149810
2793372225
544637672
330519832
3019273502
3016374153
798655915
31308906
28483985
3020808226
611817117
2396973996
103552714
38925232
125989786
2937214415
3019157498
1275660282
55799295
105855279
471503809
3020201744
65485938
112667860
841012530
159922381
241011659
1615219758
227840728
1467657068
232851033
51301688
2773730563
3008573531
548888750
2600114503
2479495338
87818024
3003631106
217753267
3034330547
3020139223
571482441
2447600095
18443944
573447871
3037379986
22851595
2407777722
19792169
45414775
199182781
26679900
171019753
387704137
2808619238
200532144
61365821
17990434
1857636306
3017130263
16978085
2634716214
79012410
1877368800
288725058
95774376
207991959
21268287
2705132852
305471038
26818517
32319546
418313435
139121816
2149982057
148421753
273786771
2399420420
224985111
54523928
114850380
2996646566
3019430298
2903779815
2992810625
3007046882
2159375137
2859437985
2501085423
3034462737
360788770
1351445713
18892984
21645862
2907937799
401571901
2837731638
98471545
20292047
2291848760
375355549
482624417
38650514
3035819211
2895521776
541053667
14158498
19500801
284690780
25201704
258790941
6722562
1215579361
1628760649
1336546646
3015935132
200909393
240939773
282311404
973549117
2954746575
2985409204
3026907335
1979135275
320824046
3027853061
2930077664
53460620
23329358
44146463
540679364
2350591307
54794450
3034347964
14166401
3023689180
2890771519
41385896
3017297005
2617372233
3022231251
21761764
2925294034
648133
2736964710
608134030
2232178358
421480833
2335119240
40283522
28669574
3005759623
59458568
20744669
2283666236
100240846
65599915
271400055
20012378
2249040870
199526374
2990542019
2917642798
1195036651
1327039964
1856259931
544722797
2152153190
26520129
2814334612
2698348304
52057157
2984562830
2931378568
351634751
3004164724
2206821847
2615506884
833887783
158664419
1250182872
56950137
67599525
421765838
2235201481
379789402
1961979002
2941753561
2300307903
105491793
1945915123
2986413650
244771778
367614467
1691157098
588501023
200409164
2376375686
2299543717
2319538874
9373552
23316379
45613674
45010584
207975898
2285467855
192402449
523838348
2993487292
467102551
3033791056
123320450
2358763048
169730345
238554741
126110185
977816371
84546396
601442190
2858218521
107205442
1105193198
311636953
2946085583
20011338
311428097
107564302
40018674
3030511726
2463715692
135972385
2970425187
3031573707
2539539228
2568533978
285899423
235322591
15983662
386175059
2839975129
753045122
3010626130
171980853
21037602
2813605158
3030206213
1534224132
2981482971
162135278
22539564
2806764096
372928345
308798930
2206224992
193444270
2358837062
173094614
2984251168
2976713984
1389995216
279923707
2836119179
322056024
3008217282
592200956
2351435180
27919404
390751556
2971851743
3030654808
1053376392
3017662042
1400717330
1268878542
32330308
522200266
2728004229
70169861
2998004862
3032744375
3001104966
3017380831
114366756
17073739
3027130228
352611889
33165894
68413504
62322295
1210338440
141270452
3012043007
354484298
409221825
68904257
706613823
2964615137
133475691
201873758
2988731696
95609322
132850067
245396409
521396460
1487574043
2870470156
636484071
365850101
354710377
2916352201
70755536
217735795
507034095
3012581574
2582582844
1093884726
2482836883
832136485
335741375
227320535
161501829
305294025
20575647
1468057442
557807959
26325224
3016255588
113452668
1235029327
40264764
14249942
208026636
38417328
975646513
80636503
3000892264
2429116816
19951287
87352965
2849657383
2845503971
2453698750
628432630
24601281
3031269429
2504125771
157364091
2806133088
1201725708
3025906673
71618529
993628435
1426488229
376212841
1237179356
277800749
509094608
352321077
95003836
2481756660
453013039
2616401366
2734066153
94681902
36307772
89903881
2341712298
75071913
1282795118
70581217
1337800226
3029942933
303867256
261410647
18715315
14449910
3030619401
1142482801
168543147
40626198
2230530481
134616979
199370857
2958572121
175404893
1686976620
2467290439
44217125
68761575
3030314487
3025419208
2861110654
2776021653
1614382538
17909564
3021652301
16425314
1635135428
716633353
2504274036
299830523
2556912626
1781667182
2148870865
2410738603
2268196818
2896587773
106321389
79638951
269038510
1374594626
3030020939
1218804206
2862283154
45040530
854833938
3025167616
3019449581
3029720721
38767440
43617900
2997342346
3029735765
2789921708
129646313
2925135724
2792738468
2809911213
1360016840
30880743
113780948
459377366
170273034
133559523
18623282
2983279267
3029157730
214003028
61548711
2956650721
19005292
49203135
337537413
531957036
616495880
2880078680
28007895
23167498
2956626957
1007074608
2504521
31107395
3027126177
197490063
332285811
980240756
557721296
409378327
19102790
61231264
121059139
10319542
9497142
1359715009
38047487
2682594717
332942130
82286288
89759989
53937322
136361528
905879660
616347684
715007568
2687755279
1320763056
42723344
279340056
3025054846
3028811422
28135662
29758379
98727572
408061664
2664621511
2987791974
1043395051
3005433762
89696219
26728281
26754994
3019244015
166079658
25041625
1449840054
1573659986
390524712
382124121
20779309
226642348
1112801544
1484278404
281720253
450955535
3028344389
101752349
2987488469
53758086
340394880
19604015
632619988
2219735757
148700874
112808368
2966413109
35334396
337743860
28259523
2443686120
165323166
48593782
2365861284
1687503806
365510933
3006683561
2833042387
273297610
2840816157
157543240
67422814
321377246
398632478
44908158
252129901
584628938
65361767
2583332255
2647787725
2463127535
497541962
830572669
159145115
3028249348
16673761
2482565538
3000355997
261626101
200286615
2835120065
1551110586
517708656
2892955985
516235688
2926469499
1625273238
861225481
82860169
2261554062
2689779703
2230142424
121107102
75848382
2232318971
140417776
286423178
360350722
228098801
61969053
108023506
27343454
2371100030
478414902
132827055
2944143978
255924177
1242227035
459210027
339705003
18329953
144768526
1953474084
11616342
474923191
2809562651
154528552
41550531
1172039023
55303016
203393074
2926511498
42520414
2841417243
2534680032
1687780675
126685659
273422344
294079184
533959038
2385358772
1711425638
2270700198
1474771
3027705160
14888722
226031638
77674273
2598367849
3016119157
39201107
41250241
14367280
24659460
206939640
179381524
2990053952
181810564
3022776808
268887787
736941211
96646024
2153625750
300551061
2563662065
19394443
258048728
40045322
30672914
1426512668
1340180636
2993066702
171737804
2808768349
15751569
2998593155
25460140
20708765
196100666
2722293170
444777223
635950445
346144656
88005107
2870147335
342186029
277169539
140564819
480773634
2984772219
375906836
2366939163
28436413
58691074
533079016
373530890
2533476708
257694390
2203614865
300579592
818833825
1177737535
887636533
46629106
19243917
113218235
469808946
118392033
2542827257
945437444
68151500
225248595
144871393
250736504
607382371
29285000
474275701
3026934971
3003985530
799205150
1541876221
389968277
14877426
623552418
455666906
291971270
2882153651
248907926
14802299
1798440878
3026825745
1746837620
58250012
544552535
2990902076
15333836
2977178617
76615149
88202156
2471739910
32856510
843208874
382698863
522291148
41633889
74112125
2213612848
2894087389
115268513
278844577
361782127
22275527
75729199
246499242
15300022
2911155733
49020883
74935618
19733013
2539282619
1328210048
199704390
268871337
1381012830
443084506
354531069
40514070
95465416
190369730
140885263
307792176
243367049
32389741
73898471
45311754
961277918
305473599
2780635684
94926312
93592411
30861001
111634598
58555669
2420929863
16983792
1006373426
1353154422
757391671
231465525
374195151
30452019
486968290
104944070
144315786
2152687432
57709125
2789026020
3008102101
15424830
785317849
2709027290
51202637
745207302
1686310038
384987110
459194720
1628169565
1199408238
133879298
227924293
2994834408
377276820
9511762
3014164189
18072497
319019022
2770856965
18857922
3024212249
34308377
276431317
3014085632
259758291
19445091
1216128252
1311206868
2741270462
2328355658
14299097
2292955746
127481235
408314291
260590184
30418508
414529752
282582029
2493004224
562859348
25163309
471463874
202379855
160368079
178585979
210843758
1674161256
1690138278
2995140085
2182501051
332640533
587455270
611761315
302065416
2347625644
1422318624
111648059
55562677
168389375
3021170297
3025786751
2569806368
171079841
15556853
2387563604
466618307
312055863
593785332
184960174
2863728659
93040331
2964793426
207902491
3224401
3024370457
2369451817
33547483
39943285
2525978536
172594557
2757050738
95527822
1227414037
3021694913
426618767
600484984
621865355
3007489854
1397721710
2300230944
2370620856
2582318676
280527599
83840361
3025737712
269376538
552455409
298219092
3010905692
2453230010
20066919
121616248
292978674
15116410
63813353
461562187
310240854
957135554
120894888
44583784
79848886
635440990
3009906083
3014321302
153104012
430403470
712357689
15451592
34714672
1686859489
91050469
2966648745
1240988047
380781959
100019760
2972134289
2613876761
1504459915
1387205826
349069263
69600648
35209418
246747046
147110919
2761542210
22613578
104434808
341256115
301281496
1849049502
15675191
2871337881
461018563
539148362
302313157
611293
1533129162
364585316
199501132
914250582
952328324
224588468
605416737
313838101
1409081846
9856552
253299977
55373801
102699010
250264004
246969741
484645664
51378815
28881418
451441208
1243718059
39769112
439472294
102094184
178956769
54527637
348299845
14835705
960339794
24887793
1626258913
2535409748
281640918
44689118
2476035991
282598708
3022210683
424415961
584212879
1876669314
131215411
132596917
1056531577
41801790
54093876
825020689
42485599
230650484
2444811408
60782760
840611328
319583100
284582561
1608563390
2880066803
1051948280
101405957
439582644
1245520459
399748923
41216690
213334873
39316651
2729842818
2918675246
539879851
1510356511
156653633
77182763
753879318
372283130
81872451
2562653930
245499504
290893583
2374152374
360967522
476501924
1307349102
282464320
18041794
289936476
1328799030
93864541
42164665
264345155
23565496
2918199528
2603165922
543430733
206961363
614462949
167140082
79614364
141079752
2547264548
349472964
71436366
3017104246
14662610
461702429
128614238
203407017
248770020
520570733
1382714341
38713575
1722403488
135218197
47565538
211007437
74754935
328714224
107631251
91660851
2986688288
776123238
28232193
57606964
2190698850
428314374
64436530
355798803
45802005
193685343
40752388
38915974
89064336
3012697046
263525081
81514808
854128915
2296969668
2211433886
86533317
732293838
286981796
21030816
119443424
16458965
396091347
598771845
120789283
106862465
106047444
557748592
2429118555
289409995
1254928046
634279999
17738061
132949040
34969795
382385656
143061389
121969330
30330338
528463900
143897268
2893986790
328052329
372413881
594357981
25372793
64915918
1604061000
189321186
425807717
193001855
2756887062
331713972
1114479085
105198231
128727076
448717677
2171535065
189790737
1010780318
193713024
99756921
755719802
917719028
2802416281
21556431
725958650
2949602452
337249910
2430524132
1935052118
354806688
388998891
321994620
145555632
229353449
73341020
773287350
159134645
2196519532
1708412599
188663130
392123537
25873382
128254134
277643790
82327310
2837918674
321552872
374527145
533125583
46845509
18236583
2779043136
128968104
359981492
129888836
622673075
143505979
934331209
37322335
2948452581
329901813
43726830
459850359
34972572
2219072914
2517583957
200028826
97720152
928531644
235124702
304066091
167498447
543965730
827232710
2447215490
2256750172
460016540
2263868508
1690684952
2987134937
1391151378
2172862528
566662370
48471628
480662104
248259692
340656819
144070933
2490656941
439680032
2797117202
91348466
64814911
3011260963
2444572526
1162310730
219635748
2603549481
2551685554
53704781
388266924
181276028
33759017
775431084
72412990
3023059893
616313522
2421987529
1975380997
624707103
814342106
1396727982
861594044
2880998904
77211737
304616771
91352597
2934949894
17986163
2959818223
91199123
2716763160
66310267
223389682
70351860
20945795
1159098577
87919648
380493909
35849119
14462527
2729812668
461240706
2999115696
232715172
210755629
338998150
3007788722
52514667
583666325
1914805602
20711164
2438293327
377138944
45289602
184383097
19451594
304008043
3022042193
333447537
2155960304
18896983
2646869028
349589606
28772451
18119411
1141698697
857423545
25140972
182507149
376603994
25687238
18890808
348309839
90868203
980252658
2954799646
972157045
3012071287
255182573
1247810600
394743000
407198286
59056709
187621898
286170935
47882382
720736294
379282408
2416915340
404796768
99451023
574020444
2954168698
2945895996
92795617
393765284
930435637
268127008
39015818
2428973711
2278812518
14151799
16549771
961524169
56311964
581378832
237872260
270063798
966879510
709203600
23503075
14319199
252013131
39667934
3011831052
3009560516
1388600742
21555789
266796700
76983422
116065004
2286807644
629599647
42863501
2477268265
53210959
16704290
99445393
3022409567
359757503
92622723
146704776
85821120
319310155
15929200
3004253893
2863985003
328348281
326190103
623050770
83682410
112584408
105693576
2981785311
1280712108
1189695482
107087715
2218048513
494265392
257360454
85567550
633471558
487027467
255009665
2987396798
2932901221
2677492568
95422530
149243655
355849964
988414478
33523207
2869583071
2235654932
3022142637
2980012271
755501713
845116519
2593415844
545865649
64964670
90807355
43330122
57813880
2886763943
2464212984
11498912
325854985
61140641
313328735
37186198
1258785955
2950143418
19663631
56688704
3006198800
23555606
615991593
189511035
202266950
2320884936
369084179
2913321535
1646889660
3165091
29842357
455143656
901879976
2925488314
614068636
863145163
97810004
16388521
2362460303
184768033
309437905
623218289
47306142
40643652
2801922799
967458271
215666055
538986675
71957869
2318529108
39383253
303840950
3017727850
1262075408
1125016986
249461524
2818923748
323204943
2804002538
357450228
1142741119
127710159
317109629
28308491
159978464
862950913
950878993
17917326
108543575
542082343
484218232
255119433
377972561
391027359
1392589315
244819703
2832762162
109432952
2930950263
397040114
2967639760
227620925
3014338353
2687933910
15133646
40875768
200144577
314823898
468766951
2579809111
61721682
2259026352
508699655
2285613060
214611659
1688942797
588270908
1073442744
2938350363
31703528
209736188
2929352489
1361179938
35766465
96087357
18331589
423920247
95953480
242865630
197493228
1959219410
278266759
19908633
33224970
730465274
571953142
2375959441
85174413
15957273
1905006583
176374668
7483852
3002896944
80206435
2985028748
346032430
435582859
85225316
717099095
68786843
9176132
53764954
2460780833
1639522694
48575505
394476530
1948177512
2711348580
19408385
775966926
2748170728
106202967
578610385
43061305
1615372057
58251269
17133953
280171098
14990799
2424208112
2835953427
44900100
589123512
466466231
35931526
45289456
565591847
103430420
615064924
287165374
194188258
2935591245
2330879554
2366379011
1122913010
316601473
2640236444
601444989
478997294
15020612
850844029
3020192597
1365187429
70568938
14992342
357839915
2727336081
2790424920
260011597
164008488
179751014
2427436164
2978458589
195766327
3012584121
234527997
19142645
1407474787
2961924075
2519578368
148842057
147831433
252072469
869953716
2357472391
292910581
476458508
41307245
2315226532
367717469
63966391
69851742
3009942125
132125954
1605539178
80874166
389404914
2251129142
272803927
405030950
454766740
472018298
1671121280
1296089654
93470026
24972204
3004062243
1384767774
352370023
409789413
67176571
741649496
12060362
61101291
282572707
102763191
1148739992
122430710
15474181
296301584
1479953226
146168200
246718683
134871244
2566685755
171905086
3006812532
27481864
126695966
1686292909
348410223
67862389
270797935
2258967199
3012084785
17538873
103966688
15968004
3010242056
2272799096
1309898660
46744206
346583836
475624802
250405741
355390566
3003206592
166297268
1905820926
15317502
2184981866
1024183111
154322302
1010033293
73371889
7789862
1707528500
2873090446
400050256
2985562791
371637548
366010367
375005256
2741518502
833071500
2998197505
373227161
272112719
2159383754
382347581
15666558
243429494
2652540988
22791719
579040049
321952654
1297909794
63140569
92131408
1130517692
2842537215
435489456
2425698766
568857838
279098021
2187499659
279254368
15058072
2379473453
108458599
2726300399
174999097
2877311402
492294698
2944750296
2890908779
3008516789
2942560530
337221159
2179454646
1046317788
42973601
307511700
14993872
47361920
62222648
93317799
32702139
1936286858
216820969
80111432
2997003944
2513620814
63316182
1425070122
364305831
200591698
536802245
28973484
2989730752
2310212322
84084454
461623581
28158942
1151409774
2731359862
2839497466
631874365
52196662
14995748
161267589
578554021
54315501
2834441599
127571043
430564695
409588609
56388873
38942645
322408621
80955497
2795287042
1586524897
598752748
1073130764
856356248
336566490
29454066
1887732649
2542117530
209040337
2998720365
28569572
116061194
2274929610
2977068838
335880710
352435247
176939928
717699067
324510567
3017216169
3018449049
398211646
247962370
179678504
138123118
90622795
12288922
2521045309
2838500113
2163216817
271516598
2312540119
849260838
1273794691
269822727
10201982
2569117963
296538144
45954780
35941703
1488694610
363506204
2784560047
370558480
2546551117
2893165449
430456122
45444735
2924657048
321422949
2984494071
428232779
2527769701
2976547413
2487793328
701013721
284064089
1280620920
18470571
595690151
150047201
2190086317
428097503
2457490796
98477725
258151703
132630716
3009302060
120298866
131807643
19080641
227995689
14898472
54486503
2315957575
2261505461
11623052
444980587
294240923
2669479915
887338171
2678082392
2806928709
32054438
275654840
629275571
2330177557
3017470757
293074340
311554184
114316047
145846458
286286144
618287806
2202500449
2297848093
29837168
3017168632
3000934844
142375624
29192568
223137081
469541152
174926471
251196512
308226514
226134677
90111530
3016738553
2885207885
14758384
327252915
2674710153
44397700
2208231106
49375783
1058456574
44305389
177140478
562473646
3016400907
2933330478
2868943610
824267960
308875459
2410832382
228232011
2238918791
3016244325
813112573
271138179
225148964
2575409264
2717658896
91947427
135919673
14337158
2667464868
2244052267
3016115578
2942909055
31139537
62080314
262661288
104870359
2933096763
457380715
464327109
591499210
2996624676
1083000133
46761800
239979040
324592222
2901819315
237488641
17568647
3015602723
3007194858
3015534820
175411436
855265310
27162905
309130631
215574361
436786858
1185945918
2990521972
2647379458
226557057
1681288502
24702180
2955739002
401602184
107927246
78085964
37168456
2773790838
502484562
144982881
2778518736
2763813299
151237286
3015140501
106482289
13581702
92957698
1503215738
68885284
2201057493
70987658
371606258
30055228
496742812
825933152
44254759
100593807
1565276004
3009466016
22445115
18244900
393388798
496685707
549025034
2595884638
616275911
293713469
62663626
153358342
174988563
69250383
28187284
13292192
2590129814
1276075002
57898246
27806356
312958069
72698649
135010187
132496650
29718250
2975343322
10300362
373946506
360916244
2238233965
606426807
117973038
121540934
71422000
44668069
29304906
2911444780
64022008
2876166052
131553739
178734733
838484058
26837190
284103562
71193514
264616537
87770541
109087468
62415556
2931181164
118720899
96976282
84201607
124946019
39057775
784280676
50303089
1261048926
2913535520
242172853
32780201
43373905
272413798
32222561
139533015
2461010940
2925768477
731357724
495052503
47174086
258484400
308671192
418665120
1926210073
2791762738
69543723
199827482
222433297
104807714
1171828249
442653799
2891572817
442866662
133049501
2554486790
280951589
2241247345
14622936
54880728
988514534
37164500
2778859269
60481591
440876644
2949141197
35170479
35806891
2890414102
345260819
14165071
37397236
99096232
198697365
2439181510
427199857
827489022
36088904
880228664
169147036
132433046
23704556
433921193
2821573963
14817331
2318111480
257980302
476283965
2997422987
124822178
2422652899
346064586
319481099
279351295
142382391
1361380399
42661994
2891421999
247444158
58338880
552983293
17244070
500574306
1682056075
2452188660
2179151153
52165777
12429852
158254008
2494191624
42265208
74585719
174729857
31336570
2677800122
115570943
1033730233
257936656
2356022262
30770927
40716234
278022082
142486634
1717647289
19160163
49550044
133099044
14287868
279184065
2995018311
366717507
2997827490
1626324007
2238384608
2363984658
34537800
18418844
3003481938
2943492852
599999892
224869103
19276997
70186564
291988433
18461388
18833213
217940008
14920341
570519112
873222444
250285891
2695796478
35681425
36392803
1721121847
854816742
44140647
2999944455
129554404
75285933
220392419
18000920
3012916660
267568493
358773756
336961555
349156343
15292346
1192682575
47307731
2647168490
31346151
9693122
2237207139
15039436
2997764206
29247068
120596672
437582700
2427235698
28256490
163404139
1130763074
311764625
2988996149
14870804
2535837792
303788763
408237511
3012647009
609928588
1210980792
1010527069
89099950
2976082689
117578305
14537425
14520030
322611500
71317290
385909628
573904215
3010249859
132594663
321469789
79798453
30681647
65207351
17721887
206382011
2832616040
15116230
2987992970
1531575558
17485503
1287751784
2425395734
2519538007
2562631238
2875995875
3012380069
2564515081
253961301
100289089
1066783550
215180522
42630775
3008038272
100469202
3008922137
3012181073
20868234
1516494498
554755449
36269666
1382036016
166074456
87664124
69593661
2997332873
226484315
12876422
574884114
103544079
30955124
1340644466
246282211
136942322
23573634
93745519
2693932340
1173052592
69325752
2196147438
112951011
3011435080
396710886
2482127419
780753890
1951741394
86926084
8181742
297553019
17619460
289566651
2993748841
1228243710
124723545
26342747
804478357
1886892078
19785144
324740346
1354989638
331946309
234823698
197500407
2492620555
77878071
2556358926
289321753
17630336
158810049
1973878848
411591330
2906568456
2801818596
189176498
2680340605
2380547988
317657145
2373496362
1964772620
821069292
79089832
2800151220
256228022
474231109
2902560420
2780397745
74946653
43866473
2496033558
2923562970
2577122090
396870965
277834034
568358405
149982330
1062610116
257583767
26667587
214842734
2286694430
2919871705
2937376818
26356687
156872117
10375362
19279875
476817380
109124430
14366375
82986459
576841056
264626031
49198369
25225775
2974214432
15152658
24224250
256844667
332250438
21164375
45153953
33207101
345966189
78131863
412370490
8008182
135605297
226423037
1450419871
619355365
226383144
45431698
54269377
231615644
2170486014
2450409324
1254661694
505011414
1357478593
252807877
339660389
257976415
162844791
3011249645
363788422
38256802
1965565988
1429106689
65184534
361631304
49072892
143956609
66797425
3011118178
343825584
2971593725
181768651
22506916
245313035
1059238849
230276715
40666401
295239192
112214913
113845503
537041780
596701090
257166124
269033941
122759220
26107227
130260755
92775339
60908263
409448603
139533147
228315861
26278743
2352566477
3006235090
253459823
17658465
15319726
227283816
2277577011
52735470
2814617133
367173756
1109962885
18568036
44807090
71857917
60476271
131943068
174305318
2954004682
351151769
1932323311
61706125
198228382
195311828
3002503354
1655757055
2534141295
50923035
28720274
404286959
21770409
15557685
498778937
286317389
2732661450
81376193
24351248
569325318
3009696371
1688877866
190707592
2276895303
242774994
31706553
145955716
3001843203
1120299054
286210105
187976128
237722566
2997364843
56637320
82872507
2408803536
331664282
2321312510
219915935
319394047
144522626
2938367480
2686915004
488758345
532511506
2772379607
747660619
2960833777
114741213
1907968712
194058317
930181980
146578713
1058700733
23899270
544553225
428482513
2319285780
571174358
2951634068
23714681
3006689539
443774390
2514723607
32674835
19059966
35464920
254558912
80723055
524148149
184565108
113453570
36839595
438675209
468631352
2733364251
2188232929
2797602123
2626742148
59762009
80562632
333092591
422814296
26911682
18443829
1053330366
2854822709
3009788103
253433587
26453592
322579008
323935093
965252790
513530365
2972026494
78223079
2959121901
214627061
2789384089
2910944046
2716340250
63569852
2883825090
1112913168
1923359533
634426816
2712467846
226325316
16892671
82090611
58183495
367729257
636910269
250831748
376645413
873626288
2959277738
147325301
397273150
270031787
210282748
36839048
329430326
232530428
2569779230
61179361
2737093450
1422372998
1276014655
25085804
17442108
150716467
42565431
23242230
3009136713
831111164
211568112
278694373
2455830788
2759231362
507566266
431423387
49105323
914495018
816148513
2841823717
17130821
27502038
65151593
1766882809
250451199
152727258
1538205216
505357394
2566596997
249838183
242022954
99194740
25757944
63968824
18677260
2971339037
97488778
27148238
49919267
1344038754
115933905
1130434344
2918082959
45640120
1925041688
101882067
92300715
191969398
1561545116
15615073
71719301
2854762361
198638973
104618082
210488585
345874631
344235278
594502682
564237699
229930333
436702496
1255011847
3008397262
1244915996
275206584
115842325
1953071791
758521753
43361787
260770359
179893120
89916578
1384203710
382891659
1061407494
293966385
61128949
257824800
2460829945
1202276791
2988424625
300210064
2995941518
807872636
47907192
412390524
19113309
2958746780
313992673
2894942609
2997534971
3001549443
24798607
58270174
86658641
3007771329
59496128
2917340688
186248263
14945979
338332118
875609286
151265524
2925213380
502049524
2296359555
181563665
333850013
198838793
85537696
237918821
478457709
38726030
2345518015
379363058
238847129
2236738266
61840649
107452106
1615002061
84569716
307319502
55775464
56713358
478170863
81312646
493294884
2894849140
198828140
2778488450
159876494
163462746
63581529
531309548
355486300
266891897
2473405494
241066692
3194041
1544135539
349988175
599236320
2978554407
203478861
296436866
274944649
79202492
2857000697
1429358515
261345742
310399929
987555848
87415097
354946981
202289833
92254636
124663592
949968691
297660023
49017010
428391111
444435046
781999556
2844978793
2934423114
1805772422
92953697
2625406457
157713134
2191738537
471674884
2951483111
187234532
2247236394
2919135335
962133134
918151616
243708705
37031402
73399874
303827786
2805670070
877688340
1482667584
214381298
2498284212
2273444358
315404093
214402865
745089066
2779922700
285721502
228042452
2899020698
2418101
2197517966
411464152
165964538
77916051
2962185987
1481732047
2973960471
69710011
252784378
2193260102
323367357
1377142861
77304767
223567944
90195963
1239551378
18436509
15656485
28868960
196941801
2360041843
329056011
164586694
1170308575
581821518
146120119
1382421866
2294177303
1000208378
218215405
244290058
37909449
2927533491
27374398
233989392
408358228
253558242
113581001
36945291
264104335
402360729
554761240
2455875302
2343895700
2612205090
2489036424
20629939
82042589
135874312
32773690
2527916511
16867534
527808878
100408974
238759734
576606186
2558097686
2697829807
389897934
169119420
237753866
465121000
67514449
485541156
328076497
368833714
1876451168
2667200984
2565375498
92844620
147409124
225830519
2757256327
161510255
289533787
86968021
461928398
2749418489
253286474
67352253
51511983
97283547
3003119705
82633692
479575328
362063933
991428902
554634501
440905377
110141695
442395550
113301826
87800037
210177267
363050613
2548058010
187345282
757110690
769889102
364999715
1918278175
21192119
552184493
1450700352
2481519037
30944765
376489476
1585363832
2418410114
120594472
291936792
91657149
39597201
20087781
2998862828
387947550
265150638
2424387822
23055628
843600013
293397381
424122265
1850651820
152744482
2176575307
1491451518
1560404713
193784849
245917342
1169254262
30591918
3002332650
21539365
287817051
89169337
485063311
231974377
158765967
2739236492
2565342398
2826299222
767454330
44539570
1412271360
3004541975
23977339
15102217
2976846525
1650989911
214260967
1971458190
118377975
37651619
443593324
246367687
485070134
15837303
544350313
2953808444
91379150
2300460228
252781165
701489958
384757121
610768320
22752461
774535346
112760595
221401150
2382266227
522851922
35198553
2805372078
2846858039
850162872
204640510
888218449
882151345
1485776695
292243483
125481375
350332607
208876613
2206754604
244613533
2718091
2786535082
2925392518
34763201
130501117
701159046
2766803045
50570785
22908175
1164433994
2201333384
295468072
48998458
242732122
362198585
243564165
7505002
263596267
2994050918
56546647
14602582
361185136
347240339
21997116
189663554
2891247751
13002372
267649496
1704781584
2773758769
1858741117
733538988
59352273
524876033
56517136
884497416
2994225760
383671445
353023834
3004715643
250509998
371458618
125392465
1872058556
3001300757
315249723
1650421969
121243974
368293165
3002994416
478949232
56993444
15595866
2905891040
2243416943
545864014
752634733
28300272
264069487
61065316
1340286434
3005048243
51962881
132607443
1912804076
268850561
2894509640
3004532085
238848771
112655370
282304731
2842463353
115182861
2987192454
1509038167
265939303
138559817
17905560
168148340
125970916
1649467741
2997138592
452089290
152893799
324803519
2856386695
2318485374
76647852
1880357370
27347025
602458184
242314606
308036555
2441795318
75970530
830691932
231578065
400774911
225568277
39557846
269396531
40588884
141828697
65392343
2988682170
2708573722
363021165
2265172668
9166162
209948966
2961260615
2284278906
3004506598
3000891624
722883768
316394551
2279657935
71882572
248139139
610644197
2717086037
183483774
2976507786
2991499659
2953625314
428892376
38350903
1235894372
264547261
173678350
1336514904
50943448
40969984
46285119
123471523
81060291
473027140
68011692
78906474
47418814
2402017190
111376508
1477831116
6549412
438483730
2304671246
244397064
100566977
254403021
1465554686
40315122
1486650326
141584665
1002128797
51463455
844698265
1132251566
257487994
15203948
43342139
2520147405
959401578
165987136
2848308406
21536784
20478088
134827644
293233715
277856443
413979729
617523757
553282568
302823293
114200818
14837920
29757663
15201116
173062910
16188219
43636825
220256854
14705920
437376056
455712640
223443440
588455163
193959826
132356080
29056111
2840770197
388044869
378207767
23932733
126317609
338395510
136283300
206386791
377557626
112381922
2907388180
54213144
2908087023
2975275474
21472879
36695255
478086051
2846181088
39961491
239630391
625235816
135422271
203147075
98530849
569810727
366510191
48486051
835155378
1621990140
35374179
34035612
3001310451
736774022
266171851
119970164
25656070
2887178877
31129966
2686421206
346286614
404308804
17534608
390933862
147341479
101778063
291595485
773821860
74817320
204743601
2424135506
544314731
222881860
16158769
173616323
248334919
208561983
6132682
2997303805
29496081
186935021
611295987
279762000
1251052830
243303440
18966149
633997631
310359125
1265162984
1023601848
15029309
176758979
2181426288
578884159
61912241
14393009
18526485
253115921
1529762263
89798177
131059765
1629900458
5689242
325488405
124030001
1060151845
43207792
16592758
443501730
100325834
230397939
194379385
20914908
437340493
2932128183
1850498881
1321458764
1548984698
424960135
260721216
125273683
53321473
259122144
17340030
98583384
278448819
95080038
49685320
449499588
335151068
2475352946
1228298263
75689272
3001089884
2610642273
310403242
989929411
21503637
