477927682
228484504
214462036
297703052
466542764
24920503
55444164
388311789
104605178
96142400
1007750011
279072438
389424452
2149862778
29987794
2605481672
846881576
806772144
18774436
2839498091
510472165
932373606
17125372
3312261867
1246797624
132495036
389483213
633218663
299305648
2949055679
2278152037
294840558
2737845825
120356975
3079143021
2718954461
3271840819
71133338
3366060849
3253813566
158866793
260821136
2465346200
2469039151
1013208692
2306451603
612656953
3272013296
3148639214
53726170
3271946480
3366059026
131974900
3267579918
3070015506
3130874878
126902495
333663762
3270451819
419877501
3224700090
3193994683
2803676720
3365956570
414072442
389321628
595771343
876188256
177394445
263302844
3259891886
211778392
14344773
40315660
21575713
62293730
2944783841
2546571570
2245615306
293983010
2831505629
629726918
3358751525
139093621
72859016
1229934686
53920284
71730854
736849652
3217057486
91117648
900527323
149061618
53902927
171798888
3046199625
587721817
949187779
2820799013
1947197976
198246608
787024225
537414910
2895466956
240854605
44440316
571351362
145435386
20219433
2754047600
1648982413
3457971
65575190
30790220
54919396
128951054
1178603286
388599192
1370971796
1458289860
517216552
143589100
511089099
2327434922
3348189077
24122635
28715830
293337251
95007618
3267690841
3115115306
101579966
14733950
15452154
3271311542
1553154854
307585177
906659858
62131111
955857140
1186562400
1860567102
3270303090
111987665
398867596
3271383943
171832792
460199829
2508231696
742621862
3043469645
321606756
167822958
2694571513
3033578968
47261380
3271386949
357936859
3271150615
1002869574
221144932
3194522111
3313353689
32721399
30327250
270831829
1225720740
2808977209
3263368614
217117421
3301113225
3306393311
629475025
266077362
76266259
3155141847
246819004
489365726
3334030169
2357426845
2621758373
47214601
71627282
92588059
3362787683
184434322
315203160
1547995380
790953578
49516954
2371355706
3332995042
441208893
134990951
304230333
270593710
376179025
127699904
3364404143
605895216
2886676808
762018018
863822322
3241357574
525648542
137041467
27939028
565621332
336826427
794238073
3290687829
3349024215
415068707
3258128425
2680205424
558861261
3091920572
48716822
21260125
2447994041
3021575929
1449364898
429845975
1589323406
22330957
3270331676
293380038
2656353912
122643190
43661765
3353295544
3301829836
1344690644
57802329
95903698
570203064
2602356842
3314136591
2668690651
1485244944
1241085486
136578171
16517881
795229790
3090557035
825384108
81600421
716252968
2872967776
38208863
1651902715
21315700
838706562
114296195
3245375012
3087178744
224582736
2557250334
3161882277
184197102
2249685576
3305033506
823928713
3268527410
3288491506
35086782
4823681
103110987
2806383704
2691268585
2554999687
2813305266
164385940
2205888986
3269268474
21053649
772537525
961605517
3268495046
514575663
148845593
3347355003
67549396
2565430816
2830904997
122871816
50517012
3267769135
3235968005
83186534
3361468492
5777222
3363406624
3099651345
2200554174
267262053
1487684634
3238024399
727082922
903919422
1578635730
380999035
32892609
3256844279
2865684599
2217841862
3251031721
24421957
1918660320
84634104
521009724
3343010147
1083367891
45968906
379891392
1462693014
1380119137
2160811102
1311977749
3334975073
3342092152
22939959
51131516
788023082
3361820086
41128672
3003980108
898875493
3362939410
2571932443
3270260846
2233626177
2805253424
2838440785
594257514
1300618933
222116088
394205058
3267055177
127973484
3327991822
3023211705
3361532877
3187479388
3353667009
3353822854
72247040
2802858829
3270147224
277081955
3270216715
731356309
319610183
68206939
3161972772
1618846999
613868721
3265724641
563768654
362109170
611156911
3362390601
3179050945
73360843
16008404
3269907882
542709676
1190875070
1105270915
3109928168
1854663115
1107346567
3014377695
2673261430
109096140
22049375
3150424566
3269885053
2462407376
2572948914
3065989071
115301514
3237966341
1624909537
505311206
563644222
3268436336
172796202
578772470
326210826
152354977
3268006694
348999484
3118844065
118438597
435747810
554698556
3334118709
165884519
17442522
622607401
1414380241
14548855
2548872866
18221048
3249454506
1398229782
3328542891
379327547
429475690
3269549136
3361820536
592893506
981286562
950576912
1258381974
498071678
1392756067
2891803989
36629182
5770932
3361685315
31121892
17372406
15188387
532615814
2368681267
2910323068
2420300076
2286332714
703803007
18533904
3188300262
259252562
3013789484
555413615
3358025795
3361421085
826108939
55045894
219764904
2506328905
165180252
25705326
246782606
2570225467
208156987
371924760
247476029
3162987818
26056479
2886743970
1073515410
2416537778
22387968
3246648944
3361230251
3005190438
3341011451
3249363590
69324775
835050739
3361125683
302175411
14411194
92516110
1673018947
2428874091
2561216016
906958226
174655189
16957921
2899164272
68685083
2960106759
2873603785
8518982
3140068333
1336966236
2736167675
1148773104
3354918543
36408387
91410082
224412615
2157703350
20520051
114393371
335414039
89134017
3129437703
2436705422
1526445348
2578693926
77994562
12451252
137307880
3360544829
2574332473
31483955
3335949143
19207575
323619599
137601752
29031967
42438990
616051094
952496269
69022854
17095533
100212934
27579932
1363665745
2991464970
11622472
2466614187
66963739
2512845319
116140626
181505367
3268856167
2190146204
766924502
3065104520
145760159
566492340
241204031
776608842
309758637
160310221
2422491464
3342925631
115374108
294684894
257477284
1084852920
2263083847
239854025
615637120
2960324576
2382076955
2455710913
3359460051
19406102
3261499531
2474770612
89446896
15363278
263886193
3102626921
99800979
207359612
2994980877
239392506
2742299641
216919141
20378887
75926634
3167977914
183270861
2345700558
3311487681
2203626504
2994329176
3127954192
86363998
91834681
3347797673
14142156
2714054227
108444083
15157716
93241327
3003043753
2813769584
131203703
1259566184
311008420
42416559
31687806
203366169
3359050805
85916416
589087881
138188936
3267750978
1893393354
2404989840
16854340
38121314
3222120247
14553936
226557996
3347880748
134519627
445728556
71994017
45825820
67922985
384237037
3353410955
17330242
303202575
2795628019
212144868
20872459
1523563705
3259544160
3100718710
2874542766
3266273552
2878097945
1435754694
120868696
3358589998
3267958752
8046632
63820836
3352946795
90064437
625872716
2831810940
190413709
543430831
3214616889
379085907
66855397
1659758298
1339323998
55205506
3351979541
39493097
56459080
3007332521
3358312444
247044113
298915379
128799032
2955465096
3218132522
2334590916
233207358
39389453
3064260834
3337977250
69368114
102748461
31972053
802181600
286682738
993317893
92444261
3247437229
346318253
745772388
3024841063
425517630
3354309814
214923296
1184433697
782151194
3357591065
292396236
352678051
445382154
2840207152
72443031
1397471917
268738568
2279025906
14786925
71757212
267534231
14499932
98079677
849550860
2230793036
252982495
3047597276
413675231
2188984983
2184521743
367423233
383789202
138484849
3266017591
304859791
149793900
504687298
152368803
142731644
3357097137
3353662439
984740167
454555105
2158655604
242855395
855934628
469477999
38082907
56529831
983308231
158035068
3301906294
1719563730
50777705
2407057405
70499327
199458007
1724287542
3267154262
2869489134
22405155
408946377
556241614
15824224
358897766
83547157
18473756
391291399
1201864118
936878664
48309480
160944506
94018853
596520187
3092550201
3355270365
22959541
297741712
3091636253
898829125
3317534332
901766958
633201139
614788945
22556309
17420971
570745484
287663440
3012677382
3195888196
3249403645
442982290
309878537
226531195
633094680
3076235364
704205330
3345287115
2359813116
3249644377
1210752361
3351512037
226822615
14065447
575619606
163419462
117097975
2868997290
3265757107
70608139
3266709362
1272552379
3167190901
2751302535
53402354
962746003
3196572712
30281405
24577066
3328557885
132770151
50553003
2797879266
3185199836
19922614
1220429666
209423044
386933381
94431975
324282150
3081676228
2339711985
122617158
494249542
3266561610
3263669642
561762439
3351410301
350637564
99894689
2201087535
2750932586
61395449
95526347
33963067
2757457011
188359247
272832064
3167601797
306529475
3337037632
3103379825
3081455520
17376620
27756640
293565121
3248344847
2891060234
1379748937
13873042
202152839
2332675392
3236831574
2274876012
2735376803
1023704594
190103764
3061804813
2865284436
57112365
2869045845
42967339
3354933747
220174710
603536706
111656586
212329960
3355463327
903641359
72989728
402253976
2166040129
80711159
3063277571
49669643
2356490844
124888451
3045868860
77105417
3326844015
3194957288
371843639
3354255959
952496774
143555144
198773104
2536407330
3170229224
3346298781
3002147895
2920207207
249873255
2883174769
2205264978
825594852
102918778
275190265
156053294
309878688
2589164366
3131063458
1029324954
20887041
1018381363
3344435645
61632803
1323156474
957452881
1347627164
41286467
3312864237
332228685
3353531121
52719056
3354968536
3235050020
3163032331
1430279852
192487205
430654553
108747975
3348796421
2872263533
32988780
60300310
360301819
3354630191
3344763178
1850560488
3354734404
52365822
368399546
280667520
841714548
794893088
96425613
3148070453
418209600
2865439818
2959281308
92454895
25007203
270464883
781693831
2720282973
587984917
28226939
3252664466
57168985
37754016
531878127
69820641
3260475996
3260670974
20891968
1446894253
3354359435
46507258
3265552374
1074739494
368671955
42263173
113092878
3083072226
3352392959
373548762
37906809
2728625597
2856183974
844257452
45379493
2370947408
482358929
1296559357
78480183
2721266457
47767550
3154293091
16311335
22653951
2736233691
401044670
2337509397
35437024
3322315696
2951346135
3325306113
32704884
52625630
540329418
113672361
37526255
329920571
130414598
4265721
23820546
2424664196
3293418869
3354041518
274587789
183403491
17795081
3028986174
1548821275
382232142
572817248
17262634
3258097717
138444683
267909153
596864629
2787140484
3352176507
1679077567
469691380
306913713
726103568
259477764
3220879124
28498977
2472832860
3265033711
1965167317
334811168
821565012
2633973785
41205402
755508314
3264767083
3045055090
3300788753
2264540696
3163643250
367255566
604348315
1014909391
1257494460
247542295
3308509271
92987531
135195357
376614182
35422567
2941386549
3035168689
377388529
146019629
127824486
1336245290
288302150
3234049752
3143358254
47196255
176580657
347307553
3353300793
285565854
3260397374
811827871
1092893965
80314874
2678223955
256119331
3007380944
23535579
23091900
136018330
771484656
3038525580
2310212456
3353213249
60431342
2174755196
3330798220
145484588
369654030
249803055
1410339901
210951597
311642750
61084645
298598869
20993947
2862434165
785724348
164681379
43315494
2273837750
2329444431
2365813662
3263166728
424709711
36146908
1101329784
380513989
3260966917
233870129
3352998071
220877358
161978585
15120414
314415299
269826799
3154091723
137315170
559850480
2990538400
17086594
39044905
3340954659
255617769
278733096
117482111
1555077920
602035914
87223459
117052991
215167926
116381672
621844405
194062336
3238195762
210809806
3246906973
14618725
449207071
3073332811
33605864
3237740887
16854239
89234004
3352878952
3261896132
773018324
2985215939
3299947943
129793351
1943629340
60990063
2747993052
74404040
2937566966
523908929
103116197
89801763
862311554
3128867107
91462421
250422774
1103565012
3352620448
12241872
146609581
2802997756
3259466317
23833276
2431839022
290242093
35342816
81910970
2733220038
1358434820
2498981530
327995324
16102172
10818252
3243447097
117715404
212447502
2605473958
49437435
624473
3145169727
2177169702
2163838293
593415423
169549475
2254152924
3327202713
930027056
17813287
292618153
263287862
40315234
3153527558
3350682658
998589055
15929162
220500532
231747754
919432051
381413722
11252182
52645473
3352200197
217402208
1375474322
2434487592
1908886362
56850296
626325617
2261632848
84165156
26539514
732378212
319436719
136539650
453730115
3010164888
2911568308
870149226
61731912
34276181
136440041
1348276944
1354176888
2267651347
62161674
3331401148
3260652284
563698445
1143917274
1949102810
25232528
3261441486
133020661
15172955
422069283
82113
146255225
248696417
271384633
2773614357
34745333
123607481
475674309
25198350
105155726
69699036
2464162250
331200388
3351678585
295043984
3351607515
274111062
253601107
595494536
1086956004
532370682
2653492314
16086661
3143187579
1375549045
85164299
2195655321
3261118531
3241395001
2288423226
44483544
2869367890
330915244
390666638
73688066
127361383
47487813
1403351473
2986860161
2899923705
41834273
52590698
2294612880
1321153244
593047175
2448316344
3043588064
3260529950
146473761
150452926
3125232381
13352042
60396765
2674608043
31113462
476107442
2393230166
362275506
3347892315
194378780
2851755693
3349991535
152363757
97057152
395096082
3257917022
889626319
850552670
2209110806
2436695444
294433128
272822093
93698505
252304810
19825996
2640419489
615370198
3256992042
3348572056
69887329
1672365960
1470059095
389633234
80101250
2935301321
3348133787
32187687
30841453
2418067598
99559518
19631451
27209534
451356422
195323694
283023850
2294914609
72656832
222556075
3349609383
16258046
965421450
348634025
185298972
92477786
1383874742
67158159
2211719106
124751746
1494596978
2250136840
1926850585
427683623
551995943
495124517
14304668
18468376
456052807
912432139
2711835877
335742668
2930416675
15411112
488745631
864340356
3133298164
1855501363
55395116
3344451688
3258941749
260456770
46424828
14246892
39358008
2829152432
138493648
3258905616
2567281658
3227368940
17788487
36669573
3259429987
2764058948
3071825546
3028100529
212346816
162659538
634319458
2329541792
1733073110
142346457
415256385
16458164
370703576
631202619
3260036054
321805325
2699789168
155556847
2815711173
236004061
720762932
1162074650
3350836444
462568359
69702431
3230102070
122162218
3256810560
54607440
2512023606
141961800
207567589
438592210
311304391
239601941
81225371
326811305
138988100
794668621
3346967567
1064527699
211923876
307903427
340433607
788064601
43678406
528438832
3013223353
229888523
882527240
3166141910
116987441
70602408
2234590507
108324442
426640061
579451070
350272691
79294341
20882827
1670372407
3346438126
3255349020
2477249383
483112580
14541909
289053882
2801820870
262657471
2938997886
14627337
35019482
567106413
2899058767
2181386798
3235572092
2346762256
3069109435
348169632
119405595
3050657833
34446892
3254310402
1284722665
19306892
115521098
238221451
49168625
3247749769
165933365
238626423
1594369915
3007495290
903233874
3259289598
61349145
3325426727
334116997
104876641
2190576059
11954452
3279025186
872274798
868821266
555217789
919959097
270335242
14887532
77435808
3256109898
43652975
3349883326
87848943
1371054716
2501522044
51022892
454263867
293879202
57351555
3257105581
100232303
38756370
230535382
1477569865
504230598
308007215
107258790
2906391344
533824769
145665590
3020745766
61890691
38369288
141998245
150259332
1528516374
114316186
1551390206
138592998
84798191
3257085468
3084045849
1614748796
1560008636
3226124858
3094843641
97541234
84784805
3340486156
3180979320
84436261
560119249
134217031
614935894
88301381
343805478
194812643
1419606288
75113947
3231931253
3246098178
103585592
253164864
2899951430
189813617
3323928135
2866694848
3255620071
3243210973
3301637356
1086652718
236713397
2724368082
401555076
1285083722
575203385
14330177
286714703
347494598
388213842
474189354
3030055315
209715752
143858917
2496438584
2269926823
157610181
128887581
91463345
892194078
28086981
347859365
476251869
172183649
3258297530
337495604
3257430162
3083431379
13885252
2264675017
525884112
2316118213
50354962
31043704
103118976
38807381
127317763
2564531586
2211194817
9682602
871954248
872856337
26339279
557140513
3232462921
27323547
15041502
3321868301
3344774171
3252076080
629740661
109119800
303536880
2191873772
1518539742
444614700
827740153
2829787019
395493091
31519444
3347856203
24817935
255273342
1092255258
2595367454
130051228
3247361370
160448811
1077952710
344018265
545541104
488521062
2200060632
3324549653
2684687606
46903427
2582216653
173459789
19125858
750423090
3307206947
3115662808
2426371
159545250
87799278
887755351
3319906413
1537012812
1664117294
45195475
280618837
55909380
20571371
226837743
202145324
281117873
3131478562
441639142
306678414
62776337
3029492775
38788174
2193432673
93828263
101256257
3132885248
2479825908
16212250
1338712429
1401567499
68481868
2773824390
2824136071
3176569851
2232825252
245964525
291131970
462621382
546127840
2149280642
404198693
3256829515
207994877
3256839355
2783947871
1624225088
118132484
3257078264
223179970
3157626267
419002895
932231094
2838094304
428540293
2897063774
402758175
3347369176
55791366
3257472883
1451958134
375243744
2748664623
509238646
14147796
217476998
3227680522
2922678740
2366941461
2906495251
22404436
73633577
2354099654
2219749033
305419520
372213543
398633022
3165529449
44474002
30433801
2446106187
3165943515
319119239
2645373451
3031581981
329573881
372033812
2904434885
536547408
368661683
3248233884
387084735
395212279
116166188
2302832130
53755159
589766387
66936187
2995802460
2423980694
3176565418
166571304
1643767388
57887805
2561016867
2243483880
58146848
19996426
2959421129
390016806
2865146801
41103524
3230037589
834340944
324003730
1568291070
2541797407
109382744
2221198059
181133366
1375850100
577532326
204716563
3262177085
3256959762
1476236924
1967456598
3345883659
1660022204
158048404
3255123074
1444062428
2892678738
336074437
911483088
1701520321
494581320
305229061
1440491394
2768187955
53035588
54294172
338447506
263199057
49445250
395256826
26808470
2480047975
355889107
90144661
144501566
2448798332
2526959086
2937741517
2553769602
82956575
477890074
22893978
112055103
43191928
2166175170
1534158289
3233750930
1069699866
2909443105
1934493656
1009339092
3030501575
3169218114
1171824770
372893107
2532385483
3239018755
3304287545
2325399168
3256717130
310953550
277946431
389649550
624679030
1330155974
17163750
2978155191
148642051
3311944533
2314365092
240447107
135091887
536256545
3256164396
356597872
3256701127
3326267259
11671242
59311265
2986984682
2894471315
1342719534
3221264597
3291731331
418477071
49692438
14498014
106702785
1695135769
3172299913
430768319
2787480919
478862810
2742798229
1625896326
174350570
217739428
3345330785
14244272
2928817854
3344564339
3233432899
807600169
493467898
3087523721
1469069360
2189506561
148382653
3241933413
3332702572
487714298
3346323365
296776245
3254436541
882474380
1060659451
3167251138
345741921
209171981
2937763326
1021233224
54114744
2274731702
3110940128
95655785
503785868
494671617
20050213
3256171280
213831254
3133900753
17056770
263485823
330082856
325585750
3225621192
3180038582
78402834
3289341760
15692647
1138360658
79352544
1048975272
2312865314
576479243
315533136
250224308
111968235
254557275
1864033238
3048717357
16592141
2342801066
2707801628
21481985
2821238590
913683150
1473033018
45115023
3249017485
1315510249
1370979751
3345756263
815343504
3063024952
3256009579
291971765
969108194
1436494554
2811630158
36228766
918600284
1633475754
319809186
1198948538
337456546
529636788
1534648988
110216907
3345916222
14840438
133439948
3166004850
184427423
719514100
3237180480
274106483
621125901
220201862
59361002
14189928
1930418096
2283735740
3345737117
73254012
14885801
3251541870
1927453290
63495425
2386262852
66337799
544482635
3243290887
1403683482
1885831940
3253024688
210751313
2856598327
3116314831
3288186885
6002822
1967219468
24691506
1979222472
7365182
1450301406
3090017538
60465554
195731563
617109666
28941396
443742670
2466803168
2227320474
164030503
2727183698
2688914405
24031679
106981089
204871674
3028581002
122806634
249520717
1347695220
37781736
14700880
140952855
138919241
357745842
97545344
3345394751
709666189
349773975
56422276
355698247
2220333711
340828790
16389723
3254177088
2924130719
30576670
205156865
13282762
88449314
122605350
750657661
121048299
2752793181
3255407628
177875738
99173744
3120492055
237356568
2435914327
84522673
3253495524
116825914
3248363372
2603148481
3180206563
3159248533
315057348
142131178
3255271518
3255312140
345873530
3184980100
281687006
277271827
256443073
2355639252
2395279987
2483122153
242265989
562106470
162144326
2961299367
1284648560
87122047
249688626
2999252451
542298322
330431824
115240202
2648258541
3252671856
36588385
2699511581
217187483
233645581
3333677092
3195753948
16721775
2801922753
3343024671
3122303146
2688455520
2598100579
612990465
3343199631
509396416
450857475
498888659
3042053492
356109843
16300404
249505580
529577280
2894552375
60480533
14842065
3252310850
306927964
3254939144
169173039
34745363
16809131
2405199914
500174333
370085111
582743640
3325826146
1833498067
221141378
499730585
28996991
16680885
3254739782
321316367
44172284
363746943
3060341478
1670077010
2181655688
2800320912
142935380
121798693
788246138
133649817
3305979515
288427678
24880224
2532692814
2766094820
1132583654
46713243
2612693210
365827333
3254924275
1493384252
3303805822
65859346
36918342
3188270034
3344300686
2737743895
584939143
255848060
201823751
126079995
1542238766
118556655
30551780
88071640
3311323438
2619149987
3017079085
2767320169
52737404
421847050
41233342
42062900
3344236257
3253895910
197097120
2777146976
362702090
1279109623
34526028
567466312
1266117643
48831366
344580121
3252874802
3179582389
387628246
1498758852
402262813
1854736327
84385066
441904324
344254026
1146735277
2428502696
228894648
280752846
2650239774
229322665
3179765643
2353888105
3151513717
29951546
71634264
22072110
2855829691
187065178
3342628485
3337857466
2435121861
2629121747
3341245060
3244283426
1295216490
3325971099
313923142
40168570
3254618695
582034355
322631221
2934590107
2183820759
137962278
570110084
108211997
24905751
867127141
72515480
3096056438
3161613779
94060842
3332874802
88122194
2711969181
2378808025
276435281
3112140318
20791618
3236444221
130460421
114429287
160259899
1964641956
1661765352
111906504
2162231847
173794561
2214622489
27385321
46175012
2580046463
470536527
2270862448
1293668287
95923472
593257515
3253459202
3095610384
791640085
474238134
549464151
65501910
2590475198
146472183
105404974
84846640
3010714634
104263828
282875007
98316587
1887608875
135950542
3244628126
3071151265
3031960645
109117107
3105064135
3343382817
137603805
278359927
3231222163
19749854
115773708
17838220
274799799
3253158211
28928743
83524486
107538987
396988320
2587769430
2802833096
450215292
115145988
40246349
33932836
240247647
581764269
633914558
181037629
345315963
1955550349
57900554
356519184
728729822
1058761280
3294059889
256360498
2818392627
3300920381
2784816310
132538240
121950546
559394557
1927793725
199680654
100578737
538689906
2905076804
117530732
2230194690
3342581668
3070411020
457596033
3236919943
2912817584
384966633
365985090
432131702
17123269
2898231957
940472779
41345891
88619014
85371381
152061081
2714890448
119895945
27806215
87865110
3142684760
3321366825
3194552472
29644472
70447484
2401186830
216495283
422068281
33970441
106181940
3250750819
1329329540
3303893733
2349469580
36104642
2231889812
140376859
241632914
16414242
37926482
74400064
131876255
3157215399
1111141874
329994796
58152129
35389734
144779659
96881904
2190674400
3067209806
3019880735
3252917779
294221882
264295582
339820950
234248505
25888263
49066105
889231812
92221673
424336009
6712332
1552658664
360505982
1362267090
302582800
1269840547
15848516
3253459483
2205579523
1256878070
435125320
42576673
3300287717
736509780
1896517669
553062344
99670248
16111910
283789417
1348142281
114610857
117313119
490204452
2371288214
512578923
56893721
58445547
422217837
611047436
593556588
3184563104
433017098
2711366166
24347272
819641310
554896036
1173885782
248857059
1546961016
3251979554
58001412
261356539
16851265
337411103
3253067004
1320615884
3189644569
3341343105
15454454
89276222
903179018
24908188
598809336
1567653313
185108539
347469839
1969620080
1039743624
1370111352
2575613845
20959315
47880472
1209988278
3107058416
2189963977
1260944382
3119676295
20874682
3248100462
21190088
1715917645
536690009
1943265960
20273528
570355227
27942921
143957677
354418696
3250857114
3252996091
15394487
3229899613
262282613
36998314
2896246051
428094363
366733533
3333204723
3247984496
13222192
1057812786
232190755
842590236
2682424598
3058776727
2334300499
174587750
3015421230
59518046
631592546
269976813
2190657246
25148241
75382714
17068469
32352319
156115040
3101406872
2891335792
200919357
3331329753
607627222
3245048847
282497618
22997534
129779194
2826455314
593637670
244559410
342855069
2439649722
97318443
2212148402
1215812797
3018863775
434245686
134664741
127876011
184291659
389981072
3244607823
574002538
3015928543
18454201
1089725563
24184927
37443041
2909864677
1009460533
361853891
159909836
2791012549
235738888
2613550286
3141298812
2191154513
2212583348
2301901678
2244966120
150889078
382894890
18881620
61045337
3329862400
33915320
208832026
2732240344
1684930957
2738803527
865650746
16249289
3219852708
325417085
2479106365
48921080
3130290450
18245946
1977007362
2717529247
3108592921
63164930
168722212
2359723150
2923252594
249282643
550460607
159190762
173320139
909448453
322178319
764027569
3337021443
20714585
261094001
69744749
85476939
52769370
3258411467
18628181
3250765466
40853860
591687823
3251371874
3030240837
411742245
3339632459
2314060656
225849391
3331833917
1728181512
77679657
610173219
3251890052
150176084
3119997864
3339547858
3008126764
226294343
14259167
222609787
158737900
161299559
2597196631
193158254
2581896169
1177844240
18863732
1103438198
87892074
1581136602
468468476
48978847
290602850
3041152664
3309792723
19353577
226038295
198270798
2262998025
2949178439
2888670626
1240877137
3327552519
2314813371
1379661548
3317114968
2423029877
898769726
281834755
2436510347
2335084057
28220073
3248909449
1072094977
882526489
3310709038
352378563
1904601943
3219006635
3330377410
248984478
1195891602
34516491
3337196297
1010504192
610072141
41860668
100999803
546548634
1014084109
1056697489
3242561731
3333603802
40806616
10678922
39061744
274627481
141644444
1424399654
2323664819
125991245
3083617079
2706287647
3012516408
153268243
2820404056
165476753
101321544
2902023873
3250958071
737349768
2182082923
77834136
3250687543
229656909
3248135684
3183693108
3296482024
27186139
3337281808
17960624
3331870913
126652442
3303771687
95505810
222848737
1896820291
2267498293
876029690
1340266231
3041416296
57281126
1947128364
2493410676
3229981410
3328192487
3333444820
194181604
3059450674
3329589203
3036823982
283302811
61855639
3249649052
556842938
31720677
2895485702
982934749
21577170
117383815
20836189
161228472
3058320492
27062700
220033740
570620417
91596335
191799126
141488357
27817193
1935593594
2905718522
2463126792
3336085492
3050042648
19463864
95191096
60184005
3325694477
3250266055
183856391
223647498
3335774045
15991448
17897350
100130147
18730576
2373944757
3261946409
17464466
1403361937
3117558763
3326680481
2957378333
216547218
2722881915
3031521106
2268399540
292586920
591218245
15152724
3242610462
224369781
3229929865
787713464
2906819105
490468107
153926236
284416856
3249331478
3325551808
38133733
15953666
1331744532
2872906233
353714933
54887743
3003979306
985022400
72465371
3039624523
1515272654
3226672363
3225101835
1167075187
246398402
207918645
3244080325
130840449
3226279916
3306909244
759113064
3198287495
2586049267
127496498
1429712468
3248790632
3042328763
454247432
3091997847
35797109
3331271217
2338948579
3245533050
500246424
3305475922
23509829
526130267
2464656258
3322367639
303044789
282783730
2325944245
3212792561
16196879
3244825621
504428612
2730891600
3096798925
2602863000
403117315
321084217
55298972
488330713
571025829
1048507368
762678266
448593127
3249460639
600821565
3087562066
45383849
3247696891
3333985277
14703265
815229260
2337409555
3255083999
3327300743
3247988970
1463124823
215679045
575515026
2666074568
322769428
3232875043
187157766
3247038151
14137716
1306484358
2171728861
587927046
730805192
43306672
27226403
2965858110
3326680787
3297003215
2996812840
3315492449
2825357388
29130296
3165457431
155309802
3004596934
2803831704
40614649
22737457
14824532
3232901130
2672821438
3185952271
2842229170
3120704553
3303122020
23082732
2236308062
332213595
384380617
3331748399
1241650844
2941592727
218525044
117823124
3237545399
1580495004
3025445890
17994166
990290490
3121483769
3329170197
3045245886
295232565
3078827167
2999410940
405866655
482105938
274152077
66469390
2392604245
864933073
2898615379
301647422
476081285
41377121
1664450810
2712965018
15038481
1667535787
20924915
102719564
42988081
3231684140
1685234611
608155216
1276100527
386682961
243689908
3324235991
135514709
389315678
2349200348
3236148478
963556302
573799612
78044444
31018680
32460987
465192033
28618225
87192085
3242497157
1877585874
26139254
12424012
3072758309
369160421
3282799522
1047016328
120291697
15297769
1094354359
2956411080
2219601374
1253913282
3325540767
1202258419
147843518
15361286
2677219885
11850712
1133797916
76352150
1532158836
162175570
1152337314
244284994
3181029691
26304047
2361756656
19911373
1029555858
105278192
3329817826
280352758
402313564
334148593
3295640908
114013392
2311940371
158198416
2894467213
2307163236
3331475631
2295202098
23628716
2798131610
2994793137
3247970018
1666998787
3299146005
3248040650
33263538
1551221173
26077705
2308672964
348380789
67443207
454912852
234665708
63618345
3178334706
74926152
97717952
122833640
194317033
192611003
3307349753
130536213
1075514167
3327380091
1923442902
73836248
236605310
356168192
136038315
1403072029
175333516
3303104398
177183800
544070850
3318673955
202498468
2890981349
3240138276
22391681
3041178684
2431374006
14292402
3082614321
23356852
282540578
3130603595
2686772850
382230175
1464848388
3318347801
3090726294
3164687554
2532395696
3328117881
2499254994
792544836
10066732
229841018
15428195
17804012
1488203444
2325953066
272656572
1276445106
3221285403
177096249
3190586167
95563261
3244438556
1385798394
2227727846
1846741784
185203136
3328267959
1349607438
290753747
563962053
364577514
3153088504
127927399
185494693
2387195293
47281023
3325553181
86542545
3220969507
59378818
723197702
445057029
317018886
2830626877
3330321928
3219744896
3318267652
251874871
2460139217
3113065066
1972575000
2975307525
29842300
39238744
3330114645
3036095216
2873554545
108453488
239894142
23853987
463674106
707215093
2800108433
89478242
14571693
359611738
785570065
3328671027
352720479
229055095
284487874
32260928
2909195516
2960263678
18273043
2563215338
3248720175
3054137751
3305880298
2270779755
1254127885
531015883
5850722
3246218646
20951572
1577567460
51463003
59211121
843610278
3040675538
3116593725
28222301
2273059277
147834047
61295019
3317810117
29537883
179570810
3329403298
196974824
3246759992
3025062904
173845493
142499906
208700521
18160092
2657809580
1091994800
24901039
134329834
2906171628
28889651
3187113920
355504674
140244284
2767863732
3178721624
3245564394
111622619
3016498178
3108255160
1361040253
2868596790
3229261885
200164614
3246440628
456327465
3187454300
127981055
3244489249
568556540
494188161
22705311
22887734
3228485250
1916116854
3159273985
2787115982
3323737540
34457073
131279041
2212803592
2868573049
3323779168
50175033
1137734070
311449147
100477926
3185593422
730269001
2902364503
1454688476
242654762
248259788
816782160
2446639134
1314088710
3219813289
68923187
3192077025
2384816949
811425600
12854702
309306318
1372198351
1259833194
83893607
126987072
2429501908
3300635019
71669615
3306003689
3219495558
2309641452
103871272
3246273025
2824246366
2954347776
571237178
33063845
210720880
25786544
147881286
400127387
386019432
3114294512
3326882157
31128480
538951266
2914007195
3225227124
3314743475
1070657004
3326587679
1308674612
2858816852
2474855588
1934127060
306465328
2940959417
2983194724
812212214
2281189525
1123546417
2345338885
30730492
124390914
114364331
2179325413
17133622
2512806803
1452414205
3326893156
3225786672
3129360400
1306147285
151218435
3245813268
3236966969
96731948
989121793
413232274
1610308532
21746666
3322873733
3305164481
2303284633
3307193824
3303957304
216340721
3243824366
2247635576
2413054561
921130573
498715451
2592324720
1257668966
3311718383
3289896951
3193394142
150598254
212674536
18955064
98186076
25994696
542608831
297576511
111275547
14702777
1208874524
1566237822
15004497
145577394
551693427
39914544
78899774
1948686264
3182204839
765888600
621349879
140278814
3085628075
42505740
2488305769
3325952878
3178409383
104543892
940156405
302495865
1064565840
3312049396
406694916
30796592
3325877813
354443069
369248962
2950426162
80889688
460910562
280231173
1636951321
2193486961
79065080
2606236051
56342318
2783620959
2404827488
997074552
3145524540
425827294
456924980
130452901
293709921
78851291
3323554942
14624924
441107488
2743304157
34079088
936986076
3191562427
741315883
244848725
148285953
3242013847
326266806
3240076290
3173460448
1385302188
3219926550
2960188254
1256744149
923476554
1688600954
3207320290
19603857
38015618
2154518490
127542742
3192380257
1162585153
2688600295
1688018526
32409203
284224407
1433796949
3243055400
2267189842
618284145
608949621
3153087775
988408902
2893484228
3324612383
3245119788
109021894
2578858424
334301476
622485381
257401354
329711741
18757879
352458476
623970360
485927456
69733920
567962603
761081550
14222358
574671704
113557629
2701717987
248630934
2158515032
3324437213
3323385934
67569486
371635010
519538278
156611100
2828189009
73936900
31359458
3301387889
1204357248
2989593778
822582846
456516850
2384182716
797097343
3243006282
2854178343
3321756855
108146888
860635927
3324098002
44054534
3158074986
2409241462
1345063400
43794107
849298891
2645980089
3316559261
113182043
206514190
3303673971
39685978
46016006
66218164
3053757765
44774255
3323627129
75858363
18050025
3153984394
1319067361
2704600717
3244492262
98024588
8904192
3242680896
35136541
3244501652
43655070
17366511
1190434214
1402616694
1230684984
368759391
200608111
37438430
133870137
117418031
1402760256
588917620
389150936
3323315403
801083521
43919555
150012226
1948592761
3120181785
2334303624
125939299
555918043
275030402
232480752
317439621
1371661958
2284932187
132552469
15050996
3240460478
2488022322
63787839
2785616041
1363849340
2415019930
37643519
1739757314
15136110
3322599645
2776176791
3009038272
363324004
1088272118
2370503228
612369531
88862015
16725954
381806994
244198893
50463098
635750387
3242776926
447288314
139606415
130849898
73730994
17031399
3092780629
819923312
1337487782
3243618092
18363780
49611166
2332721233
989960496
3301384540
3238215594
465592034
25979950
2574936589
360318398
303830314
3321748798
44684205
330737363
217945970
2538448926
132316387
122076178
3032725199
3243563828
2708110386
14361472
3305793797
65533
3081620598
3083934161
90690409
3290766729
215347532
24999877
540187304
284752828
1554698772
161551195
16845590
1166195040
3145191241
27133373
3067595128
1535231826
227935553
49373370
3241410594
3207669058
1540843148
2936022099
13393372
1588811143
309304955
2485175485
1100858682
238637913
423979718
3301805242
67604966
429301623
385417120
102329751
16385105
276641770
3315973059
867681108
252656319
3231343777
3317350139
2774687256
65888847
1151031
1978074775
2896092646
1150615051
83532845
72539248
2970109255
2784995395
1372187172
19295294
3120175863
3180940631
3094880176
1333124538
3242873191
95720641
3178342965
20567260
728936576
3315792347
37425106
1033968236
114409219
3316620742
56663400
777176971
2690830410
159413268
1210688132
19370181
8806682
711639002
55996377
1272676351
19003754
3302248179
2907791649
206473162
2994472755
1140227095
588409038
17905788
34010681
3055817083
19449451
2496752414
2436027818
302281036
15946911
294357335
2731071183
3293279387
18705723
395072179
2425706096
2317585418
14963947
102526298
3242481642
2342290447
3319199398
92212429
3319295680
413463976
3234089234
285807552
178809230
9323682
106601966
353672348
2652512852
310111989
204158863
802646125
35373825
27533518
40237271
324832451
3440231
2710479631
3219875346
1596662874
1465967216
63056713
628902848
356357388
177530723
3235815342
2849827935
208403513
2737851408
294385972
25147495
612320229
2413107769
384711529
1316245741
2837253072
3241898084
20200933
94429414
376454391
47935662
177207829
2613417794
413602845
431805565
3161913119
97316247
204518010
3316499955
2785949437
2312186790
3038519210
3239095910
2457967778
156250379
3068185133
75328104
14093212
18779897
18928951
3241323888
336934812
896070230
3302761023
3317881030
48027265
2588397025
384258300
48975674
59790917
1485870200
576684383
1412643091
3136643200
3131731286
2813762515
2173587571
167422337
3121290508
14896868
21139212
3317318307
2646181387
2375864178
2829220508
187240398
2179709599
236382642
133677253
155427171
34887786
2293973167
138002225
3241219004
26740835
2533099844
2851308479
1914118592
1419652974
105832327
54186748
2525002464
1536833636
116811048
10823742
607592392
17731517
313346452
15425089
3160487805
335968337
3316478783
2529269656
159826012
3294584787
230029072
1141610046
195834237
769934054
49738796
37890725
263364799
405643811
228789995
2363064740
76222882
168053563
1260859627
87055054
3063847338
46314067
2594401704
3184649520
2454855266
424168725
593583780
319787806
1377660049
425787183
82340185
2273942713
3178792730
394074894
40978028
16028750
3315419199
110245150
191242809
3030981862
492969428
298414936
19849111
2490689094
3315153729
1007377825
42636072
489569996
3247802722
68692486
2832315313
1680376752
3029132511
3315083062
2491599146
39214645
296733406
335713217
2550462086
2180025482
3092566101
40580938
2348268733
3314565881
19929142
2912964368
380959797
2227104158
3237314360
17201304
20359342
199629963
178042409
580887607
2989531913
2948336049
2163945402
702599197
2835445724
3224877138
1178284418
2206811134
3193874353
27961030
3240385310
1464817250
19953769
3293291205
183007424
3193510938
2867491386
717324343
3229938264
407622399
3313108732
3013032458
2956433709
91646053
431746236
270847507
2888043646
3313937097
1660414104
252167009
2841543653
2578556802
213607998
879901658
3196625041
2961782231
12371522
485090622
3304018631
3099450863
22991509
3228883170
2936726789
94141791
2314392624
296991109
3229112138
3189807919
31266697
3313583507
56047317
3247741847
1963819561
733433412
2453497314
3091710304
3006297916
3005861071
2908032755
133138885
22926688
2358420306
2240475644
2355335881
2587751970
6034572
369300929
3232032368
536764929
3104484751
3239942677
33181997
78178464
3115219537
3239685734
395132072
3308384788
1621289468
16782987
3313125707
1877282504
295564901
338249797
100905846
3238665440
295355698
2815421188
2313900278
115451159
534549694
462035698
2887063825
215578382
161098819
3312716499
1954281968
464430364
348365123
16137965
3162945138
452714731
33052264
987870510
586449502
3153916338
2976435401
2835749360
16077548
68070343
476584465
64558973
2224974074
3223627076
147720573
60936411
502183022
3145224626
435236315
70934650
192951856
2550255528
16855633
1056535814
339763737
617968935
91192050
79420530
114618517
69778617
73658163
2969987295
3225226330
72055698
3239761732
3237998047
91086003
10133212
17414349
72272616
2243431710
178104820
3140749041
2842702658
3023043572
355033618
483112148
3264256899
47832360
239881070
113166410
2345538968
935519100
742516525
3129525445
18852562
163986553
3162844748
2981077066
99484927
3235445244
356658052
463545521
3194962704
3311574255
3311586357
184732700
340545250
3105780007
837726348
3238541184
3193656399
15425393
2809430778
2399618381
2883972475
3225742633
154741771
1301571504
3311324854
1928371477
69537059
493429380
2286572414
3311234141
9069972
48709537
573353936
236100965
2390320428
1142408718
2440487136
3001482084
378224872
3307719245
3207924220
3309928774
2938056180
157182790
84014319
1884081908
3237988866
574207836
18865334
2652091248
2614149548
2798603975
3310023915
1265022654
44629658
3002992440
2206923215
3308374773
2974692245
3310632663
2330687851
166323716
269343274
3237367548
595860489
3300108707
191874733
593108196
3309051737
2679306192
2531773141
2784251947
2158492458
514508861
292825224
356328395
3310258979
3237009020
340581673
111664302
318169390
48725242
544843787
490264232
26315904
1441005774
218757187
3168333211
3235175490
700131996
2211238358
2715885092
254872226
1473170462
2909667708
2556816151
2444597100
2338820826
3237004873
20891198
2886488668
1255511521
2593675429
105908285
2694520795
3221325240
2618020171
1475670823
183418708
3290624032
302234901
2280296850
137480257
270666655
20874467
1265935032
69506981
18861970
161806485
2899836935
797132666
17476079
3240997119
2911579076
283566920
42751174
2806943988
194077917
123641992
3302679741
2748634924
2688033715
3309343037
69289469
2654395471
38505122
583005375
3178941115
3238866389
1507531885
3308590156
1877080718
602177312
1331455788
819284
22906287
3103594340
2212435112
183554009
46534201
535575236
3013949257
62176562
1523587836
88304429
3308608343
3236964337
2506763998
106182521
284755915
88437254
26451015
2942125937
3054457322
473274638
39755145
628247933
3103034114
553529377
3309166750
1028679092
3302488713
3110093320
400751658
48244177
1698644935
153701865
424110236
1402026919
3059923742
1910811102
717944414
3306739407
3224179067
2433740654
2188560869
515753348
1196432972
2480172337
211497159
3236669858
3236549348
595605422
27900492
187538081
16676267
26797718
3236561366
36420315
602845598
246680601
8411352
105228263
1102657729
194332223
3224925615
41424618
2691083090
3115859528
2459709067
3308692450
3062258500
1737879570
43382533
230457197
3308625153
1365454393
60039139
89195308
56697266
331755594
792219294
3300899453
3308625521
260699929
18941670
467912019
267197904
792058861
801177919
2692505270
3295694140
3043556671
23389370
3236267726
3236193822
402877482
3052022016
94682239
2520296797
94790698
236611261
2838924734
35839334
997914020
234470200
56147967
3229972134
14478049
134446944
263281799
3167789083
135967798
3308250273
3069195784
325038414
2691457120
31560904
1969474814
2292739004
1629880146
122197428
1435171134
429084206
1453386758
2371627945
3107583242
5883922
386840403
205581120
2917599611
614129101
2918457701
2933459077
89535583
221362251
453976668
75231356
19439810
281670711
17312457
2245692366
758757798
3289650621
3235825352
319739582
143359931
1599056330
3253129756
742462766
2522251260
3235718372
35582524
103600091
2801902171
96065776
123300713
18725136
2996640574
157243788
511408301
2449981266
33594769
3220014252
51366390
742738291
96617372
3234664148
1577041962
90945447
35018532
14087150
1046670462
23472003
2742785643
3198496268
3193679486
3305572714
22928654
228313765
257891087
3179560208
3290901280
3304079241
2218546004
119443030
496163602
42889631
3306694216
2961615095
80612908
3300837705
2935666878
428673327
3005436604
167101811
1491203184
183668568
16465705
37308124
569672904
2203310887
2852061652
374806019
86224045
441596833
3300158668
99143319
278119903
92925672
1316070288
19662219
152908813
2992359476
109905343
3301327204
3307192217
131278793
963400680
915458304
153779379
3234368214
284270657
82386091
430381652
1071400400
1689160028
1003168880
86400292
159218241
73469691
407400712
375694046
73357439
730391551
239743391
2375645934
2219326050
105916495
1263626299
304274722
3307099102
361949657
586769130
941870503
264853783
38165821
48762647
3234517645
1481702580
177903234
581538394
18925755
377204642
2336465087
2997940623
2938203616
368866407
3096440548
2209102470
90296448
451498310
41374052
3292742609
2456482302
299523212
574343563
46374076
2485189045
309584894
3275781509
180860706
3306585699
1446082326
13382952
347062067
731334487
289882374
15863999
3230518770
282838003
239291631
3133237663
433321248
3104128735
1692578330
15450836
3234771230
3061721271
74786143
434551887
518129355
2319957145
393999966
3231104052
3234596466
1549337594
3170816313
30306758
149763021
278562140
236309108
1508300359
575523755
14479038
3000375496
3041866474
2400806208
3305550483
562353879
559932671
1083167898
3180822074
1730468329
295513117
2616750536
18075427
2882423971
918356947
3234480709
16895605
137222083
356885153
45111420
2242689361
2161455498
149116035
3298665117
2904967751
50149709
84293701
3298995251
3104983389
3246300551
3233838068
218091510
480862675
1099286018
228265016
132161486
2757503393
199739913
3302257426
3142817796
3073423747
2155596955
382680987
1551492858
34721080
330388378
3296863605
2578713297
3222344562
172857008
801718351
41843446
22069613
2355007352
2166036543
179194088
3234099133
20905839
207657151
3233950830
3130896987
279925147
3225475110
3292933659
776801756
2349955507
3179061336
104800433
86125010
1367837834
3236634257
2804913854
3232757856
328752293
3024419096
870341790
2245763284
3232878540
35735853
3233758915
40324353
245475764
317948223
3041874757
2174697073
242226783
2752735533
110987016
23939740
1434614137
2555905493
883177488
3301440255
612265495
553079321
624040580
144300928
1584937458
61088703
23642426
381743076
3004424598
2595102163
106688409
494498164
2868372450
3230978972
1557433790
298990176
15584943
3293264812
170082207
52085682
577092048
304581954
2775906095
528859901
403513770
542969190
493534553
3191551270
3136999128
434282085
371921307
71062168
2507147898
3306445509
3233431579
815550721
1526311567
3306523162
3107293122
81639976
2500290192
3232695954
3232460347
1932134510
2847314093
2913596038
3233265392
30605654
498882248
203357801
2785551444
1715984329
467898054
232991318
2534057856
15766913
2832588030
2945975610
16534251
16146532
1386139644
126192787
2866243648
346821842
3232986630
1333800750
2892531650
3292052447
498421560
470713086
207421505
3140456029
122186207
2743800080
127011975
3306114773
219667737
2251496174
2919877826
16987216
2850325537
47674389
3167292357
2574051559
3306105497
61080087
39524675
553844980
63364966
452602670
3221888857
3197742810
2351883752
3164579066
2986035073
138629972
3225583214
24337644
2304939000
76621013
1940845243
376831631
3289085873
3194758850
42936799
188936945
2992757156
19051357
3232875402
720966354
2215023954
3301909665
289392013
75178295
245621008
17852728
3305969356
519608124
2990781417
3066091006
2513400384
108741026
3264364053
14305796
347652962
395751428
381343876
2430879828
588667789
39963726
945374209
2994114778
59223
3234922012
2788320379
375964465
20853039
625720674
1852133515
3152558895
3158161134
20599544
451585930
3124360609
44233842
3222264816
1623695126
35563724
3305611703
2989860505
2748452046
1077162468
789205044
32799080
78056377
934986560
25661807
132718811
3305420397
3122596338
1682170448
332168234
2391064500
2421762414
1443547957
3227061775
391936295
18388447
1013929944
3193159195
1383673116
2599737889
3164445196
1541846275
119377353
142167499
558557644
80554749
3296974679
2682448027
2598360254
92500985
2885340306
2976319041
3117316126
899149082
3054306721
3192761430
3297971777
3163479272
2916300518
2753573054
3008690875
16141906
3222552157
145208044
1442770712
186715974
2471942069
1315329188
428400369
2707976408
1909742209
186630913
319287226
3225896666
2409935155
138786901
87110669
44816954
2207194274
3151715472
2860148992
214266401
2466165390
3194470793
1710502242
14251976
31438696
136245051
3133802083
3179685053
3304778314
2471319692
2281754857
155825130
342526816
332794029
148000395
2331956088
3231867360
3295631169
2951738186
20181188
3223283946
3304274494
3219754315
394346362
3295178733
3141971372
3170342600
266965853
1361438232
972080894
2725876609
41605818
2823387186
27271803
965688936
252662292
880536620
2559122678
581295234
3229534915
245781991
3304611147
2974343168
3226223610
467690824
222807005
3183832465
3304547302
51445171
237907193
18511364
15991834
103587050
3147158082
1364745079
554542115
153745450
2555910084
543109904
196993604
2394271
3304088835
58323776
3091643105
2473397874
77883506
18964355
23255677
3182491580
33331479
107482978
497038773
566545491
384163601
1322181828
1117841876
2152372795
3225548150
322139432
1608866198
3231077150
3243588172
3105539249
107579641
49597733
397278303
849883256
3231060139
86232937
570024663
1040579144
774757675
127703159
34609761
3302681830
536554173
3230168270
521185102
2744491833
2955636022
424585581
2440510918
3182197705
708527437
396032327
3165924946
2956773162
3230930768
153000898
101230330
920678690
438097439
3229208556
3160154846
323906172
86756459
28797280
3303685179
46860855
3303867592
2177746460
2993079568
2189502861
3230682248
3226264618
611301130
1602311804
3230667930
346847079
2994162085
107416462
182571068
2698167048
2228658607
3002489639
315308640
1893296466
3134560910
549168861
2413819140
2938918781
2739964308
768226650
3028412637
1539470838
2394596606
2423164130
55192085
2492711456
46518030
2821288109
3200726068
1265137915
63531388
855841273
2275127587
3171272372
158258403
203949424
3303518782
3088399139
2792089794
1325667246
909707438
2836898111
3229770289
15412360
535699767
3230338141
131023075
495422902
3228508119
15881391
1398931345
3302395427
266394796
291425901
245464455
2886904611
108340840
3229681819
2308693736
3223735772
2830085326
583906380
2217956377
40824537
479687752
16866439
320043549
225168723
1539521839
145847884
19261577
564132012
156579840
3091438505
745211665
99293328
3290500641
2724206251
3198939177
12447012
210024810
157812776
214595357
2534880284
22988384
15204165
103345396
15030872
3229993808
435329277
1953727260
228849628
31569755
3156322452
2369657570
127990176
2421394243
1169745590
487470375
145026394
3302865135
19185635
2242916594
139521553
2841229392
23280370
2849739598
3015853968
2348901353
3198644339
2243896208
44670253
36140919
2806555682
18806162
519182001
2841146097
72122942
61154484
3229656452
15808300
3222318779
93137013
70766059
2778398037
392788535
168695501
2161408076
3291507345
769792518
2950478922
245477072
3301657233
2999542497
226946980
331825253
3229577460
2807944693
409205484
2525225216
36763488
3040956084
3108155292
2192301980
2862501082
30063033
381700855
443844393
2853265640
3227990496
3229351260
1119826681
478696953
232427465
2515414562
50569887
67843476
116780606
459157096
297434556
100917665
1688971334
500601197
430479193
3186681314
3215709899
163799285
30750591
70421284
2393996875
235829912
3160486188
257241867
333018685
3229391438
2153039750
2178826696
1719577586
109643818
3090987590
24290554
374329826
86736823
2885218901
545637843
630640197
17878901
39936113
30016659
1281146022
2197067568
3114492876
3060623076
28799987
877283118
2605373206
3110963932
2978440221
1217024257
873544184
551059762
2334031771
2255472854
1032442584
33676376
196574887
2785252072
22573117
79922742
2533499659
242931111
37915558
18039388
2688737014
3130127819
1392633211
3228988328
3295891258
3169580797
2786178956
57312953
297855670
620123515
261344450
3301846804
3027307942
2448708113
376241328
2844654997
204543844
3225600330
570793960
1229354659
102970745
544831749
3291383590
731198226
3228882798
208204389
1865799140
285982121
3180827089
106612102
76709526
318139744
24774637
2347400611
3299788295
1561372598
254089345
3126614581
2531247709
300760120
17447225
337641017
1548907698
364280536
432479335
15059028
2816606102
3227698866
3300706708
3225158814
26224947
41197945
858264925
80038962
16955546
3182874380
92519685
2912892841
323870929
3297711861
170630643
92205941
3222249608
113027422
2281233838
274053200
2937395860
2971411884
34134010
3295605850
237265085
3194155826
