302718667
171024470
399857624
1395123608
33840126
2352695438
2899408589
135322318
367897988
319059553
83111990
338408855
406392558
15451917
47251592
2605115172
20824477
157367675
82790668
2847815537
894689870
2705058259
2336568722
16821485
2906717498
8774682
16233198
1500254742
2214677251
57268622
2792467141
22745177
2898473613
2796882264
97885251
2898252137
2897035924
361004617
1568778068
75376551
2837299592
1582723184
130559155
1559684251
2914048052
376327469
593004152
2889396701
291514949
1085918839
2194654098
14409045
2418120913
2854091445
140636484
376822390
2884151123
101388544
368172640
2895877127
188629259
2244796032
2911932883
2266973336
768906966
244672816
76824042
365809066
53935799
2384294425
1707042360
41039266
312578519
154970302
440129406
2837431017
246534059
1074907921
1557121033
331085916
262269577
2913272700
156599706
432241485
243800224
205316941
70181899
64394042
423706453
153109879
2367155335
2737826502
183048719
704003736
601313685
29294806
2149122596
2654184326
2873319337
2888413827
1962869804
2320137277
1390132716
2395157682
92958666
132420285
226192977
572893172
2602000160
60283218
2912939785
8548312
262760296
2910545438
396414702
159511211
378331343
2738474992
2777137002
356032089
2830124639
2152471130
20599900
2843537345
1266888674
106696481
43486182
549002059
15859631
2772944366
2485975513
1700947190
2912398142
358442069
27355541
1490760774
634397800
61680288
2826611217
1672606933
282780440
204531932
2853520826
86731995
246026689
350408269
1686295020
245088537
2912232025
2855310629
70631330
186592486
386864189
301526891
15070688
2760482272
166408827
1098647598
386123459
2881807025
102777221
2225708263
263291217
747310819
2862894562
269424607
387858936
14622157
62774945
963060793
287882277
2595373738
2912063887
1287998442
15175870
2718784400
266761122
2907721430
2404673822
542094525
2909713250
246737930
2382771181
444497035
218173248
70199503
2879625608
262600178
22248941
204383347
1729132951
2904568286
2846122120
2879116624
326017184
2764053632
2894525075
493284607
491786956
1250647148
2167401896
39511415
1532053633
13230062
288968930
1033712904
857734909
2846517592
358284183
898086728
335428083
2905024578
2905664449
2366036660
545557197
2370445699
2871153209
35745753
210282974
339546017
353087887
2911385250
2894009939
820693837
1263328626
14554724
542006359
498148272
2809389131
14369812
22397966
1362577994
51156922
326877830
236054792
1465417651
2681771628
617574124
514289057
2789853899
27447879
2793303094
118131675
446264707
2893520147
20530716
2743175301
159885541
2655079682
14055519
2370397459
2910842748
289256292
14278130
17074837
2881060507
24341921
70164136
1263140425
17876972
2183683526
2880661035
2892875298
120513385
2837650474
2154306384
79183250
1954044151
2293533168
2358279980
429047022
512239430
2555155284
982202382
526411236
2886813544
215435841
375423610
710662218
708521480
2713173414
1352643205
17200756
1323358920
84562735
121476696
404249721
2372362453
228502587
230181829
47490927
2468577930
63286209
831794689
102622657
147638113
2909438641
303525131
523309519
124395964
93072054
197508779
295702867
2276451559
1434164370
2691978462
2888806035
1718713316
930327204
2842340929
416476153
2197840484
569779015
365291372
2860880190
243373433
327286909
362986542
2543416435
438599071
2401630071
442583444
2744019631
2891798075
46399841
1669388750
403372055
2494743524
16633545
2908788061
73450817
2885278797
2902362408
50013701
37273520
52137595
101018124
42766378
73170637
2891469647
2551658893
450941666
44472927
768019382
420899606
239371773
81591792
2596706857
562098271
48224422
304086511
56730217
1388945070
2779024940
303284227
2429535034
2844588919
2855418340
2193412045
234479437
749535757
15662857
2502804084
441559490
2821779061
2813369503
2216551551
2884917569
214307274
53883935
2840811958
2901887383
2874538103
914804029
183064762
2748384775
26991704
2904433622
174461161
398596121
150468395
2908962296
2363365452
47935841
561199892
2322433829
86110054
30146096
495972868
249624846
2889508193
390122922
190049848
1650012475
345801956
1263280003
2428119871
19671248
2855077244
17576077
24184492
250879876
15817203
2890160945
2889217155
2403287024
956744940
27110081
67725349
19550251
16055597
2889919319
200785689
1308780907
934985305
566609488
2573998776
21145412
33199854
142529429
2265270906
252676493
2905440811
9384692
3029951
2887926424
2554943796
390986928
1028372946
2685142914
2907357258
29628969
773873532
438859214
15334909
2879497751
220081296
2509186897
2877633735
22777079
2813618650
19160801
142704995
2752010049
2863850026
79104959
1625432377
344501145
619137889
2367581671
376619899
270430099
319580955
750791347
1734763400
43103738
60255652
2694751920
14096148
77408532
2294173714
1911928346
276921411
195701121
952305529
2904388542
2496725120
56268181
447400952
502023446
19127545
2878508799
89092869
2175976873
2888495075
2701058834
29409899
2874207435
101219859
915870848
220292650
3652891
225947915
1396108268
2656644013
2598080109
2230608678
162112884
1470505088
359982980
2299338492
1132607767
1143479904
2379421921
20649815
2170730635
9988892
315091507
1960480434
2886786203
2273505505
124416371
73158522
74046272
1090778912
284537276
39839183
186362344
2887788179
78761012
366624364
54174741
135463143
1205584051
21080682
330142166
247078393
55218013
74537483
2712982698
2797325592
33368214
1869023173
2312073872
2888747190
59297017
215470708
47688327
19564044
65043029
83711383
2902066028
2305101668
14312129
2836047989
113107991
6170322
1416007532
2824302839
137428066
480802985
28050921
1385601822
330161080
2894420233
2835328554
40881720
63698697
32325773
2561617897
2885058921
29126731
2789823068
50616426
230805603
2886364826
244955940
2885800797
15715242
2246128612
15461797
1576647997
49658979
178259822
25847868
1356010494
391213686
405677707
17957708
2761061889
588071408
2899375226
222796098
11397802
20842796
141368688
2414085127
2459658835
1054914955
340894450
1144826736
321513703
554365548
2905758558
2886534789
284572060
28522367
2866976555
205719106
401771630
149719283
902342593
54705683
936594589
2814099080
102448642
253289408
67850368
2882746914
2905659691
20650231
2309136187
17429254
2824463016
21613703
1611201392
2896994894
1525209788
19338747
23485584
17074628
2872244079
584179962
2180730805
2354999378
129764123
249419588
2746608109
232617919
755471971
2883591436
94966703
1711926102
94777684
2880415020
2885935312
75627290
24636302
838424784
2840415699
1684133569
19743975
1375035115
133676861
272900874
2870784418
396227836
1161040609
112047635
898657038
2885693476
781745131
94244025
378176058
2436777932
77017511
1057952328
2690826883
1947203377
2885344127
1375607222
2194577699
2457518474
278131878
2420063665
768308569
220401802
2856646378
835137818
2676037280
120433152
244916680
327567945
1341883632
1478649218
28076003
198518619
24138702
1584693480
258615481
17763374
449628418
12534322
16687597
2854682038
12075142
10038912
229987377
2885144866
2152383114
943460858
761861346
44919626
187859094
316184496
164243989
143663327
2432994144
311301289
88278572
20063913
2203598556
194187407
50688759
278220175
2863270822
16441319
180473427
2780743360
21957671
19607816
2882854205
40362898
42065056
123647598
14723678
91205450
1061623747
2410507771
215279894
198801956
2856216530
2843291534
2835872210
10997
14819029
2552251994
22439709
962685552
2900084892
15362803
123166395
18247284
2184092689
49647460
156725679
283497863
2827022672
2875849114
233072030
602331345
1647820548
2797666453
296696177
543567544
882343668
376804384
1647086048
324620315
2874969285
197399207
578169307
68655621
41547078
35707388
2840886137
2534274638
432146888
39050543
44877567
273282970
14540690
51182271
248749310
2842658685
2867239092
548138209
2600984773
17018024
2904035502
301365711
123974430
778558855
117252946
14313754
2777708018
175940416
2826377791
15967387
2903963184
2904043603
55478384
111407951
176465616
2576897202
2371277054
50033419
207512272
12259802
2784404435
2874555587
1704068796
93945464
2669040363
1319740135
22682782
2407505383
2851451859
619624906
398496420
2867465704
357434227
19624255
519950769
415529994
476778690
1103972202
259411971
1341444332
1068473550
2155118834
2810572269
1008816422
2445880243
2181114050
36033344
54751495
87417083
544507359
2903660448
1709564730
82989995
83514652
823093596
166998294
40009237
175721110
2558484733
2627204544
2903430979
861901771
2881960972
113310005
2878311875
167384629
210025152
167816403
301244678
465118452
2288512982
2558206623
2811064935
387030244
187422478
227756442
2861983929
2890122446
68050621
2384199313
370842284
1593531715
94052758
100972454
87198298
43515459
522854459
442817574
601411082
498964160
38329137
21670963
147063503
30935692
1299295879
2776003663
2902945820
2880717189
2884540717
312325754
76484498
14315223
1005209106
457511974
2546262016
326021699
74193133
2731910815
562218475
1495146348
323374556
101720195
284572301
2413007611
18135553
1346550397
2608631246
2777927677
104409618
19967703
2865603063
115660431
92986428
489097947
270617964
1468383284
146801452
2902302614
2614171622
865348214
60666363
35028732
95631341
258982991
2902181737
365515667
2541721549
158369764
1177191558
2778277496
97763899
11314472
15023803
444502177
211199993
2754859888
2869490051
1098224568
438454082
48089268
993884480
248124272
347747975
2275453040
320568816
136206187
2847632751
37204088
19643676
2894558010
82173244
254458378
2853903382
2792206472
2860551412
2901630182
731301625
192468872
2769831636
237009113
2896626386
402666659
37608618
1976278026
2878495589
563706856
229166666
2348836099
103096436
2879102811
67927650
556567800
2876085029
2769440545
2825260993
2801950941
2872325380
331593560
2805872374
2898188851
20861185
94070542
532359696
2547114093
133383534
2826558632
2571872893
321125140
64000204
76702304
2899900164
629522866
2851571130
2529432759
352691757
267983142
46332286
82180499
36053504
897674154
1520146789
45309879
2780927708
1694612364
20446443
7329522
5048431
2419608521
22571964
715484572
15028132
157420024
505715005
2897110676
2336846293
227304375
309595526
1849459093
25309700
14591553
1269697904
89540141
21605868
2336216299
123112526
2152549535
1098647509
2730811465
38089935
179892494
1854598225
282009984
1364742176
31137628
15124503
337805222
451600931
792732566
2786067713
216652837
1950051259
7561342
2683093224
228785337
2876556077
2161208400
64778241
550968027
16649242
2899506079
397155780
2340731834
400612189
2835242629
469986490
2611325527
2886124062
2852279908
82126791
2535655507
2455533975
2503607940
717637376
2899083254
400027238
2713364102
1652639167
222498793
262164735
1469499715
334767826
1854373824
2898949009
2285884080
628331208
22879721
310129185
158399387
634361818
130791057
120169259
2875588403
1927552062
557095439
187044118
1022083308
2873077504
246665223
2898611652
19768705
863277684
161144123
614857385
2233172498
212601092
2753015191
2266386187
314127674
111909020
12508902
362457886
569855489
40626634
350068435
2874807929
46453254
1937862781
1921043270
2799734007
2350735561
2778694364
2277975372
2805963433
1348946540
2301115498
336161104
98840684
74432905
81966746
103185817
196073020
2514274561
17438199
350114136
31102052
47845453
20120367
27835154
2874767752
568529074
897622447
110741693
2860784074
2873317120
25702064
16069473
18249506
68517472
65738862
2897767604
167323577
249434072
2182287288
18220243
2856839891
761706948
2742953623
2751559670
2305582658
18147237
2897931660
2541740732
87806279
340682996
87802638
2847328510
414858913
17864760
334095613
18481549
2895076627
2871637593
1041596250
11252512
118327268
1098981091
2897787236
18475509
2879906478
2871993674
1635290924
56284131
2875186290
184579370
2834140606
109290591
2871097246
2873791197
285656313
1335348374
115088258
2739539246
27005348
2271751754
2675552448
42903775
92711918
2897461766
2841843196
1163770309
744031530
2270046464
81237462
133686617
109023202
14300626
108862513
44108482
1207029054
1212045270
147065298
2794705266
107677516
232519829
181215033
80941837
139126480
14946637
2854960965
2897130787
833727835
66110961
2511414864
274047790
2871326488
108409858
189195724
1279749955
1537015872
2873074211
580062484
48981844
45291688
2404186006
19449305
2872941670
2868871105
49988185
18818543
2759947289
41584456
829121012
76229595
7711802
1897972838
2188612305
2851132959
72745998
20071994
2740456597
45791920
261037674
309704361
2532269898
741397879
242839959
59621020
2779195903
16861705
101491030
124283992
591619503
227871841
14561997
2868931007
236448656
2402252240
202985077
327958913
2793294849
15079467
93086119
2520879501
606149745
147955985
2650972286
2482658165
15372529
11076562
2863077388
83235190
230954247
2870723369
21995105
816928315
213353515
2859176987
2331930622
2609381138
1512784004
12823642
2821831036
2894738197
2288485399
55482025
86549641
1639654986
223002603
2855445387
2159424256
152010345
2389469330
20641512
2896000212
1656183788
398565982
2871546790
135295348
2850686843
2822516705
21001854
34638015
2843978723
1221987181
184170024
201328958
1491546949
107810314
2191658713
14723482
200400348
32799812
2835565212
475697403
2869152503
2289925052
521139876
88981220
2893920792
328905674
93543609
201064283
2756814378
15311309
1543601611
2815271058
2866701400
113073696
25770215
2821863005
14495098
64511370
182260433
17005235
2845305171
13173162
223502358
16082008
20583480
318906921
2868083032
302883939
1331694619
2199152334
1962797522
2895447000
2886256104
2595845780
1187416922
1487311633
217212796
16526787
37238868
122369931
2893545672
1689246518
2445774421
14316812
2811232524
2736504499
59963065
1365416874
2893762692
2868669845
2764300212
712259934
20475856
96028542
2456432724
2869860045
75439665
292891173
365923418
1220435898
2895106092
385976427
254128013
805869498
2887093399
490942681
179586019
2866063733
2887868227
358254668
725274962
241983834
836538110
2787277253
26946819
2792002925
19043616
1890363691
2376779342
23951629
22237278
200061524
294227165
2527995374
870910537
208125015
131940256
2809863828
2833939512
105294444
563959295
2870721296
1025927228
2863226439
379112565
568963417
2463417036
2894438262
1978438682
35053224
1683922800
86691473
2868746512
18504709
2861075891
101523663
2809654278
415112618
103831202
2812975004
96701474
16174299
2497747494
2806640131
2842686413
1385155790
2866909728
305975814
2438750215
2249199755
2230307154
2838837852
622016552
46086318
1302467090
355063281
218656254
2868167128
1220015521
149275230
2868213166
80355106
297487812
2612193755
93047606
1339997496
409062730
1237108867
47509892
15482668
192259096
427677783
2862074687
2877980689
285524970
1450806584
223258531
180082391
5179651
573525381
19542365
220097776
2867645061
812348820
40430407
15121432
2885292758
163926721
2858902437
1057273848
743193763
14282433
436853948
811073
2867377042
2893679952
2890073479
122829724
2859111274
249286686
181281682
3458051
1391527730
2893580426
17483285
2274637752
1858387166
1698537660
2848860219
47253052
20903756
1562914531
99500551
261739172
798007698
58560671
1251072108
2277167133
2782561721
14475667
586447578
10081002
29560458
2893072214
2817800160
2851201059
28799100
940060346
2820292045
14247062
2420769800
531460965
62594598
245686449
53026512
27976104
215221022
2866040074
2882322968
542259580
877206139
2288124132
479928537
1129034102
43231597
409770324
185271418
427586354
2892963096
191790550
12951112
269637403
1368570020
63758695
35259308
729113737
158411217
2388837594
1940015850
2645271362
59396313
99656262
2585833692
2778341028
608241407
2865411232
2829914640
2842571975
705360472
1481999683
2874531295
122914573
823371727
746963568
1438002890
131439818
456463156
2842011698
2865144483
1691577288
1717201711
128547179
2731312866
19985526
1004881614
2470047679
970205576
474569690
272830463
223553915
392361011
97894266
994124708
918236832
2192739224
526616397
40776136
59648495
491020235
184089906
23888652
1950811190
235921810
2291501598
2664745387
2473040286
2857915078
17083575
298331957
185341643
2864070897
1953108222
66198980
2706566881
2892349735
284886030
2801114572
2342927788
2863876965
27312359
131152044
99106865
305599209
2615928000
392845257
2801466473
14798667
210384094
322543388
288971460
6183812
1553661582
360134675
15715683
11631242
859584194
2400160842
335275047
2891836452
137133936
611390800
1547611776
107026232
88599513
99713849
1860418286
124831644
277387900
2854915383
2891880133
34061973
239721803
252155126
288597230
778949114
22238321
316453438
15467565
2814607824
896300208
462871461
628945681
45940347
1321392560
42975402
605069377
1668935352
232259933
179544251
1282100174
2861796965
2891275988
7964692
2837461403
2879466378
140297320
840370430
180599815
420995644
1967829967
621149064
162870735
15943716
47197615
374827472
478081561
386224296
72993716
385904343
15741077
365343017
2232046405
250611217
37836873
233504734
147668597
2216100277
2188029585
2776339660
16778925
103683338
178353806
2841985296
251371491
2677584392
17693193
44889752
39299887
326951623
872964594
277160458
1938478260
1114630158
62977366
72078786
136266129
67888659
1835883632
26660626
2903111
611566791
580997905
2524555567
2230489945
1657850701
2370291882
111168441
287705289
2709033366
938542530
67085067
2887862706
2859309911
2723528924
21245290
196930752
2832154269
2890641734
304439605
835417424
31428310
837004478
2507508511
327259541
15059131
2830649858
711976103
396175814
85007827
75528361
95672550
2819872581
316901820
1243915110
965440987
2861295441
2826941563
397905190
21200091
259923798
2820251692
2361230503
852416251
345998367
195022054
2475921474
2796698317
1043822875
36428538
2798237419
54098862
845558569
312312556
1946023681
2354655669
2843233006
63274998
33679839
113469380
2873641514
422297346
248346707
2871236011
2882425465
7002852
577473370
2813570839
2889907423
2841844889
96894380
2366660960
2325963780
2587160233
1903380116
35280804
285320923
2860620707
15527028
1567551408
404078512
27797905
32981087
497042442
2469141810
2878835690
2860224767
317302610
2860074867
72100791
534266498
310793052
20531504
2205275986
188803948
272141779
583816813
494753356
2836202823
17903082
622037222
383922568
44501769
2306882467
260167454
36416949
184059595
2815447044
52698140
2859468821
2298309529
1161513342
2855557227
14265553
2888036178
1475567119
2859291911
2370065425
2706860004
26512318
2663548869
466676844
459238048
220330369
99103539
2692192621
1253674555
2591590826
2887282424
453968400
18518952
40057414
2764696025
370800700
2888442770
951684036
391259409
1407267636
415713208
2881838012
356748972
25747857
67464069
1462821308
2727472910
516523829
2418875954
2847057671
2811807569
2491606878
39146763
1353119994
217296107
48254556
358141068
1439483858
2855595317
2851634926
1564283742
1702184336
170051275
847036934
484327005
181880914
69114053
2339544186
17002677
987096276
21356722
56834051
147394033
2857144916
2338386237
178295648
52641487
126852047
240265912
1723100324
72435628
67302116
828297224
963509100
2801747039
135676799
240857034
700785913
2856629980
2214183691
49382658
14531579
264852397
2673670836
2728987921
121018321
2816729006
2490684563
313242467
115890566
2856262547
2360837226
49701614
195195298
1954053572
2887070384
2730458837
2887073443
837276313
104988258
271359789
238020515
507372643
1575330242
39798987
35647051
14676143
89350258
2855724611
125314257
2460583304
1119102152
23173673
1604208871
198277254
109851982
259932886
1598317718
111715638
1041040681
167422839
15642916
349346638
2853838762
283578660
20181516
2886539742
42537435
2847724311
2873981347
2178240198
2389896341
1705389950
22596380
2845080244
155006143
389330940
39073991
152348826
1275226867
468693562
1234054393
2886166286
2550897548
2796918325
2863105658
1454497759
2755039646
2390585808
2787958196
11192062
610053072
2203570278
2816555413
467445591
82318631
524347555
81041185
72183632
2781618612
390318218
253726420
30349234
115764293
136647118
149621197
2853904991
2191127286
1128751256
2853779043
2845659491
2850111431
102281599
2731474959
1632365581
499046850
2287011312
321007441
899578064
54523192
470129285
2210509849
2731721999
2746235099
45488745
2581890328
41537550
2516159432
2835023286
279482242
104317865
108574869
164908970
2150812758
2253864786
38177323
148009123
73385478
48981140
2783690258
22148055
2243556110
589132659
2268554929
162638096
1262856901
893728621
753683226
2850232787
36111680
2197799899
2169135570
157329621
221885999
2884213868
2852687122
1064947244
2750169925
2852594794
1270276603
2463366311
2864331391
868479294
925204752
358058792
2560058831
34790234
125369858
213339721
283900184
14682612
2245765602
2521843074
2531586356
2828449496
173685083
275358826
1286840599
197728442
2850564309
368389682
2842473879
1285704174
54653721
71215080
351028549
79583342
2883428624
2517051253
1551301176
390369211
2883529345
87637307
14357700
24319560
315631984
771331964
452575096
25130231
1354583131
134965675
129953122
2321215362
2226652068
72155301
1683274790
27442082
2781064431
1297713175
2663898050
2834389937
2854220982
2281679168
871540219
2881789464
2547582186
2883028496
954700866
2847804312
98091924
167032654
89258666
38626095
390493853
2880750000
2416272926
18221590
2850850762
2845637986
428017784
274240228
2800524135
21484680
2850670383
145322712
272362378
217275000
32430415
2850399473
370337335
142265955
1729498026
53366631
133922520
264003166
2848710580
976463251
1013792772
2850256294
1127596974
2839283878
2566187953
1662206743
2240851404
2785362273
2878371668
2849975116
2319428467
26735127
51424422
2882320645
76120995
20859728
2789897456
1165470037
141353916
17113879
2231431906
21089967
1698036151
2881964990
142034662
318568733
148651773
2420755640
2473546333
358380298
91706967
336590349
749392795
243410697
2829510541
146683767
620199971
527359336
21134344
521797549
457369173
2841746296
109579773
47202322
174117560
50961401
2690854380
2880965090
30279017
2848645252
751272804
230868883
207724791
2480020494
2753134569
2873744058
19507513
16275018
504824002
2240298991
2847147951
377571679
1155014012
1732577389
2163162932
444725868
2799058332
252243676
2831851639
2880776466
92680021
958195640
2843225401
237912592
2848100404
228183798
2539363940
267051597
134841443
250391513
109518400
491133014
2879600682
159084359
1254073506
2880360564
14665096
280070389
1269796740
55524511
2750693126
179489783
373171866
315935968
2834895093
2858530478
58327216
2840778827
468990671
2843452467
16807478
22303274
2323670994
604513840
2842773239
72638036
414878066
2567619301
15004132
15321624
107072794
14377945
455308544
2865806659
2847008055
128028442
2359751323
270419587
164192045
2806529423
17525054
332822139
1430747287
1342033764
239961073
2833397926
1116631824
252964229
120434168
62708182
18122648
1449857210
17220905
2879832139
25991522
2834151699
1393816909
2879665880
2842103999
18573799
67709037
15538277
314062955
106823105
2876957502
138955971
14462852
279165882
405964940
636102207
155880837
2573203613
166950007
155579495
498076587
592990888
700943810
617274864
567982627
355635999
2879175996
789166914
208220851
258043048
2846209655
1580105420
518622556
20631009
2559929196
2201012832
600042490
2413305896
146223389
761591065
2878752444
332671132
17719612
2859126391
249062415
2845741228
19039613
2611779810
263753949
2449192986
927288504
331180684
95808333
96094329
16836165
70798344
2877124069
1429928448
415023121
2871212143
93890718
20537761
2652852515
334852201
1925989081
6833762
2345512601
105583057
2376832599
283467505
1093925178
2878050710
2765671218
135461384
2407849416
2566986392
2842458203
2834646855
247255506
6064182
2877748423
2844594831
2188123017
174890665
19533258
100235438
38479596
548751499
85704091
2415346854
2443813117
2776608840
1127600018
214518774
51428039
575171437
322467429
205600033
349077941
518159817
21053559
74154637
385713201
2797541978
95682574
317285491
19021988
1899715026
448590982
1086022921
41143634
163203672
14304505
124181539
161317932
1492479300
2615436145
440706771
81780076
49933135
463779066
2831508020
946044150
2785284639
392608837
747978709
2876306142
2869218565
163960670
2857827804
2876256858
172855427
23093736
205677954
1063361796
22756947
476066837
31792152
384413100
875029790
415318370
2331063008
1110353898
2842930505
43393748
2660679569
107230332
216712793
1562354185
516570782
2670713719
177732810
2824353751
2273305332
2327573978
353536690
15047483
215536039
1694583218
23677291
7347012
159430670
109712825
2373831955
10385042
2860297136
2731345539
19392412
1336445929
2875224187
766541719
15256632
2587184333
2842564343
279078759
576335437
58116104
599179471
2426177286
2593969133
2527859658
735268543
319494225
127848839
2842464459
2858176729
2575942082
2837103357
619855082
16690229
2867087390
28601592
2874578635
2850597636
249342865
76739856
18534537
283533519
500624536
2829771961
145187627
1667421229
834326960
182195447
2855471522
1490752982
297006335
2863432249
2317498052
158360200
2312398500
803090456
21168623
2871265543
33235302
30781760
555807076
288938484
57000631
57636064
1641933504
30897071
2820477907
62578625
2844867656
127998705
520281850
2198770856
1055334582
2873163668
83367694
2653767276
39620035
1214111665
71036791
2839762967
42496030
342166719
2806545670
2872962373
2838139643
43351436
1070386242
2690193042
594758340
1264985934
224424138
2212609058
2820451123
512792606
2840863085
636325810
18952995
2821250625
44583317
1265305490
13676972
48496427
1375619749
345044287
350011018
2650263742
2327873515
332430258
60580613
157654836
2345288934
2147831388
245002325
585075487
333301080
248421426
380273971
841452870
2839626075
1168490443
91887768
54477432
216551997
2281471225
2810612251
2691511879
96203070
608789279
185240280
1852189021
2393262804
1660818672
130147231
2514914118
115619372
2840881572
206203661
470741390
2829806308
106531388
78125222
2861709721
27333626
2436856787
2834309749
149752231
272048924
27869599
1060383541
2740687067
609050349
22818133
516735163
714682280
63749160
1306133300
2870034054
531477975
422871397
51765611
301919698
786022970
2838250943
358583573
19121141
1697289000
15533523
390948358
383695845
17396848
33812415
2795788244
2409456320
1423999872
456541718
158600362
569294550
593762727
174383460
2603492238
351044715
528095441
494233787
481100730
744228956
21233320
213664329
2790458618
193843778
2801991514
2649297062
512526853
105795507
34577484
16839086
1575652442
391467295
28825940
1117423861
2499017509
2837535713
36398692
2556109907
2712240719
203507959
1200489140
2348611747
2824734677
15318164
2869115504
895848878
2799966649
1656841250
2778519786
624785662
2256501391
1044472770
23686843
495371843
45145670
234176971
126078960
95454240
634798394
18275447
2653969122
408712010
1636036123
8815762
2770168010
87972625
2798623258
2822142065
2864259025
30858314
382020878
165859290
774251185
256403815
376622481
208670564
2420336521
2859665989
370457323
46932753
472043496
2478674712
2868573817
30785377
1968432775
356095663
1735250071
2828548150
457764564
2499335654
1096541940
2855055024
19431096
2817634483
47982567
159865864
2323130672
2342065873
46981330
230134349
2838578140
1159671548
115876652
2721697680
2837922538
2515892832
534850542
1105780897
771372216
265027110
2791482587
19545842
18950968
22701177
1355196698
216727067
2326860764
80327324
2835616859
2822933439
2409572076
243380951
2838012075
1696997701
29973498
2802157625
95694388
301931851
213588080
384615064
2264394470
2716921542
2866579122
2866643221
1915804980
718799054
59706053
1525205108
2769203261
480912864
16538124
182435590
325799818
2610841569
2769748806
39574037
2829587698
2646485298
2845251001
578455958
70202975
2841731636
2854149367
282491907
48120244
152895922
2864318384
2834459230
295585131
43640579
2777425711
1358392056
2575911692
172134373
442036633
897215636
2167887624
1853905309
1392442926
21996763
956875466
111118143
136956606
2179890349
248248303
705577767
2836007728
76888943
2294887940
2857914204
366568731
218799692
2808346493
273330306
2373358059
17116389
115074270
482082524
165060737
40296362
2776226071
83871931
2766910150
26276256
1828250353
150758393
468998908
354324267
1587083605
219221042
86074706
2274150395
2836576425
15015383
1370704058
2232868280
2814167640
29818314
54694024
2300359416
110821161
90182851
2304039701
16472982
192725737
1560857898
275789861
2835916587
17504388
161389750
2701425402
416935312
2399899565
2733065409
2855410382
1652380884
2183161467
120441830
2832128950
49119130
2856204289
65742210
2474851033
57650000
103683895
2772733322
2831008690
2397086995
2480787733
2800923076
746807514
2801865062
386692855
2364632568
309541759
2550279571
48589805
1699624758
401884455
2731240303
586377101
1318789478
1111581643
2711996287
2362918188
2826146984
2679393402
125974015
144786485
2827681902
2858543755
25017189
382040191
471753110
1691673115
2581764882
2344303465
2831886431
155953943
2785215599
1015452805
17063507
789540776
104761748
2859754836
2831632497
2859746768
2448222458
156328509
870621732
1445888036
2859430124
202349723
1025946060
392349726
66045258
172403750
2854336633
2818048521
257483163
2656598320
134283188
1156396422
2825039414
1382988121
2794072128
2375270617
14349329
2834560139
526980481
83558199
1283003846
2402709664
2546630997
2824504321
180347527
1420796521
419445287
18773667
836289223
145258864
369956454
59905521
2424108231
2217543393
2389689061
2618349071
2414961781
458261278
2830073997
13767952
2762717466
2785482628
2534788754
84781769
179749978
19164963
2380396317
16019986
850777628
52452350
2834100376
2431564974
299430277
1145403115
1184125974
246006928
2837201168
542455221
89293188
1429977506
2833661200
458651026
2829242296
29535013
1066083577
259446897
2565137424
2715087858
14759218
78634221
617653748
517318783
57669822
2848184756
1648852358
1307142726
2833424302
2728946784
375182001
804603721
497708757
2318033097
17891135
2421175033
2226935628
2832935259
15519567
276923903
2831841280
37683166
62897100
23985573
147090378
706280935
2727309611
81883401
220797552
2493747900
16643125
39611411
23885391
2812029125
627685121
392876609
2167290134
137648265
18281314
17780660
141329976
1934589649
14908048
304642393
380369849
2820796053
18436331
23010000
2840578518
2557424988
64496398
137789220
276453690
2822578355
15205778
873065749
332503698
2192669251
160883985
17718114
471651833
2855146243
123758567
504134966
2830035932
192464614
2534646109
2856631177
368162999
2472437768
328947797
321972287
284145519
224472826
845178882
2725449698
1835408348
1224977929
2856348236
319540295
204643690
18597778
22945660
17298588
2245437117
2830411385
2772231396
15896321
311049593
15011356
203798473
396597434
112191330
512579162
121639257
83718481
7250142
2821444360
267913260
152466994
2652826450
17845209
36106633
2228016564
495733052
626278569
1926083707
244029225
17409078
28486290
162585558
220093616
1092311480
2731229719
2801789866
848820000
197475081
377375382
250510286
2831341802
2751109490
121543850
2855626123
2309271572
1923342618
177572504
636404419
2542171770
2175869976
1879196976
774675
2855460841
2648975785
1926404803
1332224725
2833564171
119906571
1115272279
305548122
2728578133
1159985096
590931818
218118487
186017092
33138126
7081112
189127892
2361865796
81257300
1941727034
206834939
15598993
2601798072
18770440
26289912
390149046
2512433156
429136085
19028801
388353971
481813286
63581088
2280998420
29594904
711559170
2849197148
198234467
2820024658
2285780407
62466975
2714959315
17651668
106219171
65103450
1365871
2835147204
150592136
2750751750
923505066
16035783
2820488731
2814394254
2363058223
538146217
17116924
2853007884
370039264
2809998005
307583817
65008592
101537635
24557863
380334548
196719371
37404762
2494070954
821107783
2852227880
53395697
485594169
2852633269
52619085
81279200
2849582941
2854092110
224389732
20829524
82338666
1611966709
277408321
544391621
2162106725
15699338
2737194588
1572153632
513500239
28110231
180530272
2853733321
87487792
371217862
20326588
42206100
428864606
2346225038
30865383
242759331
134563102
609394226
1437196176
1880828245
2823140519
63875455
1614858109
1265509249
844113109
2533675931
36922606
2510700613
375525462
1189889514
141706339
949013407
2840354780
1158541453
1191315828
14178632
284557447
59310504
2535742598
2824926551
40166902
2829916364
33017855
15215754
2657370560
2500841589
2346643524
2850655310
68463024
2793372234
2798093329
1565309180
309542018
280537358
255687633
253194050
2833396248
340549636
2844582968
2822497757
887817182
742048927
876164138
236693077
2579624612
335824945
1653001566
2852424048
1550219563
2676590264
58668702
1598406114
2823708011
100170929
95510417
180956093
45619298
2673966674
2477009652
1734746354
2852249384
353302430
11259322
2847756248
1674850164
2796491227
2814140048
1061388991
2452937930
1622609364
1256966040
15349198
808926518
29360882
399474767
486933450
220072031
64945883
21058924
90189586
2843705322
2705894498
1906501291
1615581030
2494874687
56292354
2822093685
2515996031
1731066013
179642526
100285090
2851400382
2313184843
77758096
111137222
2612636048
2754333458
14148308
14684156
2817734565
700385783
285321904
134076457
735238344
439565877
19875276
2851224787
1461316850
394618079
137793138
16738118
396700408
208577081
2817571806
312574977
2338183411
177147932
1938194274
287401974
16932843
2201313145
20983050
112086329
2821251526
167801714
284338554
69159197
2162771718
25986666
2724914286
2818887981
548114630
21478989
90561781
15402643
275327490
102287732
2840410225
445710444
2693576841
2707907491
2819786284
594597448
1655725369
1219846273
2428534638
46741095
84337159
2182258987
247881680
2822046468
365121189
92202044
2786324393
2843114648
2810223081
2820722883
91728333
555310460
23594431
2446789916
13154262
151545786
1655971116
2703392521
2817828470
43771634
2558783244
69592079
2812515026
96974106
1029383034
13658182
14665124
2842580840
17030705
153921698
14080320
15854043
743300448
457436884
1087110036
243588480
87793491
146480997
2803709485
2800153189
39675887
1192232772
2819465997
492534374
2279977744
1205175499
371416296
547192620
191363486
344186908
2784527271
253196846
2848680926
125388443
1905311078
412709363
132985286
2814128549
429173830
195708583
1613975028
2815161677
14317903
2848490053
2785641531
2800131602
2466163610
1174308409
165098820
2615424168
2760093687
2518464216
485726295
2433534989
2729792819
373651511
457003916
2838562945
46803989
1638670495
2303356790
2743169825
85976498
57580201
1604425038
2650062511
612650411
230153462
64476653
1855309266
382100101
2580017064
95534490
585923589
46189988
1323256406
561659231
888762318
2814032573
102553606
306318839
2826618090
525193288
377020065
55822959
1851911342
23185273
52308122
55000933
2816291103
2842582638
2847718614
48887397
47295987
257118909
2817249534
1329187086
1639027458
1137483823
49062554
745947926
829330615
2791975912
257507077
590276269
47228873
1565264341
2561371795
159378458
82066877
408489791
108567778
2784062732
257595012
302026260
52187387
2800766431
2811500012
2815030636
2811063378
2485557721
2736303367
117138698
160665243
2846271182
1087992422
2811940538
144488358
143485425
22534455
2807641455
2738680887
22234980
2688142506
89158464
49146390
87505814
605119128
100678106
2792118918
72683924
2748490622
494328047
2629895749
390978175
124848750
571137388
2797216320
22494840
2841765642
49049543
459209407
2440534143
856452618
18850267
73471770
123249077
2806668675
2373957974
50549691
2813388551
2812892277
20297961
240311296
899782830
244437902
13375362
524501890
142510257
2813215505
2812938916
355522138
361087601
143313371
2811245967
408816001
2812441571
2703891578
268776892
76596577
275790322
1368279920
2842701372
1347239678
470494233
986549635
376835772
331050475
2736194967
1029014924
583982997
424220342
2414610756
1061767928
124752453
2306193451
2824983121
73696512
203618002
2811162557
2789079490
20131749
1183502671
1355417960
38469196
2787509384
2732364714
198275980
2834778632
20337261
346682008
248794462
2837111124
2817893694
88024299
849117535
1041098222
2810346718
2803970135
635418325
2839896548
906320442
943578007
2799940700
2810239222
382038792
395105401
872182026
16529452
2345748049
21957332
252624703
1719895698
29880887
312996970
591607730
301559217
398722196
827100600
20367089
29178193
282080298
861310111
2842071613
184785685
24983902
2821096722
16539842
101042431
2802225041
19997512
174286744
2780035268
42622482
104449686
1864750704
1728523507
49001273
151248165
568585218
258154863
2824523982
1114652701
2205338762
1879643400
3690991
259804835
42916486
1072501856
194939773
18662201
992602201
89231157
223195334
476395108
48790018
25216712
2172208080
1472542776
2802319762
2840955366
2751335748
90587880
2832918990
140009177
2721356046
22524990
610199692
432483278
1254034670
2805962100
2729890520
26459298
1470185810
2523535872
111824890
37613478
2787948632
18295512
128712579
288891104
46646013
2481005982
38163390
482324243
273309185
2840418151
981395294
2172603062
2791953472
241111715
361211424
2321470509
229486489
600189248
2202875280
86065773
2574983708
2336241175
2425953222
488709750
113190116
585361942
2708630429
15085003
114877336
2756866253
3364321
1636065433
1338381
11809702
2836903957
1524470250
2477132090
64714207
993520008
43055538
1023756980
198931190
2590813189
2804005444
2186102179
19365101
2803892422
362246869
1032396188
2719126981
370419232
120123801
2755496870
16505602
2588261739
17956821
458735296
2774223619
2232027431
1285728264
800943162
54031070
2826225582
91210367
587081013
2663984420
325831741
6087352
350442121
2710107889
239807678
36066826
749565919
130772559
137684553
2172540365
53690404
592952987
2800804413
1603397046
47369463
2758823462
2786402744
2786527406
2757116699
1855662368
2804332880
717980401
1726033441
436595087
2442397796
18111014
1349079926
752714107
2303518556
2157685424
2801529657
47564655
2791181096
2281475538
2476572199
2838611408
1007978514
297744921
370866909
94369147
19271037
24456339
606810801
361104362
38615386
177435242
2838433034
2786392175
157117921
2832144906
2384054064
2784763466
559056585
248607027
2531096958
180650907
2800654359
16308690
2426655070
130708180
301251964
2800454547
2822620980
15632100
50078260
2788260962
150428207
143784220
1954616646
1387738992
965508181
2792006761
2799897755
48780033
597597505
2794603215
2670300804
2794558228
440922619
2769599664
15334109
817300261
2611891561
75771743
2751476567
2822406961
15371393
1642423586
573346432
2776663720
2794953203
1509868868
2836417488
25493294
2713834009
300148242
71455033
762488664
368395519
2659351478
44154218
1962159373
2403277680
228119735
311969249
2837565403
2799357765
41322132
14183810
832727490
1262809724
107118834
2516368980
2312379448
2837408792
78684938
190735066
283072598
153237605
35034283
2433568852
1008369422
61641650
529417922
498520122
196510667
2647777290
1621057621
2834326555
2830368949
2798746857
889073666
410026169
1546660447
2746492357
2717464208
2786027709
2153746550
2798495740
2591945533
313982738
22013086
1212493178
2783643977
374042116
1141032570
414017870
1569673892
2797703217
71091930
2836652732
130879031
179162538
2786173910
20644318
134498351
141276348
2693966304
1666340592
24608006
300725308
1829357312
285465921
2395553534
63768768
2361450164
1537199257
2164024493
371145314
276114850
2676481074
328884438
2830754172
1499731471
413180676
175697869
14723229
312516458
141347234
28741024
232223274
112352661
105890150
85714041
19400008
2777296036
2835444914
414180501
238276990
2753349335
14790727
821632554
195640893
37359511
15758667
1373372226
49491430
2735444595
2201034008
1543548559
16132791
456973285
2764095638
2829044749
35864572
232499336
1947168601
296334442
164739109
2311425530
2810675234
88101494
155306091
2731708008
2657718871
243865597
1374746737
54480908
159250161
2788356825
25520141
75390646
14473710
1637251188
1692589885
2748816795
2826796080
772085503
255621419
15866039
1202228419
539935564
1068829490
364783886
475724671
1955223546
17729122
295159561
2749006087
460284087
2612541335
1007483294
2468106103
25466541
1360884378
379070872
1540616094
110483442
289358815
61552823
52433606
117282092
2151962246
2835694376
2364108109
18193911
272698335
2781908625
1902685188
290892258
17696767
2780320974
15708087
2455533176
770501798
190520633
2451848382
262906192
2361256886
737782250
41879762
18145002
2318946717
2792522805
2785408199
16619151
19733732
1638644533
2785252270
168938549
888467437
2778633972
18551441
2705396641
2791986099
15643779
42933379
1254774984
2591345304
6465832
166643149
266952411
925101480
36407914
20740894
2766721580
398120990
362108216
241088589
27957359
1498747410
633648352
352373244
147997291
19972076
1223134434
2830591638
2723954762
52972087
2148250297
255599073
408801650
2194917486
2833585537
2649951417
1175714756
2831995844
573333374
15390117
1710228169
2784817541
2496034993
14456775
52890172
588004454
286415418
431733846
2756453878
533543187
34362372
757370665
131328353
388455272
1136477748
46227780
2789100649
839594491
2835376603
2784597172
2715540716
2300665689
2367730171
1273246082
2264174642
27772432
2230307303
2616812108
18665767
125635221
1498670958
1415125628
20874712
40219526
315230462
16416645
560648391
2789004779
251301855
53186718
2788931770
64321889
1335883980
144046289
1441035446
102047811
216834776
48978748
278234293
1664581392
591997681
158628736
2748387542
315906190
423214957
312453600
2225064068
1481467262
945128300
99051163
85466719
2834580734
1184751810
2803991077
32501265
75056705
31151683
230468068
277736819
246855379
2507679396
412856177
2788217572
356251004
2679950126
2779066945
241163985
237161264
24972631
210548525
34226532
26067684
431969241
25905244
2736949959
92109780
2535805848
2582062460
2740420643
2828517734
2235693564
21234668
2732553528
502915626
905701640
65473878
2496418286
194636319
2829818690
2587805329
2589622110
368293603
2614698995
387518946
39998157
2300511330
471294205
111728711
2656691408
1376403936
764879952
2369497848
2731789570
2564035366
362286182
182970944
38992490
1578817729
810842880
2350346859
50164308
113529747
115224617
327880071
9044332
16825827
2833229640
2777457469
589218013
449685148
90269942
2786357404
2257911
1610370908
19822396
143902220
564641736
359237290
185686613
2445243946
2696005944
176179617
397282857
1861576424
193542752
466585011
1958296518
355509990
222742625
2831776988
1582608139
2815087831
283161130
988730096
486000823
2832939572
12398522
1563104484
253099905
268903409
2817031266
92107452
150340705
2239439972
2832804865
178851677
2831528244
904882874
229860724
1269452006
44617157
2808355632
802295982
386376711
597185468
956587141
498656323
2266954923
88012886
465105787
115584673
2755468661
6299022
175987844
2816076960
143518674
2707459544
2398233372
2832222618
4094891
525536155
2482147946
484865808
1334508612
1915533380
231334110
81801351
2759423670
1636115953
110699929
914620668
102813463
6890552
706000938
2824275612
2804354744
2804159882
338597474
2353172832
2804616624
1646790487
2717330173
2831808007
555957901
52797828
1117234711
193838275
1574934386
499120435
491940179
2397983646
5380512
409584815
128190350
2713735381
22320905
2356786668
19417091
2831344014
52002540
84043544
85675197
2440283532
550854181
16656646
2786752932
2814177282
2736329586
259533819
15411089
2830856576
2537911597
2688728545
293576666
418097939
1405815595
49027318
7562472
52241007
37268030
146593760
2474497182
519205395
15377583
2815383842
181998571
261518796
137429782
53111600
404438626
186837433
482436593
2213309410
9334522
254433888
2822691986
154004300
112620196
2687241919
108991976
37722073
295579574
229472659
2646634279
20321910
105400437
111382571
474127779
422766226
817268599
293425454
278153861
28327210
2775628821
395923881
564493814
722807863
314211120
1523651262
2799698960
1066133280
20627518
290177053
2660621509
2829522026
1465558057
272343432
561888393
858064069
23936404
2782886197
1474538784
52312607
2750060587
16721548
2829344449
14572236
438747989
207644363
38782102
83845017
16742138
255094654
232128801
519053419
136367055
2295717751
40179709
195043294
35182679
213237883
14259297
84324380
851623314
795588751
74521880
2352050869
367704206
63285565
2389839594
267616467
166712207
954474271
356792220
197953953
23322107
458581633
374141615
41659042
2432177617
2219881074
480785781
24705871
142008901
947769050
1465439366
2475627290
197191109
2780365098
203170793
518879412
26139830
2828324234
279114835
64440209
2824128002
50694878
2690508049
331533619
37290195
2772986956
28960343
96776314
2827939176
19193379
147806901
2232221917
183621528
349862272
1352314165
2826104996
100667056
26013521
254005505
2827703850
384331034
14810103
2329335401
2493607466
2418205386
106018060
2725372729
119123893
160367971
15546481
2626857524
2602079144
571376223
115965812
84540992
17671138
627858145
214278374
302955358
148983302
18235610
2805436934
1729676634
26663016
161082009
18618509
1293111674
2420981935
30260257
2826562470
58894287
17854347
2407545524
2538258851
2383904972
1054933434
918460752
1701802484
60861150
87202353
2187475460
2740701943
167563942
44067306
19002934
448792779
715819664
181364284
1476801187
305490024
2450562924
2274381084
148292384
26058319
100299918
1481296261
2819390378
47300322
266389269
2382956537
2570938718
109872804
78180179
107426998
1486585099
1097853847
2822273940
161710878
54901301
51666892
2824907318
8843122
2818391828
105223275
18231327
821473718
76015642
2307335970
44846819
1631732724
417027478
265440673
342112160
393601236
36635906
2482014584
800475253
392083779
2815231272
144676674
2452559149
162857666
586602959
2442795973
2735521540
1400132136
2445160764
32161016
1571141989
2172732096
613644771
30354286
1349220240
24537321
775116872
252552164
39051409
14783564
1228100000
1034431207
135211085
2782962522
2822508636
2822646032
249073527
766739947
2313196850
2405153305
2613685202
542179350
2819711276
2820445266
160514336
2760707696
1663559562
432822212
2778377991
16870448
2761855710
475638619
211341205
1898433085
194559922
1120368985
1187674938
2822688384
201637833
28513816
333284872
14118292
2822455590
20056301
1518335300
1137374436
2341322420
309874416
402518184
1871809548
2795992914
14955566
235152318
1281253711
1569475945
47538762
2554042250
59740378
145558565
448341496
854644525
352991130
749402634
51998128
540802953
2249030233
485036660
68937071
1129289311
100327777
2607360152
2733479412
307101789
16790215
788424386
1867918422
44842675
2820960308
2806125806
735941503
449412920
33038124
1152256242
2721451040
501678899
54132583
338064068
136058641
2582618905
2705375875
241271914
2369259613
441921604
2813169709
218336355
347251140
66146034
2820422863
965532326
2233381770
205454231
2528692262
127518874
11789862
2776558912
1705479349
1433466870
2357898337
155037620
87749301
122476109
48073817
2815064365
56349305
2342508284
2334427406
149167519
2775954399
2293438614
569892881
2422054506
2210402300
128669678
2813501346
283582522
565990692
2774451733
2819133900
887373728
916147172
879913201
166641297
2819116016
561605642
1017629750
2564234072
2782447951
1641845156
783224023
2544525229
1395682711
28011098
347734582
1280764374
906523651
2713462808
420192418
19300626
2314793970
14879166
52226688
2817797912
1370320309
1190052115
2817651780
146961439
1448885066
2168190332
2814274178
2211146294
2809482174
763877
1687297224
106892832
210980904
79758190
101251914
2803641348
551110072
1852587386
1878202717
2555340277
350096077
1319624311
390129075
2791214143
472177283
90013359
56226733
1050846883
1276859384
2332367922
1591287799
620659335
15520909
2743657302
2816660377
49571263
1410656941
2589052824
205778956
2464097226
112026528
72955329
2781366804
81718248
88359706
820824324
16950573
73094308
14870962
19680036
532814870
372515318
31053729
34421556
107094870
226928963
2467294044
1543452152
451992149
36247676
2371656803
1333043724
2815263980
345864358
104713098
387101772
8555
2424958420
1883283722
2799380858
55869887
2690612928
360708633
71292413
298016346
91359345
765916064
327201354
2302533799
1462225957
304592162
2656750322
2814855654
2813252354
2297227874
30819361
2701962487
2149951799
158468062
158630348
572797311
15221076
1491091279
991281
2201339364
514510171
23845663
246792623
101711716
1968092028
113486309
95008075
1876848462
1515640590
12164092
16078583
828377340
16587653
46734572
2214904508
815255838
473002845
77645855
1653701120
16219542
2740187420
257034754
2441214292
2812139328
579090833
312709489
352664302
72649798
459841615
249338051
451592390
2412771212
94027441
53754591
2212853719
349656746
966259728
2809443649
1963073227
17647082
1631185640
2811682122
17020916
141184543
2766534521
5647112
1482325790
1648432231
1583301685
264377950
25473007
1117971499
2529102156
14073314
477482700
14457521
75781266
173767293
2232850908
160593956
2685452922
2563610737
390473158
146447169
215744794
121838890
2322506619
1874267641
2192114564
177344577
32954014
11474082
2341996218
1874034944
2810064613
15820904
423671543
2763935677
2812357399
747994790
185268827
2812312596
214541210
79250178
2190373987
2601230762
18493404
2761230583
2664890096
86865929
2669177370
1927571491
616728673
82232714
19788666
14604287
974871162
309039860
344735545
2595496926
2785065085
796974084
2567639986
80218148
264172057
21441878
36409371
26272459
2811418195
2786659009
280545500
2761529213
1680321756
14389390
168433044
914065190
2396719800
62899010
2764152860
208965170
2804754907
1601920002
187627883
1175120389
53756684
634610294
109215470
187336766
84222643
1494371767
2709809011
2421953575
2767844404
2301216108
2807764914
73356626
179235724
2427603936
1672498237
101889016
280152877
2810807180
408944267
2231040318
453596077
2806404716
115959311
2807005038
354554147
520798511
47365701
2374338583
84166460
2729712499
185642306
375179176
2793457692
68335038
14376470
630949525
245055631
810862284
454249359
115368347
2588420481
85276203
186718830
2808939739
1543612417
488744695
1905224966
233599304
102826993
157007171
2800292544
180489761
2803880870
108412384
2704326654
1724058733
2797465159
945576522
57526775
2670780013
2337248635
2264223564
36179545
2685473772
41760976
1535981293
2678012148
1591698254
1625838954
2783773854
123501531
598677936
959772589
27626037
785833014
2781966469
164237191
2783945574
1425454747
1435601340
149666998
2742368023
2509445646
259783276
2156427114
2805186546
17306930
23981891
1695153378
271742562
144490716
2783820415
2796374802
27870723
260066166
1191725215
2769334667
2734367258
104500589
407024996
2484794586
2808009224
2603892991
2802027750
2715214964
2731679742
2802870871
19956525
2732516664
130993786
42280586
858564769
2807656333
94813109
469484419
2324963922
2801613709
20956105
2598883729
349095723
124695259
42682259
2807469092
269942376
193270808
617371139
78478380
56335343
2610481662
2807144725
1959432704
910154773
368316104
2512151881
2390779183
221362904
16480430
53861446
2601392136
105619174
555561981
2806753285
2651409404
272946082
19198693
2801103889
1075074085
16570043
575663290
1671512653
765439640
527866673
551700484
522837532
16503550
368684747
254648846
32140089
1115745757
149688812
104024057
292673840
2194757000
811230696
382886339
1325368394
630329819
86913424
2561760573
2658577287
275629270
2803468915
14255544
572034236
140846469
158857250
92554286
2804087286
2737411127
24571629
2371884374
2395002988
2627683709
72813996
848590117
