42464815
454822256
370614755
2700868561
2803490072
2668781364
951520886
39933300
2789214842
2735356116
2792709894
20826128
2804583144
2188540561
872164453
855968443
1738708147
2361284281
456142484
2534851211
2754018288
263273797
30009919
2160152588
63365832
16617288
2741251605
546312627
2786355594
1451985996
1206142340
623947384
1323627168
10477522
872643308
312294919
2548327585
1106834136
52339727
1007949966
212236504
635978304
991743254
2359139832
230169048
1387341763
2803227330
2650270608
2517255295
2796419623
363499453
2256852860
118132124
305158150
2211911288
217475967
68885051
1863770611
2300784572
101077138
1513502460
870636446
106408515
467077704
2777170477
1726554098
279036687
415901849
2468259702
884627497
2356354608
1431146755
1028587405
71285704
103886928
28350792
63961984
2802249776
293934083
610894228
2796595404
2766898693
2801986886
2791468730
202162683
417632113
973876766
2766715068
401552462
145961133
194866675
2802039991
372995772
2754163230
2788116210
2794658059
2576799408
2784338352
306259923
2217608856
1108680805
1331279370
2768871356
26451615
1469060191
399689197
2615612820
17686743
2567739300
2616044216
12641222
896964192
2716636214
410426907
470750056
2798963281
2774758884
1520618564
390321016
2615096911
14308404
2800683428
443505510
1436322451
2772788892
17579561
30042580
2732084282
1889126995
2798318515
2754218670
244571663
1630447328
378168195
2293980379
2800039170
323335077
31332819
2548651742
2335252139
201015816
9558152
2491739312
183302343
146000358
2799310212
109890090
354251155
99975395
2765276273
1124123394
206438633
562101291
1708033183
324639074
382438699
951642870
282738131
2759046770
76607808
2652984049
2798558084
66821600
2790458622
2784504068
277440955
41653400
816676704
442752747
2778906102
2797224096
2442382140
2796387452
90824997
126502345
27388185
2473065839
444064104
21234308
2462414437
2656417556
1295719860
1553882815
18462696
2219455105
68050371
286995547
57031157
2539441248
1955817260
290284455
2417091878
77676201
1416787098
545187544
29908313
18854998
14048665
262872044
110483837
113437834
344671653
1299277668
403951288
464067698
14571031
2657044033
871105926
101614140
29395574
2764179628
155840308
19654889
314988582
532782870
260182449
2428329804
91798669
27556454
1687179632
980742198
111619530
2757873057
10296802
2288178307
2794252531
243611417
2581772744
634588383
2281126711
2793120889
2791580010
2616168896
122434382
416776751
2794972164
14539069
26812345
14635129
395404787
89544822
2778483066
411095160
478907481
141166070
2790435288
99744683
17286849
1550931865
132038130
33413291
365378792
2737232452
2738359011
796846800
787809469
59749825
252811963
103847255
86935651
2705463943
39401092
382461692
2334604044
2706680274
252698818
116258222
2793343915
2754541628
2792927617
2786682870
236019813
2792583642
1422760262
2792701220
2318445520
1543837188
393605837
2670505184
478079162
44984389
2761814715
15318316
564885704
2792377544
2791993206
50891548
46561014
64675837
1679472354
493397667
925555028
1638500694
2527369568
147986079
316414134
332766624
41841191
2530141968
168724647
173915415
123443951
2791736113
346671221
1437635642
86757865
779133367
207448227
1319137434
9958632
2541046567
2784416954
2402138551
2791056522
324973712
2791026740
19416748
2575862305
139561342
258585832
2274414507
2616342918
1342602530
1288755278
344000186
59221699
6859162
215622410
2738034997
211626135
57465499
2790212324
1482257791
24087706
1216525338
61277825
54500185
28404340
1688749338
488596726
1066450266
2306810959
2780200345
2189736653
1664021282
462628662
1310981150
2789503087
399318048
85545304
385303104
2761035813
2789243413
2789353207
414849582
2273091018
217184069
69530718
1140680599
2501586008
2343793980
2760932465
2757241578
278675861
25545124
489364485
410914438
1035465014
2586481842
29562655
2234992008
73223454
119301762
39973861
2781385232
599365907
175143104
2477435372
15819644
152454126
70454230
2603462935
562346664
1605379278
327010691
1456888952
2514832632
15628080
2339260008
40516514
588883570
2784288817
1110580916
2787971696
2760329481
2362420087
2571085435
200476411
189800679
2290047613
2739577711
2389810682
1240088076
244906923
1487821471
339512106
551921516
2710341788
2766100424
565828941
2761887668
2736448646
199313865
62982317
766982388
106139632
44586507
487176908
361842963
2371101700
48433116
104781507
230559327
473391469
58231917
265139528
607340469
1614040352
2693202481
787709702
2498854482
2759258181
347742708
113925365
114870624
183422814
24555691
129831771
14954428
2375950362
138686927
765959413
222673556
1719393248
2501174970
2687281321
59072709
481227254
1865874102
275428702
2785574371
2697728359
297793132
300090633
2761758092
234990695
1411960434
2762647232
1950667519
18088970
15406786
153890460
585624313
155703666
443196865
1421473148
2773580964
1553738090
16367986
2318986370
64520556
2784528180
28692855
509507081
90089811
156319747
528706396
376997566
2389150140
527601987
1272527744
794749434
463315612
2663058433
2738269489
2784211440
493131022
2782555825
2588326404
174681958
2492246714
2590566769
96779457
222971435
61484687
1732926050
2731316826
189287257
22489757
2726247110
20174336
1087084273
23971123
26531016
1893756259
15463389
2734724821
2782804561
57096530
2768853630
193407017
2741124308
2707140450
1059076034
197790467
2779837530
51512599
2608488541
60618622
2509328598
272387240
2449959187
2721536344
718670968
11061832
105825161
2705619808
2745739827
21590617
505744835
41500177
124724549
2595744086
301628917
279111737
801392220
2383953151
2760892646
424299605
2720025169
556744765
263572855
2769447462
2748210764
2357813772
2737092752
2777861160
2756742717
2396701498
2781744510
829171777
2344628287
237219489
100137134
135996111
17290261
2722485115
236846537
1054282663
2682609198
1565880757
201864536
82661550
597934674
2737288664
2755988727
2453395074
526649217
145548923
313040819
55821621
2747321089
106216151
278063675
484437359
377809219
13398722
70133299
11175252
2769708692
518356080
457341518
1449589291
2599222219
1836111678
1733969828
2239021862
2711023388
207673466
567586592
2603912671
2421471372
1114859575
2759139960
2779856930
2475113863
1247578496
32855546
2779101524
142323105
83582818
2777307468
163939807
2776367904
23863624
2762628806
262366730
101843285
465895743
1729570140
84607869
2766732907
449835534
265599284
193517332
2775476762
2730945240
457869526
292786299
37736156
29357973
594564485
2707030466
389290240
2753416613
17576399
2459879664
1179550597
166823687
41814664
17328983
1216763004
2778685003
1256595361
291358871
2388855958
803190152
185382959
2389856600
66387873
1608089756
1204923944
1037560334
387857905
2778398059
2588746080
2507353321
2766219217
5141381
532572964
719085592
394535041
38425434
22429982
514363208
78712262
95764413
2508863999
65593042
2765286121
17866320
1157101980
1093427534
2355805567
2777825263
23032391
1430580116
7628472
2447422296
426315541
117028314
29371009
2749570886
127478752
127995312
2474581676
1561035960
1464511807
2776822152
41221408
103052887
321569358
389009642
49897139
937362529
2771063166
2706347990
85721956
881253451
217849694
2770706846
46261189
2776839750
2485046672
2323570591
1447881000
14320310
245393695
60708320
162645448
169118006
2305443456
213763097
246010468
2776583833
2693330966
131310897
142111046
2419106792
2769107952
315759680
2776234592
34327690
29178932
52790947
1121844704
80657921
407670613
2153729118
30218708
2564923387
2419547533
188150147
2394444373
1078393123
2769515064
2310671328
206529325
18413856
329183098
64900820
2289055597
2342498372
956573083
2351548910
49038164
721516141
2075921
2290467265
369587656
172509769
14114301
293724851
2775000487
409426851
2752833617
11346592
245508818
93315250
123710307
14662019
394897193
43421396
1909194540
12053802
2774267648
1414011942
17999080
27081171
27081981
341652670
2325619824
32231042
600043158
2737502250
905345814
2522081110
328710395
148403294
382391130
573789105
1462582736
58579969
2600144959
2769303402
1482745213
296486159
1695140647
1621684998
1037793642
168824484
81802474
2770618411
115644309
2642879316
2758041319
806909522
2665459903
112654919
2360820246
703158390
3014791
2396006606
2752365087
2597720540
158573807
591739204
94707667
1605104510
2745511268
359570369
2704385509
2665407872
2255827087
1563111870
2324392039
45579604
13881152
333075665
185492653
1066301203
501242131
296329646
749478451
1539108692
2149487124
2151686040
165618586
752154384
40795649
889672836
12388202
333942694
719321075
407902047
93179084
2745928213
30718905
19719480
2770897146
14211474
37413469
94381181
275575284
2770141826
492633526
2617789182
2290105345
15192748
139022834
2465164980
124763469
2758429580
1488034879
45451117
15320184
24606907
52080061
108091253
67595587
23204029
2370266335
149054815
12357262
208711305
132465999
2572241523
244983107
2258976764
54078621
531590720
36028748
67825169
2394417188
932005099
551635052
16897693
2767477568
289414508
114099291
2768601301
603676653
41921765
242146054
31835634
2763616693
836216192
554780820
1361161896
2318738577
445543759
48715774
455823782
2433845833
632680492
183405167
2680277916
865913672
22097780
2443978039
2767182919
240399797
2312042564
2422128212
324954099
2471294780
560086535
2766699528
269844374
2766828644
346991525
2749906909
82924838
45798854
2441698652
462344745
865081171
185207907
942299450
2396078653
2667623373
1853876598
50303109
2315981766
213993835
1168913335
69615719
2294910126
22902127
193379860
2765307968
160151412
59409141
2751085303
331038878
15961090
362557763
41253617
17360570
1721527920
2764548758
159450997
2417819053
142147719
246092152
2764183838
2674294027
356900641
2292615521
2763226932
2377574029
242176103
62126949
46353875
426171478
2458487429
170156031
279568111
480984413
2457058393
2232509580
37251810
2515615142
1877537419
43132122
1204823658
1706325660
2762064582
2754712238
69342836
496923987
63808371
93853215
1875911672
246910391
262374031
143159571
247081442
1567981518
458871408
69717353
1624528813
2552960052
761926538
246691003
349434657
14127070
2328362593
378868991
24965256
2497268119
2604709832
897014814
2760184471
109475283
20214837
2748703689
246940445
571506209
2436285415
1321744854
36508474
2493644034
57009189
2750304532
39314566
2759104224
56295856
37661897
129905230
567210089
1493361511
2239109723
14586938
477776635
159743999
2259031158
2758646983
257980489
2749979320
57970474
1632853430
2752197954
2755100376
393817106
2595089167
2756892823
347254745
2718313315
2240395313
15463607
2650748701
63917194
2558208177
191788222
386281684
2756599466
490161606
196034996
62972312
311910315
2756374062
95159324
316006525
954771
299108261
81316826
2393912024
123872576
1232927544
2350306297
2725652154
196070029
2712147284
2654014584
2432092538
2749685443
230708628
124578446
2286217585
2589788287
2413397598
75619797
2194749589
2754758786
156082706
200281750
18631897
2443763348
508465639
243564692
777484610
34549184
2274661699
1656112896
86730687
2218949564
32174260
2748718631
57357695
602491646
366237776
221151535
1099521481
614908814
136384633
57676222
102211274
470618398
542376476
406021674
1380208872
2147832918
2748327151
2464710537
2612312676
109177322
2366788616
130940895
79148834
1450690034
74184603
17032477
2366252912
6822322
2518693783
2343580970
444033383
2533823247
16166583
1640823325
819843234
275894469
1308717144
24040004
575173233
2662893668
2578078050
904959001
2688186037
206786567
626902545
2611751461
2565290690
148607100
61611616
18776394
274795387
87352621
1851453961
2714582400
14449113
2430659611
2594704202
257637659
428603960
607041428
40432865
2428460137
874834806
551966006
307275464
155245621
92720275
29722041
2746796214
274102430
2751315470
2385893862
450473365
118276403
2738299826
1232910235
2421770701
79230133
1156263444
2547307255
289152124
746050550
2750858749
73197505
249247520
14278451
1371831824
2657053305
599106440
1355919799
766577941
1410913225
62867483
217164472
485802073
2750176490
2749102717
558033463
20939204
44461424
2608869781
14202391
38411647
230780436
305869698
394831664
186367683
14336738
2548399045
54306101
448722295
337770648
264771905
83807413
2324716203
827789370
445752516
17533099
835675364
568094706
717819755
56687180
1479526783
145505196
528909960
363614327
2390157042
732879642
2737606746
1291784312
1362172818
207323456
14964582
1919164352
2683198652
19302297
67760567
617090376
205911497
2648855520
2311168087
1859392423
2746248756
34653556
26536599
399836222
860590392
17660095
323382286
544431201
131625064
22362933
1515020822
5636332
33791345
743321418
256695144
2745192462
24687536
340052401
436351377
2701085046
2500901
2744809219
2312147984
395180243
2276642329
1121588364
196566592
2744513126
59708490
1041093810
47229943
1570053283
52000793
164947112
138414320
550369259
14253284
2472499266
2588607428
329549258
2743785354
17853844
232947329
456220560
2315264368
872734069
346976507
2738969240
2386504792
487406139
398930789
2387498113
2200502604
395792163
312740105
520799869
2720100144
2741816264
2727419059
2664026030
2742280945
569006087
33691556
17865318
245055727
395061117
2341226636
2741807646
2739337190
1215136440
96571830
105792239
2485407246
569671982
88163944
2741168732
714661466
465740972
2617226089
2607115207
2740899408
2614785517
172468251
289566160
393046947
109265783
2356870945
43305216
1575689822
331152843
233484311
237905578
15178166
111246377
610055550
143572694
2740316449
2686445346
2740057512
2189074973
2592019035
636193078
240879791
47621357
2244241112
2519047916
2729715924
148280168
14440185
426856281
255298889
40505228
2284893966
230441880
1758377618
53315901
2403370896
19515484
2739135942
2736740623
16107577
2730530725
2610826938
179454510
47008727
51800487
111915856
2386675545
14877389
25414277
14094137
38475952
2257960612
596105224
2737979942
984654277
40729876
555820591
153991195
110637144
100301110
17552930
113741036
2297595146
302400984
1916048384
16078906
2734876569
2740833052
2203627255
2567238727
137033730
200796236
72044040
2367134450
824739343
2556528445
82056381
2719757090
119415671
2736630589
1264106642
25716547
2736532866
345189958
1547845710
72206194
2735377741
2562813265
147767669
166646802
253041193
35101457
1968327673
17751248
18376896
286161957
38761177
157359173
38841791
2735201942
2692430076
2294948904
462295723
1249325370
2734231700
112432524
207532492
989472924
350923391
394939944
16092231
2457616898
2591026668
224508701
18120676
278877105
90347516
2734661947
2220010179
2262199555
2724435296
106083573
1524168354
2734641487
64996150
2734411878
719918524
435819363
2561758364
576226518
2721185971
10213242
364341145
1357988467
417643432
2572282390
354349536
2733854179
92145946
31137607
14374486
2717232308
332389079
1265738150
44810485
765766219
2251011888
25372667
2281266747
16351531
466807403
30174092
46316354
91688695
86286693
143158390
81077628
2705639467
2589998743
117352183
2617560270
1308354276
2588230244
106253872
606257995
73941068
225647978
1487441166
16523704
2483577678
1267556514
48837534
28638476
216088976
2353746477
17112621
2181743994
845444149
2731344606
42773393
146118961
2235982731
1326511338
35296729
352859859
2731027872
2597457012
13276152
295102343
2740307884
239472632
54282764
25903682
2738533403
211741710
2192164004
110445692
299900248
2570380807
1031446243
403405841
2308872180
806843552
2730071599
29193645
392202352
2480520206
2407370786
2407419524
2432344278
46547644
237459440
6313612
845832763
2534917916
517143684
2591176303
2212502305
305030617
280578961
408614274
79144010
301308092
79383927
2301704682
2727810595
2324132095
200810168
329836709
41323445
824783052
417981970
568353364
58400997
36493243
576195432
230774094
2394876744
2474977544
128638867
1296889970
247423269
2194904085
2707418724
111777978
49395336
1067092248
1110472074
22154502
337461722
587505598
2349116701
120417478
15214207
348550170
345452655
215206487
2262846954
2554727574
107389377
1418158538
228085653
2719203405
1062036715
2612177154
477262075
633823337
116797876
198057989
586845352
445014026
102435537
346961714
2724442801
133378224
333493943
2488299481
2512276422
326844350
2639816417
183296887
237279531
457070358
27246932
2722241953
2725925965
34984218
459205317
98523999
127773087
1349971362
2570194495
598433237
864297938
61416593
515860116
424961155
13511662
25505997
25117720
233992650
390192557
11782852
62160174
17816929
460120114
2544094904
2724787634
52884687
40729137
244821115
14759776
68587318
2437245943
2724471710
65446025
1320029407
2724295717
162576670
2724161016
50128945
2719552579
329060882
1453499827
390822515
69607343
112446564
28407839
2704223238
284962373
2723425224
2664781741
224672043
2658441715
236961139
397649768
266420236
37126803
151203550
2279809602
220442413
140290806
1461423410
3110991
850069004
2734544051
17455736
48352247
2538089005
2722362630
2706349860
922995680
2599068084
1852358785
2257794846
2706883723
258498217
130080388
415141065
1938065912
2578971512
2721756938
2563001011
21471559
2321973170
725936178
2625402025
120030101
7672162
2650967767
1065810410
2718484897
42190512
2700480434
72353746
2576172140
2179352775
143900942
74477166
50885795
2599111279
55773
119925347
244289428
1430750046
166491507
89827695
467484141
329957624
72373795
67466841
2657602347
2349695162
300220293
2719734296
279245450
326876391
245835608
23859331
867643723
335338856
2704224643
15440842
2719036466
2719205587
241698930
8123772
305168723
2375636030
349091414
2703160160
543170579
66145306
17794586
216356968
2735319471
151733530
159324036
2718416455
337525177
1262670068
2718367224
17082809
121675784
242448109
233503948
1511446123
21571165
14371514
313736599
17109447
2319419786
2490413476
185557277
583268970
120348587
87516276
440823407
323423435
1532767178
357619546
47012549
2717483665
2423797555
30401435
64174157
14130680
520541826
30875105
177674572
417209008
18390117
1288356930
2476957441
2578687453
2229261194
2716987135
2688131432
521534670
2594688433
18143995
2716768760
59907159
89774690
868198537
2710127468
553596923
120975351
18877988
611463555
38590706
565545850
2675451638
517503293
311606111
320357207
72916818
15469499
2424028026
15326569
1063565412
63189621
83558626
1333462507
2280459169
588654690
30645428
2714698795
978888434
551426947
29254967
2488877732
1439700948
19540248
2662579626
243508942
2498919146
399506700
15989876
309288127
570869781
2566019648
439130415
701303462
778071757
137344121
14843172
2620185144
203045727
560072263
1670424902
372435166
773704
518209005
2433943926
60605714
1599264247
62312406
559690571
48853819
47254767
901069801
2705527958
456402225
287142152
2713276243
11359332
319196860
47901133
2511447580
80460341
2604916185
14311351
2526143622
1215779298
749121300
2385307502
18108168
2703115212
64595618
22188682
320881368
20784482
399140648
15297187
970697342
2170358226
31645501
2419751280
56128878
149824371
16091141
6538492
257209738
1536586975
2522644903
214962074
202577817
171069894
718722307
57257888
531647851
601960189
2332819309
2185364767
2545811707
266631033
11641182
385800620
194633456
19098733
428870478
2601239935
1623683210
2710854468
2710033124
2710570375
2655418046
2675152188
138068437
14466711
2707503637
24194154
2559518700
2501704358
2204636484
2201742224
18478968
904198387
133874028
34005294
343571500
2686140984
214259277
48406499
96813815
1385907354
2257168014
2709174300
123079659
2305308421
90739815
794760978
42618940
2258678838
2387991991
416315705
144553078
1623639049
2277505602
414093025
1302331111
53028792
769714567
2420179428
193430107
2277043688
2708413838
163406258
308911990
107109836
73042675
1958231707
2733330477
318698485
36850894
12713392
2707839494
2523411974
93039464
19771464
396232781
79899415
1576818374
2294755722
30034700
287254327
2707314283
2665524636
2706846175
2525390744
2612597370
2724526701
257263817
102745826
37437471
2462353837
20616216
1527313417
149259440
100867966
2706422671
2733234916
2706376268
354058424
96319165
63656663
66616747
2733117856
86833136
269395359
130129130
2578824169
58384642
61284243
1723028168
373091399
2732913243
2476809374
325258751
18235388
2732756842
20657815
35423682
2698175840
1260463207
906636126
19071397
613626926
117622689
563232527
15147196
2703134480
2685291650
883200055
2460774822
602384493
246544236
2693375690
75848521
2150474772
2579024666
2732367047
2591023856
2703847674
70842538
14157077
2587076034
23360296
327949272
22324472
27599608
1490526674
10977552
71145527
1254663696
2681838086
220409483
46145517
19455487
723888542
2701653464
80879097
2701476438
2435611124
2535434246
236393805
1863109050
17935123
2468017652
2579267190
2181602971
2700808729
549016477
411918401
177638150
1402982292
304266355
391415325
2268937427
2551716925
16611392
311408282
347843136
2536835948
66559645
549255471
157383742
229783248
77663007
544238608
76999568
64383699
2638124055
1518323634
2245421466
2699840480
2695340354
59804772
122946261
130916058
17100212
446000249
1617095875
163351786
58060916
950966630
2327494692
2699069388
2610462128
2647307048
2539396878
1960065456
330509179
26761316
832779193
1327365206
16138221
38200949
224207354
575986039
1415688295
24062340
2677171183
2242147202
1865563560
365010429
32270557
228874061
1833135806
1203249943
166867264
2722889085
568379826
1333810494
324499486
40237215
2730595900
19704580
478971921
182427192
441180074
477496089
103939099
2301822914
496390561
1547411664
558832865
156676458
72179125
2696613235
234907953
2728381385
183258410
557326424
1131718999
137079790
112792825
47723899
203055309
2567347412
251725201
70709574
21432117
2683995260
1890579445
1344525246
2675303676
19187116
334319970
2575222998
701916722
2227142329
104744576
1222497572
79359674
238842479
896384784
102403544
340158219
328790247
23932725
2564982064
461944151
15330558
21699918
263690505
200021831
2682460099
1512316394
2450711365
209007474
9917252
2478491328
376323790
2309561217
2686321742
83958311
122894974
389116548
262950811
209560899
360189173
16947429
2439417302
47806938
509134829
785432652
1300724341
2437518986
388386800
1322541890
913374685
17714565
280507002
763585
185380292
378599111
45605144
85021862
2315929503
1148768377
266212887
2241244453
31331064
258473443
362952717
431723372
35481085
139073421
32759814
1530603823
6932342
498950283
93605326
599326603
2651518298
605526978
2283668299
17438148
1049393516
2683915872
2507104296
2393991871
2527962281
2511113790
2727241241
15488524
2399366534
454212670
135618600
83271554
906831026
273314996
2587337988
2688921932
55982720
2148871724
1908633624
2651032407
20735049
139492003
49463315
2351906845
85257878
14896561
2591985096
2649637622
1123053888
150768156
29832721
294037695
2267844870
2383481274
23462787
1214451470
180265428
998118744
453675193
2364266749
105862430
26266897
1077233186
31328505
52428541
90396780
906240096
1390061084
14068362
2644159405
559044163
2690318576
55258333
2319446676
2728090720
341913156
1330653523
2689975951
2689929036
1214568030
2328562453
100476806
2552608752
2676024031
85061887
2689531004
38511829
1629923532
1450497715
2700189209
516831288
2688896400
774097
17887382
2493072774
2613120300
548232195
127417737
1223062562
182226987
95031229
30812781
1975484252
59486201
974824633
149098623
19636499
2194657538
513739823
1011555738
2687786347
75195695
2610275310
846754471
2463580087
460483924
2408867354
31129829
2584430832
2342049846
10165312
399081639
339520289
2610260192
2372260932
258634017
243941596
2683687004
145123235
252580653
1180376166
22628324
49160821
39745289
508576552
48462841
155824626
2595966450
475799111
2400114978
300649203
2467238892
2646192396
74173172
19629307
182518101
2612891138
47984168
171473197
947119176
20036510
363264446
191863981
2541965942
2283856029
406564435
2550766795
275342717
24652165
2726231764
95860726
68891586
268784921
579041868
197137621
242433508
2684464464
962661434
2684176322
299332635
1654826198
2684120694
271861769
107462050
2595399950
841455782
1378780136
213378104
2674382318
17287626
744993624
1342342297
2553323100
54888261
49304387
81062486
52946250
2725334439
977927221
76568199
313151974
206596983
317875573
15124874
2439646649
2361450375
2682220176
308465213
977981588
2499007669
65871510
23367717
176441183
2681029358
118429806
399553730
2407823271
2282710022
635905624
60740743
2345966364
158845445
121777053
165738870
425222652
112931181
2647312068
2525265686
2371960260
129488634
2680279370
377781130
2436180157
157624153
519773418
1281998108
2679857054
2679917474
15626622
2193075236
82424907
226248616
63555589
2677825776
2676470370
552188269
1513196984
613195740
239526842
1328072016
60322978
2449340966
859618081
211527730
472251920
2219503800
1906294074
2422156417
97924677
396019523
1862979216
867536006
469473617
538387548
295648001
361417047
246091139
285443553
15976183
487618528
6150202
709955942
2599998234
1344064868
15842437
2678134482
12565702
1077806354
38166684
170926638
49735321
2344303662
2373232634
144424172
14954908
20431396
418916370
2651426917
16907649
885109231
69626745
220848105
716619100
126990651
772777442
250996591
81542406
197136001
286092786
2176060911
14638490
2675796762
496255114
2676265538
919030440
2654076470
174821044
1066214905
414688812
192953066
127073457
365003543
2675913386
712916977
87885824
101282525
252278763
2675543834
519498010
545659700
153483013
16066831
149983258
1567289628
2660373354
141690678
85588013
6699962
1614193544
166388989
2547451267
2163951150
1568975546
19523575
27932634
51304999
2654490565
197944710
453411935
1700675876
1733055445
49800084
262522391
347485788
413703642
2673916543
854291
1539116210
2526970526
364571467
234349631
555324415
1204450554
20767246
19177569
1940806638
2672549846
105910574
2721130768
57877083
2668643544
255080670
46083084
2619076161
1376060958
449038358
633818236
426086212
616653258
156316589
2670830262
45705674
15188999
2665989630
104311180
2530805808
217311747
973305612
2720574369
42782059
312689775
2589424669
2720919723
331879283
82619845
86734909
1348111813
19949545
164959331
1339796934
69586452
1498381909
109900094
549331259
17054944
2602404890
14940612
2669248873
1664661956
17661894
182002750
2651706067
249491594
246866757
1865755303
442350793
1209161647
408034595
141477305
486735790
2280449112
42547564
2573685587
63783870
152586377
1341345710
2215586005
199803861
2295063115
16016043
2383912212
2667406260
818332512
390038108
2667192246
2646780062
108099605
37413496
69948606
233968655
2666892860
22550311
785732958
58704791
590688831
2629604780
2666365909
2620100090
2659973851
286274855
68998832
219995646
2383214554
1362442410
19533314
34262602
596657533
166810766
1944480992
380279943
226151303
2695595662
224440782
336596215
752624899
2387627185
322102218
461884351
2177023380
1872771487
2635467488
835728672
99946574
172837430
47262180
2599052730
21315146
1407639114
328398366
2661693001
10923132
8216522
14190080
46502872
904597620
1934328253
291987863
20537221
168378298
2286290534
557897933
2565768292
1386073592
15022994
2245993670
208023557
52886022
49019258
2518829358
142308113
191058801
60979789
140175977
22927554
1223609888
9663892
24347639
40410246
939090734
86535430
164961086
2425623590
103716989
14965920
1643444359
417045479
1222606549
2608125264
1601033322
171115217
2385861769
54350443
248487038
1327478168
107359769
15168204
1451719902
1142065412
1381482930
1402294140
2296446110
2651803994
733509636
2612301463
21166614
170774876
2387768983
235614066
416246676
264087550
163404941
29208101
2659210074
76752637
152914837
105194573
337660353
1623117181
15522168
2645444442
35835295
330840563
26897720
26360563
14174909
115789749
63406769
16116226
1867873608
27217334
2658180314
1963446494
1171989457
2716836717
1325506526
2657771010
1703092106
706146918
2507962339
2468904085
1053401557
2602192136
17100174
957980972
46975710
1431034489
24339683
2258908880
2715806949
2654879108
14699310
2260173510
1564133845
85758407
1564014571
300117173
2601394770
1056817824
373209424
617870259
1858744897
1690973130
1910759144
70608981
280761479
245383842
2649236077
2646637868
57954909
754188798
26331294
36451262
1294799712
247518323
2655117391
2411675257
204977228
2404860468
1334974136
1948477549
903852678
2654561239
918402512
775823372
405871371
630347354
2598435499
2619812612
365573453
2620083744
451255444
40892151
2644103634
2652936912
233446625
267500944
2649862002
25348971
597082548
776164
1408247562
2409340752
1514989014
2496560700
1477711496
1049307534
33464053
338971667
314395184
93590816
79404288
600390444
247914216
2653041972
2223545040
13987312
11865202
2491847238
352576033
1024065482
216146204
96414561
2440166767
2232299149
64754370
311113280
45670286
61524175
89544334
163740196
32764015
355124626
141406382
29816227
2615029950
44610193
67169849
2252173267
319361254
2272546333
427927175
946746984
1004585263
70707313
236126914
1226209867
299870996
432424610
149224108
1518273792
56389625
2507730103
2611788415
242742759
63100743
33856941
128290610
123511179
2645323752
1072121586
493078954
1727575350
217937866
2526305030
32337162
1520160091
33281496
2535708470
59416709
186255599
423982609
21510861
1191665862
2575710510
187623911
82672606
2647541851
1353405421
2496103458
15370238
493189474
91212664
130228529
628936571
625186129
175363407
84878097
248939715
2288997781
124566719
2530548949
529208829
2596808528
35708721
1437127717
48650619
2364266315
189889958
9749952
329612088
2647354338
783713670
288965940
2647303723
1456706203
611119512
230471671
2547070410
1664618646
141133449
378531665
2638840394
61081096
2605432458
112386182
2565827540
2255509934
765406292
918101780
22805712
2708151989
2646282680
605487965
2345492205
142700495
2646166249
22692607
1229809465
388337371
2451137640
2347312878
2645520614
34693179
20553308
566581028
23518766
1145470309
416486064
95552414
2645260423
257547189
983627977
62087410
14601679
490295437
731270491
349787385
801374545
1560583801
2481307670
339521219
871706245
2180689464
527888119
969656012
849799303
1086680946
991356162
2527930416
429385461
387555422
1699502095
557238730
209323016
2636598950
2353462362
2636527010
1518601459
433006245
25875241
2354714726
29010258
2361076296
2227759920
96667405
46439773
1020704732
119381283
2356253753
50795507
2702996981
348447504
259167709
17990185
460543169
1957950980
235188954
2423393780
1695116496
312712892
2506661617
2577431048
216185936
2594342450
111021886
91924823
15295385
88916097
109767112
2204788038
600115919
245076702
2620190786
55090109
2260109342
287217218
2418179448
359339751
847153992
1601039161
2648840897
2386743132
2582525262
59814944
272496289
172343534
71890499
121570920
2289341892
2617450706
2616245623
1051035307
1427519768
214547488
1683698402
254179009
752148967
1858333255
1690105434
2617695786
596698418
1267669285
73484993
923497974
2197611043
308266091
2320516362
549319404
718593413
2292365258
20470322
1172473410
2586218208
511566604
35817016
322207328
2362059984
70011426
46476006
171391602
22807747
2616581683
43413430
2616098390
122357565
2616422054
229354583
2696832465
2611964654
2569640498
62038670
636941678
581333076
2523209857
2616187820
50774559
108661466
33243612
146169403
400748001
570005482
2532451668
349050455
180381402
130240212
45389636
441119860
7906172
2579900540
575117668
2589583808
2615413176
28149405
239021668
584896116
279423679
328375918
43910308
258545853
374620173
1926973580
298596034
561220862
1962597732
95479326
351243208
102406510
774738655
20527255
264242346
719240785
348055581
289514332
279780364
2398744328
2172492762
609713289
1299613338
360570590
242817323
2612298644
578408436
472057421
2183440032
47819025
268442578
27620809
2236633088
2607093511
152733041
1363983000
44319064
52081141
2553253164
614373722
37418666
2239132610
729703267
2612980422
437259009
2545794865
527017368
65246050
515849631
147359616
53138284
2421121003
458079554
2523358669
2384055826
2347909766
2606292092
116262345
275641563
494418189
2612213047
2688101487
1100705084
1831349905
83389939
34481347
1671277334
2302086492
2317076575
2611788500
1061216275
356908852
17143254
59567440
62169814
88762373
41678756
111921746
273578359
2312249436
2611458367
50259161
217165604
292016851
217261232
2278949731
85830138
35443099
146344404
2570070163
286696649
2585579612
45660810
576405278
349002626
171963764
736907838
37060010
763154911
2478488244
315567125
51776106
1255899709
589031459
274049845
2600579479
202874692
273902597
137802217
1526678215
14657243
351047768
50367372
260986169
1093487234
242090311
2304003488
2644611125
2338531009
1122903092
598218676
2592548834
1965935574
2567322524
1675855165
468060183
1884243300
2606659519
739259359
526132760
327508278
836990022
50306563
705551538
1510236913
86838015
21609354
593746763
517085293
2504171425
42040679
1104847776
130970427
30714198
245169133
176338811
2285699095
526959111
33255975
80107208
138939919
749018712
272946233
493161865
2470441256
50740694
157005801
560466999
107662461
2432008284
245293544
19283583
2605881954
175445138
2301574802
603091188
70389486
591126665
856655204
2605455960
2460385278
290080629
2564404280
67452097
2605214712
88337438
17732523
65886843
2604756600
14521518
597141851
138636503
1603961198
481272483
17772237
538578246
2203714427
2340956694
2543961056
2563943679
103546579
1032982225
2600354006
1311332863
199248464
222738092
574742097
133726502
1258974434
487368105
2280838591
1718865368
89997840
820618675
87499205
2301563882
1479884528
581280378
301043474
2603029585
2597167789
738289838
94328538
526772137
28218229
14347566
246459285
2195417034
1334264268
14637585
2602240856
23831764
28744636
2600758014
85011496
14593685
897236894
92557665
1613002220
17481418
573783159
2601624462
2575151526
86751111
150676743
68717671
1432492530
2307846901
18213625
2407245764
149453888
2592640538
1919037301
2368811390
189216232
52634508
41912425
549760798
47210194
20487396
2655449704
220285048
164423448
329348604
608971774
1406143261
843740887
44816302
2600405772
2536839307
48436097
89438660
1448884328
121870828
142775687
2319925302
47893239
1669662031
2571232345
1252820952
2599994996
24008798
2581548444
27647473
761510574
51753052
2599542132
182281073
614042578
129559567
2599585484
57901777
991270268
2529076436
2486781830
126592364
5869832
492683129
2599158961
2553271531
174535380
19926313
1192841773
1960920283
106541720
926178218
120867846
151567412
556747135
51172067
43983883
2191758054
42640131
309185529
15906468
51785947
34179392
2374353990
2263299608
1633234502
2455467055
87537505
198193787
251101760
88647015
2472722887
246425149
245289767
2558415805
23043699
2279674680
1276748538
1376994242
2579689767
2195471418
80106906
174611660
2297217348
2587910220
2584558861
866932322
2597169798
2546705357
467166697
243419260
201025673
14861616
48869069
2527647678
156591865
987558692
14613795
13958112
357965746
2596443224
44155064
2567648533
165729010
981103717
616118948
353593754
1545997237
2214407663
2595884304
15424976
17723962
2362293968
24105832
2158271371
324043305
14838811
315558153
14959548
613769847
15137106
797994360
1659842916
800463126
193101585
989013685
262662048
15845614
2332429513
143833631
19395385
207008456
1376905034
2356889097
67328920
1692984565
193798915
247218205
2547263228
15540572
257717117
1671459788
75753351
2593735542
1565983520
1055893754
420096836
616915962
14903238
1380363962
76089278
16154218
8138652
2415028153
40982986
329722873
306955559
1608269671
2552732989
398626944
278606715
219732400
35603302
216392123
2287142376
351116826
2592098930
221436280
15292919
15671518
50148609
2290308410
58140275
22404459
707522322
46703069
137777638
2577446509
330508216
2378473183
1976456737
27721525
20622174
45002755
19363941
874364125
15360475
48046920
267867672
402916279
2250049880
92080004
14513213
33485546
182984690
16107083
2407432598
2458349270
2561237270
1882937370
72389039
70788809
2590659445
2549860982
355940748
2521945076
148563050
2588986064
1143853866
9696162
189350063
46892790
420284188
15133742
42440959
2309231394
217965483
259082235
16542026
2579165737
203600773
92804696
15764315
107087410
636603428
415805416
799207303
50986270
2583731856
874867278
223044036
29424704
30606760
2561737075
50707841
71465175
2580835622
2452934538
47838569
175035786
60986359
382521743
2286824148
125921308
2200520319
2435030732
301295981
1603351542
2588454678
32367783
55230962
17158660
1110880022
2441315197
124319638
180821115
972644323
16055947
15137400
102027133
1214373936
300571327
395510770
15962604
19796836
95631081
41852381
1675033124
97728825
712843052
60964422
154526940
1477134740
14318224
881862402
1363675926
49152639
1907883266
16866683
758462000
628460557
891110942
625108179
238840065
2586773462
131901944
205410189
86656830
2480193114
16328316
2401968440
27047088
74588106
15195362
2353804994
13467262
88272046
20661581
59757142
39886086
132260696
100892479
88209885
19802118
1057780844
16925257
2527266516
2577614646
38852034
53968584
2251885796
1852355492
833274168
2358428928
76721355
41141901
2574124848
1551218803
1799122411
740794940
109777402
455825949
50443299
28431408
2445223782
505564664
2525877044
2378122135
605916435
1499668478
14463318
2501100533
2203368970
397193815
565590429
2584441706
110401750
84655236
22901156
227682302
2468226109
136282528
2584334299
2470652484
2226135655
2577339331
15825749
2633992245
1541401538
1547918077
2485560350
19428615
365987196
2576704488
348244498
23878004
119713919
198767730
1912182319
2495522616
2583287293
2583228276
1691869278
2583155688
2577715387
192737115
2509436970
2556815934
2544305923
225449783
81535241
1416318720
22943821
2317937875
2582572724
198212354
199186280
232755042
1110350414
560262691
20043694
2582413602
2531415061
1334078972
1260483805
2335278421
192807826
2417238902
602038322
1690852082
2582128939
460391818
20417457
2630945061
1394512111
2312369132
2565867331
74180076
2363017976
764942628
2415253483
2559988185
315462784
2413790370
2581139983
178338142
2581327207
41567650
212784443
156872352
1435701762
2580254772
105321221
95443152
270052245
2479267844
275677426
2581018044
564225138
93302391
2541921546
17814975
80891237
1729537826
138476572
2629091435
531147255
1954671127
2166756854
166953565
19108272
2580651595
125517467
335074777
56178173
145609779
16530566
2381164118
2577205039
422631324
18354865
2181772257
76313111
45028735
1914783882
2380465687
513084543
94339147
2574478032
2556552819
1711618111
1260884994
2579257009
45437231
1696055467
2543178122
1704901988
1927469413
58183221
1926091735
482723934
458601755
318307352
2504024286
197247676
956120268
320750555
2578357226
11049052
418905650
353626144
2578197032
524773692
188231180
2495841468
2577979945
42888980
29152594
2577893353
174456577
1124689580
1060930087
1424520318
412648171
2577395462
2388321290
383409119
900141673
16573540
124934195
2271812486
2623821675
27661009
166843332
1945787708
552847532
2576987209
2565342408
2462361074
2411191213
46663498
60788077
188959036
245401751
2576844403
456408387
7903302
162624352
59446970
1050517248
89881162
100005842
348482402
1893507846
2150570826
1594601318
1097061444
95332276
45299132
2531078994
2558541070
2555073366
2185682694
1347566210
2496591516
63371821
91209790
413309197
1281102499
276580698
230230868
775862
126258617
818263747
2575367785
1285018872
2549070697
47104172
210550892
1178454426
14607461
118353088
23183065
2498048358
2257449064
68167985
64257172
2575023121
25600192
118178846
32869499
16015590
14859791
111371636
120880168
74135433
1513355995
512481450
2573696528
19388980
36477068
2298391015
2569256400
246545051
191608418
404479004
75117845
2481310566
509338527
1368013105
149955142
2460072739
631075087
733231933
45449328
139322936
132971057
2290329942
169121911
1098312620
61161128
413841180
1374024794
1665716156
2558247781
590159273
474480658
2282102288
2557732412
42320619
175592137
64304466
165151378
67799103
408878442
1623245773
174826539
2487825091
2406059942
1660856581
1663239990
2496703392
14400570
42745269
55919525
2605556865
2207706919
462001945
2530496886
22994603
2532791604
444019883
864883200
2563971859
18640457
473869484
80253523
1691347818
45344665
34854802
157610763
95288350
38213926
16857594
218286018
2240588499
397988275
597396884
2183441747
1104944348
2556486380
489167643
2093691
66128026
2333787151
141686826
58396429
337509522
100696207
2198277921
2568954757
40557486
20222688
2568741295
183869502
751326410
2568653378
377874017
198170274
95283529
50947845
1328505596
415663487
2568340292
19800713
2577500302
1589391690
451613170
17768739
24372298
300620624
242120323
315333772
612429820
16739683
227367268
1021155457
8496612
32798816
2567265800
397183246
119119754
2565561104
2431157954
195464798
152738200
1359730513
2545897946
118789623
24501002
22525287
2564496660
630248676
1928929106
83657922
14166331
1032697622
2566069639
134114184
631486710
1387956938
71932014
2241456756
1447057358
964591314
235237264
169677703
2287634869
2556948026
2483689884
493367307
404813979
82692492
895274407
820265814
816364
2553314660
19020583
536938653
1695109951
402038324
1306630040
126721324
10928462
2565205968
1610718830
62084764
952688324
2540056460
1203252404
1560663253
40142920
1469921442
304020258
2562926466
821620267
381891798
714813488
278782337
2279635459
43945128
239777901
150910423
875434663
1196240412
114452987
49499871
600585413
2355600716
2455060914
1571445840
892184510
557914988
80135687
417655941
441926260
2449891316
1205732712
269955288
2552648155
713023284
428040124
285413726
83739249
13745942
2347195009
26941614
722863165
56028696
2562279086
138230993
65763330
15344776
29198769
18973728
43571507
252658285
296184059
2209663260
2436120013
424262087
299443638
14921170
1707745567
60215288
74576954
561132515
102398101
2515975400
25126262
1087780548
197696458
264262560
2496427602
442400846
347782935
1170981
17809962
14985461
2561280276
414791892
41410100
2435786666
2600881905
2162367613
141751527
2528022708
2560722398
1548892934
29682173
128005674
177384263
2341019006
273097683
312567158
453864839
2559440526
100977425
15703663
1667109565
535537722
1598932278
2201761692
135175950
2558941028
2330497061
228324029
369846851
2558162498
1600995199
2558409949
78204838
18635065
2160813111
1187176092
211802828
28312609
15315691
17961020
1409227520
1228505480
818188274
1073890933
257424570
25592676
27829023
383492230
107119652
376223268
216801851
104587835
79612136
235292861
618316065
2153496594
459030080
2504516794
556607153
289595985
2272114412
209701540
2317298197
286634404
2556703801
475825935
14369920
1646403529
2390608274
330756710
106207307
2391691498
2555430576
2521067089
12907532
2299596215
1169162184
301030629
1827912019
2378571756
2216644436
181326817
1229563970
191382587
393355625
186033038
29164243
1286062969
2554111501
579155773
325981737
14854371
24696001
349502107
18573933
17896883
1295953975
5954642
14651993
67001034
119514639
1009662818
22790173
1403328210
13899682
18057774
2500106166
2221948753
2571153165
9401392
60703301
2525093202
139486736
13298112
1287468618
2545657338
2499278191
371750830
2469845149
75659653
140135238
2551980980
2551962716
14667619
2428328202
2551535868
560644991
68285524
14808143
1685108276
2549859145
21539059
2492004199
2533134241
1582800409
1623908497
59571015
2587781513
351471594
126155250
485020492
2548902074
225397223
26910616
73572079
2568196984
2422603885
302311172
237726692
926382036
143218482
139858867
109757283
32586061
2272922114
285731422
151138045
169240331
275526030
754871522
122559732
264455460
575870156
1630071816
330370316
1038659690
18049260
23333745
1061477780
9672472
2548427280
2544045253
155009899
83435356
240717708
2391488936
985406082
102099217
189266930
490647078
78671666
2403339895
205631832
2532807271
73827382
2292376293
365985307
516713247
1687879094
43931591
171466407
124176711
56688743
283235753
2148415112
281897320
2411390174
240064577
174404368
85004647
2507287154
435718581
445099629
20921865
54716366
375472308
2408848501
2542591873
1439309406
136579868
986257046
68240847
102753382
2252367392
86084320
39780341
1265981898
17713788
635173215
2438095478
2363034127
1639598024
1023102198
408545790
1608953226
1332165480
2530349958
245750322
9827502
119512031
1591971200
2456983556
18887308
2321063130
864316496
389507267
114658793
2518759142
316838671
1210355030
2543703145
2327736019
308074502
2539313077
174703979
557649811
2352269364
415076532
2543622744
2313256928
114520184
1886272513
7011602
1159564909
394758591
2397845408
161880200
789378157
332509667
2323323571
988678362
2358698629
174528736
2542440840
1391182398
2409825284
131903816
1714061010
2535890587
410257073
519822957
2395176386
2149448246
1631514780
2541911778
1728521354
69857018
348584868
31565291
764874984
987360660
983407782
362074693
2363732364
52782031
480055441
1720344392
2541247442
6638822
2544952679
198665867
336681733
555571334
102921976
2540960665
181761078
90357423
2399123329
216425811
2419206919
15422291
221935349
2456717576
1563174434
759567680
314404556
834007880
30897898
1911767522
1009311512
95352964
11995582
1485387865
59638861
2228734483
546103706
2419052065
2539289736
44143879
1183071308
2532690416
2492673139
2535019556
197566382
2415952131
140688004
2414257046
2245161000
2535560784
108618461
2538526674
622484983
592596442
283328032
203237777
290590151
57233610
2438194795
37991928
2568799156
38600736
184578639
2537508907
131490111
76303693
583083417
154477089
2312734966
2348471742
233798778
2537085324
1080060570
2298081949
338227991
1902371226
879982196
1977132138
141228217
76398552
17956487
94821079
1299465428
106512602
9521252
1976767568
2196475905
1642809114
143631562
596487721
36202437
2057771
80326342
253832305
338133609
709075860
1366659534
115323354
561322494
335886018
197076727
378228481
2534084437
2533586298
864640848
867287208
2236122607
2525936245
1222290330
2460704059
2529490590
1327382322
2437285280
2476901658
2511497276
327916697
1578001344
105568878
2524966686
2471238769
2374353446
248481987
83634806
975905689
246957092
30855837
25397756
1532976992
1310226866
187570741
628628558
408660677
20411624
197139564
18785126
2531949805
44140988
2567306655
157057960
403207448
2531652086
2531327714
68489479
275327571
21952190
10666232
308784745
148201765
1946158566
1729988678
2468549881
703932144
2530673520
2530686722
1536451423
778294075
418608626
555420379
390103048
332889592
2508833065
2174879504
620546533
2469661752
21752589
210500803
25171919
2516433781
71110079
627939737
117976665
500504989
2381989986
76276295
2240402959
1904021504
94590193
2470356962
266564221
17943024
139298337
50395496
21968496
526953458
309423869
1943625314
211554171
1632469652
2390703462
15832147
323645632
342259315
931616070
1376731952
2519935796
310086432
204583906
37913005
396034249
125668824
78726207
1725033006
141494428
2526914844
31281997
2503998010
2524553989
2364773420
58508338
939905569
2517054890
15793379
2515316132
2526000241
2560201318
16649597
601154372
2183997540
122186475
87009207
228170620
36524681
44828485
185844382
167335623
2476756483
2151786055
752941123
389792134
2517184500
38223734
147274380
2235349531
2451479641
401563828
241107164
2200230313
1105292672
259501452
556167633
475283862
134130428
26402162
2516880180
26817074
2507812099
1403285552
2420012360
1901971063
2310838938
610939257
2537159313
17524278
82467122
2436262947
14841649
431290059
49914843
386310521
67082613
366087555
328821609
2257753512
122392668
360947062
2491804728
147870781
441997558
180110882
492488521
2501830826
1591193214
572175215
96506638
38467103
2415438283
47833535
324028294
2466774986
2437129021
102935384
2295138618
205575821
2511476988
2455459404
727519172
68378758
62064794
2515892928
242714473
1425635910
447238544
148652090
128941421
2520660378
1960919672
273075597
1030949971
2416668036
488782092
113290025
324800352
1538649001
256743333
53957776
174000778
330390266
19257645
39546676
14316889
995855498
869166091
47335481
2518441993
2518360927
20940399
1280510244
206759485
2281124868
280457160
98551090
1667407933
81437164
127884656
622942831
36205037
2380321226
146780998
226026746
101700425
170624352
257660359
19700382
27714679
380536133
587615621
373448821
90975727
2541001576
11209782
380839859
2511398456
972073957
2434216052
2389880347
268785580
811621760
107540277
1532091674
2186259777
2515459700
929498070
47180492
32877625
21594819
59075760
165477890
1114552512
874519878
925179690
1669721924
2463440876
166528129
257303858
1442402142
600054809
2491529701
2515298216
2507483742
111733019
1690786196
973375214
2469073645
2370318458
2514641924
2383914115
6827382
291049995
2497546134
2389344673
197272877
2513909072
242145179
2387715180
44067861
2455425192
81416783
2468743878
60119770
344289192
2423959657
10696382
2294555857
224620028
17953893
2497971206
1053684541
1205480714
17750762
375934151
2512265168
2268518972
613613225
16927125
1712234144
2512077211
400903620
2511284647
92946661
881393558
14054665
400574693
133392452
902077957
286630480
2445020083
262848126
2179025197
17501654
372063443
66597570
381374968
385094961
16210789
15296390
303810370
13407
2420977425
26449875
2353671162
1548812569
575280694
2329068974
370228060
1428450768
411311575
195728428
1070402239
65872233
361380289
351148136
461336841
336045606
300139541
2133911
2509001618
16913511
872737514
2352302173
53769925
327035823
312156585
2427916706
165486730
15993780
2499181903
2507896891
974335524
1946989194
2233895874
15158654
74573162
162971725
2264214599
2507352908
16970344
2501416544
2471650033
2505622837
238653857
2426984166
2409780302
1683450116
320137620
1014285992
2494269049
16904450
53808099
2404732131
94152180
2531976317
2499684043
75652816
933005504
2494933939
2547446775
2504655007
577097285
2504513672
45492382
2503872404
163799613
63435751
2153574216
18509639
294249641
50573775
1276231801
2468611117
2502790980
384173688
192331810
1931319584
2499745076
2466314638
98915549
122337117
2500441010
2502177937
2424351354
36999725
2148965528
15099152
408853889
97718265
18151967
2501021167
1702009446
426588333
2325679110
608771056
156163320
179149568
1692029562
130263300
2441776880
22331316
408087979
2537261362
211382915
367907099
550098582
61542512
229907551
124489759
7620162
291920806
794164428
2490545108
2499449426
2499365468
165304875
1973939270
1485005773
2491941133
39811854
524371685
531261126
223485702
42410876
14283504
2299377194
778466629
14216590
629547331
2435935870
1472893135
289361320
408016909
626514628
1409680681
58780432
2490164521
1590725088
15716207
587580812
127370678
2482487725
2486468378
1925379277
431269190
2350327778
156549100
1425770155
2425420124
1327994503
18175808
11056582
455300931
1343989153
573262207
2371041144
2495123407
32463750
2412248226
278545152
126319076
1875032954
1382051546
2307333930
541830325
10360012
744217452
102626378
2546923979
365870900
143355657
2413985059
106679474
112405724
1426497450
107874061
2280476618
2493740557
557122987
23191311
2436278194
45120270
23480868
395690773
193595957
400695526
289719825
25137204
8252602
2493391177
1353059526
37244034
301603731
171427166
168107189
238603434
393165888
2381111870
2449913714
2536976986
146348914
2492759239
94098356
44085131
115696717
529977702
489486416
