2953806610
262114745
3152516102
150971716
2427460783
3152460109
3124129033
41436862
1593956875
3120677512
416535702
2757984655
3076508626
240167436
2972773984
50545651
863394858
95137024
322444925
120904654
1923700220
159581549
135146834
353225106
2154416298
2278015624
125420172
372632966
632496887
2172878818
54750203
144879992
17888494
1626114073
274606192
2899665086
2419967022
224533014
77807476
423124930
332299069
2929774983
1556704838
2226551526
34766152
59002222
2387777786
3119292802
36358303
2255541060
1715160408
14346269
3153730953
112866103
412818360
1696828069
1960674716
90721484
852166658
849561936
3083528533
1955002764
273878641
283504516
408218819
2492229624
2270272904
117782667
3019671871
491640153
40766177
1381299396
31168492
3160627823
3150851886
213610322
928036357
87737710
228632287
331882842
2729653354
2324752777
974181336
22021899
2775679152
858923160
3038592582
276686303
2810673380
594363331
324726227
142295183
645773
2968987889
73490422
2920160148
2652824826
228620869
2917623952
1171677972
3159628655
1220268986
2932129594
518578247
2998866438
1304411414
2449309874
3159201401
114579112
2544430178
2993864425
269997049
1677581214
178324001
58401797
303561221
2478940927
2762017680
345749177
1393920366
3146377210
3158521221
17327868
3067656475
3035333501
3150857322
593343738
381706037
2488316498
3150428881
44358103
521719166
718505054
268473268
241383942
478259431
18968138
331735715
480108151
38227918
3150460050
1731275143
16725651
325792482
1262364650
113150922
250393162
3154459691
6392952
83799953
23913832
1376617932
2398403329
2408014524
32780274
1360218097
52837611
3116423425
14622440
136529305
2955112500
2397543528
138503633
2660612060
18337894
126312194
19296944
209258041
401549322
3130562079
579844300
556398147
83236745
179142212
3157239105
29680196
1588927724
42661363
60213427
142469540
3150052296
3136012551
218461229
2163916682
1723579699
23903538
2903420102
20450848
2416476685
1846778539
3149951820
318180548
1383702032
2335013323
3129521538
3105125858
723103297
2251886089
376534453
3111289619
82810480
2925124956
129705259
3050935539
1262596818
35179375
3105332047
1874470452
3095144529
1451377339
1268834040
3098974072
3148630196
707577193
14851757
21744816
18378187
2297279478
1233490686
3117711533
52912713
739668480
18398829
3014225226
3140995294
178388891
41092818
1195068630
3148807308
2602171573
16367170
70612379
3148897315
2898621006
139725596
3149670160
1536429432
21345837
402489396
3153057011
222037847
430492529
3040041494
603454897
353020927
3078168606
3140830193
26451288
295674763
2420092520
3153635992
533308880
3148206920
17871190
894339685
1237588813
275463173
135350794
3138250546
1288382192
337961957
19556308
2588127056
2265988508
2817172026
392832235
17982443
704923458
3148248954
2260631029
2754760713
957604795
524592021
2451164981
3148350578
541911462
278659679
2314850090
3092834306
452471241
3127550771
3138913777
15929193
3115480609
3147011660
176540776
3014051688
2600683460
87268105
20637437
150385397
434464182
817680474
18941618
243086973
2340353953
490902446
3153475804
1895025913
709793195
1680794160
1979175116
34094751
17010050
2961559923
3041805314
337698454
353316148
2408682721
18389644
3145795183
2765797166
1217667230
2432878142
131692976
395004964
35610436
447302804
356346193
182504123
193953689
2416025659
3147136513
718233636
2730200852
246456892
263949702
2874354424
5755132
3067644396
629439428
3145996302
79985406
283050884
2204472008
1740014862
101640334
214711247
35692263
38534704
2894533472
37557453
3145563230
356430569
2440649486
32986241
2588210011
2157648602
3145240717
3141805758
308828347
45972621
146983932
237782411
745685011
2539376395
60813171
261962704
309370679
552238348
3102669861
2436950264
73187283
150334178
2429449616
37134946
90075324
2708845530
31002448
2546639905
611897947
158309105
476749024
32855892
276352125
19342120
238215443
1369693561
19553593
36741608
3140545584
3063931637
264333497
22746442
334689459
17786601
2376270312
21216523
1643797933
557151064
2792487854
365478011
1321235220
3141906501
899728386
765410869
406981727
21384411
3084335751
2705989696
2921168575
16686948
724024974
2568239215
78933489
3141935770
324970260
2824666286
21186411
309696777
17459128
14466732
8698772
891024200
2169235298
265067794
3119748496
2800066811
2596649372
1914192224
444865696
13384042
91632050
121192240
3092455264
16849603
503126183
3130247465
7085992
260729038
2734321052
2336953087
311682675
3086080494
114065779
3085559185
2467837740
617980267
2854241579
31713747
422378755
1139399004
9364642
52281407
2317205330
2773096134
216347720
1504127966
302840596
81095909
413683562
3091355734
128830009
3143958376
2942668543
2886870388
62874948
3129180506
3127280158
568096895
50592443
121216608
1051900766
1722073999
574717894
295861616
3092353270
61105337
139119696
1054475629
2540513539
1729067238
881155836
458581537
3091034268
3128861994
262980203
32451001
1610352566
442717916
700035289
24936356
13461172
24567662
367567216
548759476
175609854
1427021275
192719479
2399374044
1040736182
168913167
27236550
137722480
436686117
2571796260
267877331
23859540
5853522
392004885
2835472310
1278558726
51720837
3149497809
193918218
418327708
2416350055
129390951
41741512
2423832139
2980521309
188303634
163912563
16529427
1599226675
1242725701
2719392563
3028610746
68820314
2256954793
1410347924
17448530
566347591
90529526
2482633096
172798485
72914862
3094406725
100980038
2933820693
2640712283
2167524664
2720322858
1322477042
384975471
1516096076
2263514726
2469549048
30060837
1489550814
2490165774
1262371
1360686144
10073452
423350129
2576884692
2362162477
94185088
2991132641
75255039
198291681
2381264736
14344002
487447517
69044235
325796692
350415246
2927286019
2952162624
2864168340
221506581
253848957
19525669
21268261
3147442833
3147894659
3144300075
988592365
2934968985
238095043
321162790
778313
22332682
206245888
20451149
3060064039
2220979135
2830193996
66564798
79275791
3123211761
150611808
1958666516
634150039
511813388
3053404388
32127374
2572628306
1730157884
2160975476
2659711934
275458162
2161218120
3142406892
2271586800
2708950370
22774569
2411166138
1100672436
709531254
2332156226
3139639958
2999772381
83314435
2915896304
18557961
3115573207
1275380456
2879204372
256474046
19597010
491967124
19007136
18279420
2836876213
3042452209
18252681
2414775408
3015960696
3146297896
252000065
26061414
74387151
302148938
83232680
3121900761
533605818
94748610
438041509
3081794865
352569557
425329077
2321781498
21198083
14434495
407692541
2705148936
110533644
250223655
237748047
149099539
89666567
2450230308
256635840
319826657
169111191
21937353
1702626289
39218791
94395962
2775428220
491444574
45850451
1360721665
478662567
2755886809
2991513253
2795399507
3144168334
2923397398
3014782033
43763277
2967438886
3093937180
3092476437
3144977758
3124748881
2329466653
2151123571
76253162
3045503344
3025611377
2774626284
137918792
488975963
79283069
2382724064
190395380
2498093454
3081149452
85733358
2575358891
1900966230
3143104547
291414572
195136755
3077373315
1580816094
15307479
768325400
3143366006
339303247
585811603
15828935
20507670
73667435
259393982
3143302956
180340961
3133706444
3050529592
2881973972
242004140
2906007570
3142944090
1315117784
609341644
2339425259
441854033
3143112266
928283185
1955471048
531175404
258334683
3143125874
17077894
3058091510
2989188178
3143192590
134585828
28992503
52666764
111859636
3143051344
42054744
392762443
2655528071
2747037494
3142970726
20530829
2913886934
3036282722
23396523
2493681786
14697177
47025648
1140639104
245707191
2891880476
68561939
18971749
15932975
305334446
2236521900
206028011
470342256
19180855
3142771662
1898952792
466187306
3142798448
3142341407
16324899
625503484
525564273
395633135
9608322
844733305
146050997
3113160149
20625136
444925097
1620961915
125448732
3124470591
1588299907
39684356
326748172
193821250
3023680373
571869131
299303973
418562271
2813548196
2836527545
5686552
17546750
3141838623
2757630816
61493384
94767967
1209480960
1407127872
380881064
103794026
3141568756
129573070
57450608
18948451
39530749
920398220
51992270
83217926
22139344
2834458065
3029769708
33245672
19026311
313602329
617413640
2269522910
349810260
25572913
380046412
2216990640
116820283
2490227294
314987505
3119594904
606356782
451311262
31543497
2463503479
2175135438
3141926912
457240025
444097905
2321432582
433958125
1221792344
1848790866
15138907
2937324036
946559179
372601907
1371399535
2423325257
277440902
347765578
71512077
2996353426
44951629
114870850
2976866499
3064781505
240097368
602610564
902862522
2333432196
1975973118
455528948
2972699128
59530841
92072682
386505118
487252598
3039572762
628625113
2383540100
3138687804
139595647
179719373
2987350614
126428885
3139099240
32818861
2383390880
3139798123
2240411292
102727942
2531622624
30433054
144212247
548816258
25937205
3130999636
108743393
2601588341
377784956
2367301308
561277962
3138624412
379730779
46137336
1486190366
1138258904
2256691542
1658690929
209250617
105273380
2965155232
237428696
3041548343
2902237596
3138353103
2170465223
3128020826
2305455350
430229752
2872534811
378507455
247533628
20428729
2273542322
1871226853
2524305973
3140596596
378062693
153988163
303097370
3091264199
116222945
23387738
478522525
112157526
20569552
510873583
235811038
562145971
1259390306
787979216
325132389
589990231
798086412
272917662
2988441183
411912269
3114659545
107277190
172760525
430402501
797393360
176108875
376457588
2545483812
130353680
3135014980
230258488
3096244267
1894314972
46390239
361818505
3140135784
150608588
578080378
344633479
1286882527
103460221
744245785
74431522
189752085
2212672315
3136004559
308399088
3134773448
3139865910
3130809052
97631035
2996293356
2944978345
16063042
1587580320
3075946273
1541284634
51042557
3033976476
974034084
42356715
3109669011
5467732
744276589
321141517
45285875
53560799
532745149
3041699286
508753655
196448376
2511404389
144460264
272893647
426001230
221538405
1007275705
983073530
294947121
31325007
854982108
604239490
23849711
2887625641
402123760
353866252
632096955
6235192
2436527084
94614720
2796933007
2500603074
33392565
1105497828
3134581899
3128773923
3064599058
95787875
3106506866
18629572
611681828
3041917073
45132157
550813714
268436320
393442766
171523517
335902212
3036994068
446896353
515292418
288791918
14214726
3139179457
3030196501
3118379882
3055094658
89588947
28710431
783895742
14968946
54157691
183979022
885587257
3133637844
132839895
399723032
27725250
3138830437
3083218913
244472416
396743397
3128724705
3123885692
308691336
513913090
538380041
2180949584
115443176
60602480
2232555062
1049035986
2583640405
2650422177
847324765
2833921985
2560904677
96546748
548579530
847979820
886566649
2247244062
245859048
383739326
308959709
2484275342
3102659210
83901635
18303959
2608949644
3096679477
3042765676
14783656
3104845400
3123073896
3006329207
3118876992
429343286
2832390149
2611066880
25236090
460061711
2954198166
66522645
608190119
565757096
3130803544
1475763121
2822767430
269371048
2800233250
150262833
15073283
719879803
46128925
805741752
92810497
114577214
3097198846
2986393934
3130935898
2394223524
2617969310
2801995963
158298451
82673140
1312406370
20092248
31206545
3137064984
281460772
1732235935
286971585
3015855697
2883381236
425955458
2320839067
800139780
816571291
142731938
76021270
2812396368
150129580
2290841666
3023313218
264190525
26132016
177803228
65219208
2949242159
101818101
259999534
856986234
156730181
1000578068
56459059
198038357
2719682726
2945170551
53125762
774463645
29856400
112421597
3044292089
2236002583
87173296
1112277356
2891721123
3033287792
629746031
263031345
2155530816
1318929422
2331082898
3135032737
3122571725
36325445
3125899653
383300807
1174101085
19839195
741021984
2157976326
2969867770
3129135132
2779282875
159589558
21283237
2653538208
59463056
127864077
3131486655
519429986
1477487851
338526777
298663283
3131547250
2793151145
979620997
284760375
3131450397
124849193
510812211
1191906788
51197856
77899710
15020135
2970152410
3131152583
547324807
47282598
2541604102
1349936244
259800441
2993705466
600974014
3000900032
2238420709
29693413
118649781
3119970528
2888270486
2915186961
2835154576
191213444
2578850352
513515011
748118552
1915044085
3131249005
856942310
13287182
56571779
70614611
450592830
47974988
239992845
97245374
373807550
168800802
32324080
31469867
2859193042
2891931374
324608200
167169119
21885601
14231639
2776738169
3130070733
286668434
2483416962
2948576225
102846731
41902423
53404821
17040703
134164222
3120020199
23983086
41847328
266311520
2779275491
400562206
3042594901
355830877
2160899288
2689038415
35889262
22242933
1920908060
145389381
36740296
142694394
804463272
242064251
1659034334
214039131
3071042711
35598773
544998196
3023451263
263094624
176946271
2148617300
418143730
2385723127
76278226
461362536
189565756
2743098491
113586118
514330234
2734234356
919490406
208553552
242659742
288535276
613333025
1088764026
592471910
2771582416
1154011490
2929463287
2927476786
26987922
3097819357
259164612
3123836659
2574483912
18530656
285014887
2959553886
428074812
3077083120
156670888
106884933
874770870
3123828682
15439004
2820597363
57658337
3069488722
2375220470
41399236
2737415328
517775567
2927222938
519571114
3129389034
613291094
151169422
1453247593
2607850598
3071627142
16674738
2379082045
3119598600
106846656
3131280688
131561932
2862036741
612238895
288161455
2598920388
2962857968
2329449698
23399711
1391490624
3118895022
3115027462
180587337
589568466
3098972572
160689943
3128559169
82891198
1576809908
41667710
235022315
7867792
23238057
23683139
52467434
580355988
98641149
2975881126
2996521977
32306271
3059775881
612749675
3122948154
2329428974
3118661228
181688252
152027432
2373941241
3131220478
109571613
2862984129
26622286
2229793225
567278939
3123998017
614674195
201223416
43424342
2205182892
2904852829
470184374
3104372651
2922674883
2903239516
2943898920
21553236
2570341008
176911397
97912503
2732482979
118283312
3054102913
3008431626
22626188
3130841205
444617064
381725424
426308755
414135454
2414178120
155818827
3130953939
1339389420
3131061897
2400036933
2499867379
57656087
2195586474
250033610
172902806
317911449
1585522333
23019404
39979985
118037780
263870885
3124184449
17152357
1116826458
386612993
3072591669
404230820
448081045
2719002810
160716868
228528936
1933860697
3069683554
3124540610
384938254
245408792
373934555
109444115
270279165
2988240429
208088600
3098722451
3016947692
2925407147
2808665377
842239207
382207136
700975248
2367429437
2745022448
875439008
226808257
3019306549
1243157798
3012150117
2543076486
310687352
2372773997
173821184
303219013
2799873678
3031869897
3123665155
791066965
556027611
3125822080
121395276
50617380
3122419748
64685752
43654692
2326001929
14419795
103326928
319148684
347492971
163103759
3124858607
3116835301
987900978
616415077
134649851
3109830810
14907797
16352320
582629739
42350868
62740509
520442964
881604271
24710098
2852346646
15406645
3098071642
48874716
3116891155
22355806
305436399
67062227
2235364826
827904926
23523458
3130975186
519152174
3121335474
90726326
482608680
1324353187
193576553
900188647
1000191474
455226871
2966366714
1934082348
3045007817
1086427076
15457607
12894762
245466408
3083081908
119105371
88441024
139296320
308246685
215278696
2513686094
706244689
166569035
24723032
3036537071
2964549850
2557240116
161124282
3112403867
1226414551
19412816
17493016
17716051
3082248213
50092037
281732824
107179687
502496161
3130866220
2601647874
2317547005
425323865
2523277459
3095371535
21760452
2607566389
22130731
3115060834
3130599347
3065084877
3130730187
1377632790
2470086290
59759599
2999447879
1134506749
2388109866
2899674907
2184271168
382660690
3122398385
3116738228
3130611725
315061854
563738194
296898670
3070694191
2826653651
1664253458
379042905
11594
2774994515
2530252434
218575425
807939313
108800985
2885578436
246371360
171644420
1138753087
2409244818
3119403860
3119420659
442448432
2902360045
3111854814
2480372358
2579881344
24366873
33200278
416954962
1470273756
2983509920
148205167
3070572269
2787681813
1576226275
107750239
579709499
204136301
308232430
3114111756
3014749464
2884320818
2227015775
22955843
3062538078
509789716
75535467
812044471
448257327
391142777
19153141
1079740202
2959053405
2784796270
3066337653
1526499942
32741904
3130139627
1370664374
405430632
729679278
1243408873
15117138
334849257
3113678810
324843769
39394430
1212924697
121779830
3118540344
2881759703
99626589
341274602
3022599336
2290163773
264352367
104542256
14951174
3118507855
883069530
2983548791
1264854602
3124674808
190017350
14665040
22509044
102452743
3098144046
2841398177
55588874
1240159424
2462029477
2968957450
58712424
78550177
2852822795
3118332949
2150092935
148774349
16169309
44153483
603187499
2668671076
91066089
3129270285
2701210814
224984062
455697866
112545131
14174362
3095994750
51658559
337589342
122502923
974238637
2469646111
745744236
303192110
3034586876
97742323
3127754656
2189496606
3091680471
1329290371
549343845
719636311
3128935157
3110904572
2769734634
282479154
149836753
293832217
340442200
312597033
33134261
532167780
3116906515
398960593
1489942885
292979818
2987291555
2998862820
43205787
2863955597
64996096
565341693
1895625200
393357630
3116634374
3116543490
1567480520
240213889
72900257
145823075
545177858
104090924
91933730
3103949877
3115646833
17611520
610995345
104639420
2241475837
386327852
68493049
2773737577
287315047
3092413103
263700384
3128032409
3108761477
552126337
2988879175
585214684
134568050
1330005338
237532821
149833897
3040513496
3044766969
32717540
3122870063
14776306
240918548
479975845
222292926
427342742
3115926775
1096054220
141550948
178012478
2195851567
825521874
2473305231
25505786
2752464320
487779218
3127281940
61198593
3098620279
2938637723
58588209
155944844
56322516
15738123
3115628856
176062810
716511175
111315641
518378454
1104049182
3082614495
89469230
29299647
2820252284
1487714155
2393135785
1495218444
2856819052
2269623929
2773962163
2163730346
2442007843
573331381
112757967
296678831
2940910449
1351915790
1277536686
2805489501
20981528
3039729681
2228546373
295072691
1399979916
2690685156
3112539770
134159456
1710856770
3125045243
3124922086
2835768823
81431177
359600153
137853701
3121664320
28613825
28390903
532361086
2976103216
621942605
394663837
49074640
369307037
829510135
2861170600
3125526070
1073228648
164489136
3008262582
32987362
2904994404
3089017745
2565717355
46985508
604983881
424901254
2914392195
76801117
120870837
457792019
142368126
41428988
19478847
1039764384
557904006
479880645
248748523
756094135
234923365
21773691
578220801
180125067
2407453830
1277509064
1934524178
60723600
1943902112
3102924394
2797287066
3110358236
455273317
2873020779
3111693349
2580618601
1862141534
3124615264
553860293
292508845
41607246
1640578933
3105184998
404939027
81092685
3112626448
44180201
200704768
16953049
25090729
1470639067
1175443232
109403205
2402682798
3110181727
1116505376
54094815
2166195704
3036739374
3077871982
309226116
1301773892
3054093022
2605736724
283444987
3068482961
3102961306
57175885
137389050
3107686224
463262439
2817006955
2691140105
1719781873
2788561934
863972731
1515204918
175864882
3123441201
138302968
15629112
286635940
1021368313
1937504408
375279034
899094788
3009530563
2858891657
3107320954
3003248224
3120720443
348933702
82299259
2356924226
2847705449
3112451959
1526968136
1203526435
29931862
340951511
44464748
3107801990
3099203518
43871971
2920291297
251793582
1393707590
2938189363
133837244
775860102
2942719573
229159331
572026589
122063508
3118386401
367459756
16136296
351001232
166475903
197897153
150268413
17075703
1974656552
3122621577
87821078
361457124
2970247216
87043829
15717717
3115952967
410986800
1620854942
3111733196
3098408811
85352903
264728194
2736117492
277624723
587222688
37199027
3122099583
213054922
811891482
2712706680
536731695
637220899
345697030
1979415475
2485563030
2759159489
2563738706
3105433974
382330069
2759637285
332917574
2630827835
70593973
125190880
2390092519
2409714698
1476163376
837710982
539242853
16334290
15454037
393421408
1605060109
306879800
277540724
192623891
17949824
1096364652
81273971
3108471990
35318090
97411746
1119376950
2993616052
2315600886
595484729
34880228
22888699
1458237366
198335350
3061459101
2504418492
155874214
2506151588
18791035
49879694
459649987
130939508
613412586
16187686
108598243
17885451
239309867
949636856
3092071055
2353503130
130750483
3097140404
101511852
57267598
2267578699
497667022
20902841
2820163208
185348958
350271256
1653585955
708648162
84910258
135669941
14301304
12129142
2929341642
3104374346
101906176
3109030496
376020543
325321653
1355796739
17566872
266369448
2767399891
142961313
502414513
523999693
21381940
2437804425
339445715
554354500
594093544
628760487
2439149899
3119527125
1696876172
3909041
14984212
2499932526
2363969725
2399830080
26510538
29997648
19583340
11171422
537901062
3119930007
2815399618
3118057564
3051546229
508014079
23677464
19529504
155755294
373705137
2319654540
202974989
447856643
3119443066
2321349852
3119434557
15614890
525615887
26204992
1649691636
456273039
3105117983
297056828
632121074
2994384471
15491166
1379264844
143493533
484513010
112076760
455598747
1169561
7420282
3072606045
798607
2438345795
3099525918
3111739360
518084073
2232148093
52261962
1255508995
2371820167
162773663
2899771527
3109326130
3108302185
60656229
2328296651
2776850522
156396546
198261492
341753022
1075891838
2712639079
15321124
478859047
427369284
184607970
599615629
25487733
474128603
1710128257
633282403
1333304473
56285800
1567049258
2830949982
406589676
2904009979
2842032807
365860329
3090620634
2569972321
14974394
2242276381
19211625
182248655
214486396
3107938998
142796963
171073208
2800936134
247024322
257972776
1208630144
221009334
71164573
112494627
544667165
2305587654
79845152
3019267029
3102688106
316714200
1031256336
113675251
1917356120
23134711
134548160
1907677302
2277700845
296309947
2784618701
2954281363
14165788
2919945085
80577251
95254336
18739608
2341450194
29521028
332661663
2936805176
26648015
383421810
2904476627
194712685
275461423
2302545636
54542310
3053132842
2831084963
3023127437
16581867
3067072782
2170235562
2912001848
73032661
1270044091
2598410514
193805276
3047575038
29807084
3115343116
538272042
3064925411
462861135
1907369456
248073180
73357230
123397042
21694808
103376944
1893073766
28654506
3099431777
2426942093
3072113739
400278052
3048592675
863028818
46694322
2955477981
195845961
895026800
3113056473
17136399
164476934
3067937625
366269928
25076468
422327242
129297842
800742056
3087014193
103498603
23960615
21061600
1021782217
81818159
791717156
271159450
1706126077
2528448872
71740558
3113765153
2783985914
2790273238
188774159
2739928312
52755605
3089220667
490790403
351410200
2246222070
2836109245
1607930196
237147990
3110979377
2194204002
302419633
59854026
2164257230
250288952
1619575926
3112553271
3066321086
2318293262
532688485
3075698832
808211917
186363543
318833169
67108172
107112897
67177387
93882020
330855446
1607112524
34818657
593927940
594537912
3016558665
236013386
134959205
70427961
1604867053
1672810880
7504062
3106069400
59517344
2650791738
40501112
3111952551
441853026
7022622
372800176
192575710
180490575
139003626
862656686
21308199
17533839
625268733
12706652
17857797
15363524
790713470
249083997
716044614
2238912865
2562268596
406204927
2586371618
384940624
351536544
3092085573
249971449
237808201
2687554442
3104849944
221259067
1147224445
2155773476
401163540
98696397
3096197297
635530409
17854891
215355847
309261422
1578311190
1473879187
251524976
2924790128
2152278554
826194188
2245681976
3079699422
253823729
2869235663
2939134474
88030211
2611569302
2265910092
2937234053
96741147
3110219351
3068758269
2785144538
1420785301
501028608
286519475
115123663
3075700739
11612902
3093425321
412798956
3103611503
937924326
388938997
375245134
2748257776
28974617
243855888
47737026
194663406
22702355
2358826143
204520767
2788767942
3057747517
3021004734
2859706182
2855221033
3106441614
577366011
14604102
2329351855
3066835585
3027647255
2849675578
85081077
2806753811
390834038
469422907
3101399958
115960703
2705173278
317389999
550410659
64764126
236147468
439782636
593525179
14060968
3105924943
370917303
306059151
3092137695
1601334133
25078072
76654063
54395100
2959967274
2294898630
171613435
22267364
922522374
396100409
134945677
16556817
3012674290
2428703453
14096664
427798770
973336110
2252285604
2271408036
274254971
2794963425
487061197
1634546323
589257784
224960640
2956584992
1398525176
154144964
171592980
580596102
51462606
52545888
18988887
1918458572
50600607
173387862
1573404588
2527268747
612827130
42008763
1672008174
140470855
286919648
601322702
127205405
162236821
272409118
397460685
2945793629
17316241
2713114568
515973598
3010446797
2845571678
2712369959
2930982799
1002056246
3098343739
3075564146
1410680028
2220208216
2764194876
437784651
3107857323
604396528
17754038
163981404
42514853
127328372
3095743860
2455498747
2356976297
873452808
372185599
1163992514
1103496308
176139321
2469070862
41771434
516479547
2301840583
2395426621
2309664642
3021323212
1975732994
3034418263
3102066613
3041394072
155851256
162049089
601541131
3097940650
169135939
46568954
3103375986
329359840
982409868
2174711652
411256974
3044537199
3100909919
2999982486
381944656
1086446329
3074320292
2976469948
168217419
3099597764
2688788238
2807744342
198847571
620541438
352371403
3107172971
388333029
249045152
265149645
560854390
2157465276
48637645
457064929
2782726219
3098813383
17852119
111771553
183066010
3106143867
2719036124
368656618
1289947940
15694918
34755319
2909966429
2857563716
863612395
2408414868
878969012
1961278346
349258819
386321349
39176697
3101889487
29474053
3101576876
2531207594
228605488
2332656648
22836470
16493954
251946994
268124479
3044360896
2951250383
331746831
621793
2827057208
20206868
2561755362
3096631080
1967460794
2911877284
49233000
3084414375
173259965
88035002
369536845
519236728
312896088
2452158348
2573265174
82344265
2455119509
3080466033
3105553450
3095277520
2613668492
137856320
347309503
1930256563
2462625805
3099630333
590686980
68190120
2606788584
250357987
65782976
1365095028
616201162
1366566145
1393032079
275209858
3028059534
387859275
37621137
279202516
2989584464
3077520933
2281000418
3102843156
15325618
345979793
125754205
28135772
2717598755
86652502
2946092505
339111064
283645290
1157496510
252327423
35501955
106023197
107801688
3100918171
2250129207
3091407267
3072147721
3014516353
127413966
2840199564
48483006
2915573431
14371967
586014662
136385765
2452924760
24914545
2406654984
583453720
3086304713
1422896952
1259526050
2401291800
424246758
3102921774
191784762
3102911058
3056268991
3085036867
89228466
294858356
1652734404
15646391
217247852
605629218
334684015
2993653255
1408291321
546761649
329200602
281250860
14129654
194450917
2588646234
250295019
262246271
2323104010
26540825
2434502592
98105468
3069930846
29163144
3054388697
2942338421
10146292
1094232300
14336418
1170222594
72590282
77489817
2899583558
3067673541
22276429
1001994979
60926151
111419430
1051409736
1917449797
2911649218
2671105039
2155728764
3035238043
2893265719
270625111
24157498
3102729544
3103012283
3102212373
18525052
2905484508
62374339
286971723
16019422
364544768
35390650
1972851787
361254525
596058007
2924689422
17528677
376435325
314259748
3010624040
3100361691
52004837
2482142065
2255163584
1005389124
44816405
2565631535
385021638
2990004103
460607922
1410526446
583396455
2965029642
269578534
3025015217
753638245
9677672
262626920
2660866198
32966315
111046352
2263279759
47846078
549109401
1679295277
2426604780
2286810661
41897534
2346853249
905642342
1856186130
3099355811
309422346
298907272
292910463
343471614
287321297
3010957956
3100601049
3054094609
483557068
25731846
2301458948
1548351787
2815346976
296268527
37583167
3041921510
1215275820
461344230
99724240
3037478520
710877002
247208800
251630808
152235476
296241454
3078123266
2894418303
44388903
206082830
3098531381
2476681430
220045446
53610447
218733618
1579373792
237854656
21430207
3092870718
3006815240
334795179
1439536046
3100926787
2208237739
12582672
35044156
30161706
334272226
3100823999
121774217
22680433
2770534116
117254188
402463644
1594344504
422749648
14366628
16373227
2339936533
632312251
433060102
2826009387
15353870
3100524407
2848137211
1074364406
2937580446
87753002
35350969
86103438
474116986
32185681
739464349
133882294
147661421
3098254938
39211780
263083020
90806386
2249000707
1876185704
932307590
35824545
2332144730
562114522
1039773763
7867422
23451718
47252616
1120063141
3055916279
1492134258
2898206883
2163397591
2467300310
463014662
29576817
16476341
18100365
20298513
2324360658
119219816
430020394
1672757197
22461993
28875960
269742433
3099343085
166669669
265084172
564611522
565995352
21826245
3099472344
2573924204
604636456
166691832
76293399
2928228535
2288486749
17476923
122281669
226104187
3085021210
386189887
2952104785
48044627
60278424
318188318
3098897303
155704797
49044603
252742286
2695043940
484932135
3038713252
3028733025
213033120
30649579
1341047892
3060892109
3098989032
2771263077
11662432
963419850
797678012
28053738
63419176
340046145
280572263
549017736
3032299440
126756449
49928604
293170117
93256944
34098679
3000513829
1536486289
1463486862
40147921
2987792469
70712726
3070607172
406440461
25165065
2716881251
2533753982
37100968
968084839
1376314308
482330767
3053758435
486120646
17900071
80927251
2484823442
1007999234
2967125683
1678416715
2430331934
153497780
536461792
3097876394
248967511
3098435154
2400683561
3009517074
256784317
146870505
1086192709
528806581
2257996092
220774345
185234264
475706501
3038664500
912695046
3087462828
1281684073
3092749761
299871848
283273255
481439505
3097818106
560717258
3097678953
3096483882
380502261
2924891862
11681682
91113266
70955534
2883882517
840650460
1238220086
2983245084
2764617993
2203812059
3097509388
105083659
449293748
14458192
17144630
459437610
347999348
152354267
245910823
925449062
792299677
147005017
19261626
3096006965
2771545132
2547060642
2830109931
961016185
3071942157
199341465
19182456
479870322
57775348
2399852102
53627960
90570240
2605351862
581942293
62645000
33919510
83796785
81124354
254117408
240317350
79414645
218986547
3096805811
2974989893
3008251230
14691215
33715192
2737394876
2998284099
413627308
255477390
2816195867
2843816832
885835400
297388464
498736323
2373590629
2341611666
847683768
560732074
478843973
334560561
539194273
85781377
122947306
22707184
137222868
44930035
19418439
2611237832
19811803
14813069
1873987014
16214578
27599261
14210041
1473481363
158113705
3082001650
3096159838
343392937
3080699912
2955494318
1306382616
133197955
1279609658
35382122
3090830263
2391638501
229071128
522303386
3074399240
2265515000
109656277
2991031174
532095814
33526123
20466450
2185539555
591197746
2402634126
1729198736
2798511931
25297596
38373974
2293655630
1448732888
408194482
2704994875
2998125301
3002487418
36854063
3010783015
2968285273
2495727319
3096872138
27766052
1918007245
3095363753
370849529
515841982
33184655
3087209423
2797650236
151664809
2854918422
94209250
267729174
48663691
787829515
179203758
137199894
623168732
882375192
522369159
912573559
1552515092
110581612
382307456
235721340
2177164373
1196838541
1076631096
369247037
873495384
71344126
180891514
1417689524
54246282
2934104029
3094620920
1216244341
109983457
42220577
572086275
1113045614
267293625
311168730
106831860
14422605
2596559821
170340479
3087760596
2400364100
3042272404
117776584
2814671956
1641216523
2654664841
525703875
58255430
114196319
2959985911
2923816648
2199079028
47755590
29726757
2595708161
2937336348
318280606
49454284
2777721892
3096614060
554226975
1019089124
21636593
171555922
2325571922
39421945
2822392764
279270703
3050467569
581267263
38048603
1168802257
57613607
3065303622
875755998
17566393
914100877
3094452246
325947305
2383216484
2791880624
3094771990
1462236937
588039071
92464228
41392917
1340218740
3094240641
2934020851
3094714456
767342876
1104467089
3094620292
3090957664
2339211404
149321565
1565510797
3089506787
113655519
28079050
29354085
3094383149
29320789
2532923949
1008825762
1307758682
180435860
531450365
1734626550
935329387
332204267
2844279422
159929783
38366043
73519508
59958124
3028017137
462631948
2298079162
182178614
900394140
3096026503
2795002357
3092591423
3071469408
292852320
80885499
349742777
3095208776
1333946252
369658094
186066535
3039416513
116318576
883700857
556564068
2197611981
452775976
777592
169791796
2484544646
439996252
2954340785
361375006
73837552
21143445
618052833
336676442
208752196
1342256035
751486632
15942055
3085972356
2944638287
472105410
17958442
54290664
19736005
61600173
56993471
14923351
3031204466
17927094
3094667065
913274438
75546460
2619065510
188471269
2157158733
3054159512
29062837
591044125
384984361
2930861421
2294466254
266129921
2895737085
18730395
60337664
323292445
1595208355
183091548
19460539
563876969
542957185
2789088042
230905876
733289808
2973876044
1467439339
66116499
270367043
3007892937
270026500
98332820
3093194577
176886749
499157383
38849225
2831449070
401450995
2288467118
625801640
72569611
3060047376
91429234
61552924
2560327428
69374635
21544898
2204138058
3092988175
541638178
15711546
2891112322
266545756
2856592065
2230519950
551725736
2941357275
76000475
608486905
3039195467
835026919
359860466
246098971
2894992795
265153732
363901039
190558859
334769717
1580465538
58952004
9149
416772488
756843344
2925400749
322008373
186133001
437953624
2862701969
32275477
300679482
106095423
123250889
1418243473
44797429
14212251
44770345
149047713
724406850
1500766999
3089274361
165955676
465866618
591378710
23979040
255818483
596376960
2971133165
2548812163
2540267144
2310897188
122965256
2741814974
300183664
185570616
348317417
2918650180
250808224
484554133
2941470191
453128509
216358248
814938750
2966766029
3039152635
220423871
2889254846
27358525
321339062
22344393
3036107035
126640430
74610032
407336556
298593722
58459368
74272176
2963924944
272697489
3092097800
2900969336
3068334507
308453748
419133279
86119556
1056717187
151536087
192775965
2360046794
27202389
2996135918
22116934
814225831
932607864
2460328410
227278077
3092562705
1569373716
2423880528
465786340
50111720
63858957
32458068
2992788270
1237322562
320248318
116449135
1569056443
1408125493
155397738
2888144445
3029115561
135872688
3092447127
3091180052
83901530
2361690961
2892899425
262157146
124409940
305466368
95297522
2953739751
3064305465
223739217
36504741
15511426
19488089
2594642715
446851032
395465538
3043387612
304974732
540964616
407987375
625592374
2491310946
2432881926
560909755
3024415759
12265312
476555282
58943341
3074352756
23003760
2938555260
2367288765
1291648094
142545511
315443129
3090295278
220744913
2987321292
2706458106
3089729441
3081503395
2438492794
102198244
1060568670
264380000
502320256
112738550
595694526
3078708716
245228656
108353834
33646019
3084192641
350837312
272957074
320241112
2791917822
436279558
2815905057
211285211
64601768
2980465922
158011392
3075909420
3045030838
184689700
3032254209
47583177
1687982497
2865566605
73285180
2835884360
310781397
451240102
67322542
6481882
274356535
21556394
277770532
65425693
1618706294
3083147142
3020312262
1601650790
3000016335
2338605618
219629879
126631664
2975529163
37579915
2270647166
174133596
3062001145
2760151517
621601218
50328219
86343634
2547469856
3092175873
2992425955
2200550659
3005373082
68269497
73998205
112030483
1137863743
125234542
248044754
3076951693
922118413
813567
834371402
47672288
37813536
3081110083
2943651060
267182759
3086797754
2757600257
48189081
2784107976
353450939
1667395422
2735740555
481722794
330465640
145356027
143560952
632548301
133481235
1062015746
33254791
186149626
138657476
2975475196
16084804
25961846
3032327818
84911203
1328222047
17205408
518517075
508696029
155325723
245684114
52847396
3057810723
2984472092
2899383087
272976672
21377284
427864974
1269579170
70043372
1860841518
357455230
437697297
3016112919
1127842776
14770441
41659659
335270344
3077473179
572724161
2983006002
46079985
778126843
245280522
11887202
379217300
2793961893
320909750
3073094132
16058191
3083888989
253900516
100428801
159222071
3034043156
361415908
247645445
2800272659
601934420
145571111
2498199079
3069102248
2476138807
3083367986
2879008718
3076262663
3044009820
2564318179
204180269
45698885
27317060
39969542
700587741
2968923455
77442727
44990109
349446806
443892014
807460117
3091423469
525507272
14376531
24346503
2614665530
60389967
1281544806
1460083418
2966074659
3066014597
3009420206
75121538
882192505
3031004492
210825541
792211044
3078302054
2200603313
2985959220
2380200978
304999549
3074460354
1621317679
2899601155
280858058
1130424620
1230916099
36353093
3008192871
101320311
3091625908
356985192
1301496570
3001188486
2622571505
148076681
15587063
970467840
15535639
178028442
3080195149
2994550872
2993065873
2719836046
116781449
3076688324
861328466
102799398
2978600479
3080436697
2956857982
215924424
2301963464
2944935824
2273243766
48679406
3080708977
402146042
58386859
2475930595
15038763
27651304
333632659
2477121775
2709274585
3061441459
70171246
162694371
20528424
243979073
3084398398
19585168
85763390
2477317686
134903077
618894159
2232872370
3079644001
2172952959
429243306
292156053
383557962
989353278
102123275
56222991
1638123847
2929552995
813425965
216940760
511004760
3089338234
3068138571
281429487
72466947
2832323565
344823241
67010777
337214253
2969679195
248401187
35042749
96023
2958746290
571565140
3049661239
2973485415
16609956
2170831160
3075691801
25733086
3063848574
1849926307
1128260478
372785740
15705562
586227009
1161564073
108509879
467725311
19697726
46200632
1671602779
30863196
591150948
71746047
83654730
30018028
1664367140
2855288005
41068855
139060044
2339649373
2986466648
21065057
2711666228
255340719
629212427
316179132
103796518
3059044490
619835379
22251524
2243343331
3042775612
346284056
2338768561
123618945
3030215234
321881250
3091353688
1221864703
2347995534
3057727495
2905197510
2915968805
3030437829
362614098
16381710
39028336
794841936
797066893
995106264
1954429843
847715605
2561533464
271684178
1433004488
237143837
3034397494
2846095595
29709265
731731549
3010434379
145534533
3067874025
2686792790
2817221328
22673907
1957097736
2835232744
1321792550
2822993738
1289816809
18099660
19170534
437283026
535419982
2950035461
2919175831
1513381334
3029569762
578765535
411915158
322950696
238692652
2901046891
15867551
3075741870
356699667
20859174
68024017
45820252
19305699
428742220
96642667
111640981
70011681
158112467
2918124094
62228639
790745798
1176680978
244667934
1033542907
117566882
2881945762
2467852442
2584315208
20994929
1574265342
2809998529
3033905446
452268120
1651154233
1017406639
3069202630
16550598
131262968
459364547
2774280565
130194283
402922602
2834288503
93825917
9393082
326925035
3074315665
293625729
197149285
117721022
1327321068
188448775
107131354
3033708955
2971518137
68074828
3075429169
2950245351
49650390
368159731
2985729719
394558579
2627021913
18097703
3088998651
357503996
65704486
333831322
1354814173
13975922
2320373060
235599885
196233105
197763408
491342488
221478750
3084415750
63320388
2985128394
36685512
25340642
3088822559
3050217579
248662100
712973209
2225084665
21579688
2544036455
295026548
402769426
342046942
180167380
2408031205
108519513
283349536
2929311341
546336853
2820656078
393250017
573083958
1620983454
9368132
407760233
14350650
744858895
1123620355
2989265625
2993501683
123263807
3087986368
1398582667
3070973246
99079793
70915434
3065626151
3026209204
2995644829
3016637287
105058046
3074677952
2416809180
3059344200
98466552
818828226
3074646686
434855327
3055706476
439262309
339288484
540202564
362486765
488800703
1558032566
2655305752
1385347147
3053148216
22348273
2972881748
2894391457
131257234
2523639332
560929996
21078039
13699152
2941361558
3085631603
2210537161
2346011035
3071831244
309932856
1040961998
2835729410
3071987875
1313913661
385608825
33519295
1864169040
2950278264
465680880
24879918
102970586
2738535017
2780530768
15223998
2889903465
799474938
70707039
2827627514
329981029
11989182
72565818
2338032434
701022475
1249430754
2290209451
35055967
215166125
3074101094
2696370602
226527362
44132133
186040593
66974690
363673445
3085196867
82408628
133696870
3014303243
378587815
283748239
380528627
3073758722
2258123252
2296691773
438711673
1265309652
2441869746
1099284294
33583021
311213279
140362889
214789708
49460999
22430999
148524608
81237063
161435346
385724121
1636694491
155183443
29729267
550531762
3060791174
116400916
3087269674
1542816504
614491851
574611212
1354940162
117477549
85228160
2581957375
39716691
167184174
27370851
17366315
320338564
1484836838
2787550216
22582707
3070814346
19954919
382454973
117069776
53626579
2695975710
399440439
57297695
68598054
1916970078
54410624
24899884
1598698987
35736590
222247589
357614570
3026365046
2910716780
236974742
14313746
264222237
40632556
217163773
142312979
2181863809
1069470104
30958732
1521063680
3063456810
1677721656
956856488
3044887931
264918617
29187894
62377422
829528440
50125993
474535670
2898329618
2972085609
1087920829
3014931424
2196312649
2912529109
14873205
15133483
431029479
215016942
2359162988
3037127802
149937314
3072644040
1391278506
132497346
3072623234
2764076192
2752127329
137716529
2899144856
914812392
362432946
14747375
2965793920
2510213915
2219773465
48206606
29029483
2977623707
19121001
2844984450
2354203064
260389503
1895802422
3023256060
3042735479
18822696
520888754
25951084
2521935301
1718162918
3072225086
38208298
1530916794
338736544
1735504531
2963159922
68151594
3085060673
18358096
710540094
30628550
2932503262
315570064
188958302
226414268
53696135
3085086724
2432522280
167558572
2788353996
356475815
3025015276
97710256
318388605
3002609181
446108606
3069061652
2563708014
249235028
2721530633
161899384
2794664376
970909490
199691987
488386705
2994234307
19305937
2889416014
52036568
112275428
2776240275
1061271746
531575710
483211084
18736984
17463847
611939191
52997724
3051663576
3006242237
859691262
2630320753
142074675
6698662
2975984980
68970851
1300791199
2831981308
2191477906
368119834
1588629756
135258348
3013565539
527449075
476859205
1140179520
314184628
2569808754
633913875
3082106891
3016325658
2358703584
551171657
3071511594
2923952309
2741103034
2608325862
216440293
2280516331
63143164
3044586263
2301844861
231888688
46631485
720216643
93477588
20933973
2384186220
262591025
2796239146
2556557072
26793266
74550553
2288795894
61661023
3083277885
56633658
268973575
86442003
2957445074
476087396
23772880
359370558
94530419
3030511209
3070477074
1377287192
310176555
84030640
45197120
3071089435
3037426834
87983041
2436611480
21244091
183573598
1495421094
39688746
544322904
23164735
2964152844
2990945547
3038342102
3081795826
2417968476
2871729549
19213568
320494340
1253798688
467288239
53111087
224304273
1928853577
42549258
1661575506
79540272
3053948186
3070347114
2482777663
484369913
3067880614
233298457
99154128
312657358
211176107
575004923
872661115
700258567
537353625
301186968
591741782
2595235887
2764722065
1072587943
16406606
18899757
150332849
2479661
618698411
624531195
987471721
2460255270
87583598
17312435
249986949
82630616
129389660
164489070
14439219
413294083
216637913
19007315
25873686
2893694195
419877744
2994539693
2450632268
222493241
297223486
2427724430
3023174012
1855938192
2925978050
519566694
22715636
48501717
226015911
3043799128
75583467
239763708
519620308
160091701
189400805
263980143
83625103
3069984217
891575460
1886161056
205318863
4278201
1272400112
573515103
191722755
322377915
348876207
106970887
98872830
2861582848
462765815
17913181
3000464027
116173433
3078333735
70369779
260319648
165168111
352457761
3081275998
453301848
1107593672
3009810133
2775197148
2900677070
586449239
170730738
1851432824
2450224016
786779786
3068310710
1502336166
2976863703
51395274
39190142
37668709
1559510688
3081362309
85200685
471453024
86511377
1726133892
179878611
64812410
1422242664
3069354985
609306853
141654175
164982812
237665839
3044747995
25536063
3064698236
1598583132
351841565
2807408609
408107549
3081034763
243694190
1854720692
43295074
3081035296
3036784520
2218789090
97121428
601101863
3078753791
2360915100
339512829
263029998
248921780
565616336
14951640
2890993632
69285872
985358575
3058909886
124870723
1635919057
115204273
880873886
154452605
27772086
265638878
860680381
2737892870
21668515
17948262
2275096488
2848636677
2856888625
972354049
229969640
1163263417
248021792
273126095
131076957
100077191
96614734
2721344569
1027268732
1691443603
352075812
2257140617
903475651
3060234373
51253185
11914062
137510038
2495946427
1085440188
1665683018
3068605158
258980181
3079936913
24347222
2602010159
219696346
1967383741
60734887
3067381555
15640350
2629117993
103219208
426764985
2394421039
274020382
3036801474
633126901
131079767
63966987
13375112
3063626464
217195259
114875978
1447305446
2798490462
999286477
29446173
3043679403
173456236
14517051
395276949
764147070
98791215
31359737
387042147
307841477
151024331
15039219
2990076621
145385704
2915111022
733811024
274939395
1076543876
14152302
93578201
2770062932
912490442
1606840784
385764559
109246215
495300921
1412429202
2889068161
585721891
606072625
129230911
168828787
403169562
2530760951
41476647
1104690432
3079028969
8804272
81458641
437662026
67112997
487426082
1128034184
3037544485
259258560
2524643157
195000878
3067204968
2907761364
2595181053
195507197
2221548036
2959694042
533630108
2900481638
499011079
36386443
1907220703
508917270
335063956
20486064
3067072836
2506203261
3009732620
2924542338
20396615
92139323
45801383
747162620
172454370
85112846
37780157
3078429172
484185717
370789519
49492059
200813187
17980875
2918555984
484225875
72399345
1016754931
91142785
2941550583
38820881
28411559
472281611
272420366
183449925
850450106
53509327
3062005511
61067522
2749246240
2987842559
882786156
1859228754
3071060319
3077099585
3067065392
1243365655
2288361918
371890347
2250524263
275095749
3072720165
3025580908
155688704
59739643
45837374
2329681646
3076988122
52436446
9600732
388420524
2845505104
19029316
292375957
84381843
173198366
449251505
3067382302
210914824
585039104
108206933
3049823281
167387209
2759161524
3072557393
1924095410
2482099388
514070277
1630989866
3076979121
429020743
446884247
918415080
3065773538
2945290784
20051974
2883273257
3040352061
1474633014
28302493
20304542
3064699140
1544381893
17958252
2485497644
277284172
19124682
25828879
1596313969
2400661148
2801832268
405682932
3023094607
2998679705
1704329076
3076348589
701302682
2512639386
372928785
2319351871
116624568
18308491
2471712582
1855485512
2306144616
388719666
253036474
3076003511
1622578340
2745428927
318572284
3005403403
35315954
14299154
2800361990
195010520
2407809714
729345858
256496990
1283549000
75490335
1060047470
473938855
856770462
25033698
926981594
364325627
36413295
2880186134
24312037
88498073
3018807565
1672305126
121830543
3065599859
2182718742
2195375763
331846206
1306819549
905393726
144918295
37513866
2780621948
3063260240
176064814
21394549
3059822910
2817755366
1675811756
3074786969
29029260
2192104874
32827163
247917431
3064278693
3044450359
2825843811
2645281340
38248598
282198792
3000979112
720347190
229588819
250608726
2603582821
167040681
183000676
369833194
25805685
373515122
2568013818
933657223
1488007814
3064098974
22053116
224950381
1883276803
18355133
245434002
933436531
328680733
229977918
481383105
60498116
441087005
314884370
50369069
1693692493
15911820
15417985
3063953174
49609647
1395997290
1358068633
1307899326
2904773387
2966349220
3067011173
345518979
3054176892
2303857198
39031599
3045357310
249390942
2889155560
3047545236
43767544
2807788200
1857817790
32781233
3070945696
3036996849
16559567
238581364
529955055
2472927218
438616087
340456500
1951691648
16911363
82232995
391806732
3063600686
7150522
153479505
302035483
22041862
34928353
3044444957
41792404
185351138
235042019
2910590870
2397897756
215409291
1950852774
614809304
1133558480
325966225
1894370551
38306324
53162886
2904458596
16187675
2907310930
511471909
321954773
2501568690
2177525654
162027328
3020632066
1399623583
2994380909
2478411945
3063276156
79088785
415037722
706058677
233413334
83558809
123287435
430549293
139069322
2654201863
1942819171
340280510
3062874666
93806940
574600240
20109586
339433582
1339154058
1412456131
767060604
71281589
205675501
11060822
559757734
2427185972
599967287
3064938154
2356563421
26992703
2902469363
30669385
333345798
2383528658
2505969539
2408900384
115417549
2805120512
1491999354
1621830800
3068669105
2990228706
13463712
2734758857
2907025375
586562552
66854938
2389545266
38499476
328852690
112235755
118455214
2252192094
916098721
23836783
72587982
619292034
901055420
204888124
149773055
2835150693
3071509647
473855278
99352462
2995009253
528458520
3018188876
1576873153
3062051088
200237397
2801199469
3061959734
24065713
2308779650
17955298
220125462
2941666703
1468114898
1962917666
97927516
175617922
2712875388
2472570877
280576945
47822008
2695683949
202664235
1395895434
1974271428
132979045
169505143
32744473
491861200
97042069
148209964
16467958
2984698112
130146133
171689546
64149599
1329497814
1246297830
2934173902
843922520
2424936367
304697708
2201639772
36526824
3070247595
249775849
28787287
2998881357
2755158666
113437392
22888810
65093223
3026450025
2566710858
2776982256
3070276222
2938933003
2696436175
15344433
3032028797
1444230800
844657015
24231560
2597067463
159270443
2830478754
78285043
3069764177
15213574
2296505096
3046681429
2214371982
40836578
295872870
19359617
280063406
2451122220
1879770294
242271259
1177607940
222397227
331247904
247279059
95392549
1502851694
99213184
585429355
2189303252
25947663
2946706849
73766028
142204278
472825901
3052966399
286408263
1510506810
3012882957
1602302533
202712013
292637031
10381282
15555358
3060789866
211955458
2562569354
97055529
15248908
1442828023
38182676
86843426
3065942176
3060230599
1172596525
594606467
51874147
531479721
206795751
3029699315
229835348
2980904624
2999338743
146851933
145923997
233404850
160214979
3064647766
68075278
357340936
367631585
2182446019
167555707
2500064192
2470728218
128747532
231641107
2463001922
3026841225
59873632
708448750
3068580177
2320533426
2269852459
80469085
2841540443
2806327129
14440421
27289144
2493407718
354626641
1675716872
243272652
2454109537
1126592310
551429684
2387891917
20644351
2293175557
3068224744
3068147080
3048723828
2932585707
226963331
3014306416
3060089198
145276086
74886200
3051367549
74765006
3042783407
1617003188
2739421690
2741082517
603349666
87812989
2762016142
2723762851
3059735858
108327054
213119979
3036905438
37894903
1874787943
2810980965
60784368
3059641914
2458852464
16167568
41772665
17082326
738444254
3022735980
1003511
38156793
387545760
535661269
10741962
501157744
81252763
2990915335
2351039636
145295808
472851356
966160838
2826756247
3035648280
163359045
126829483
2176669987
