874299061
27664498
31307696
19604173
4369665492
2945225809
1035657805
56095492
123063118
3330641590
377111536
138170057
3302761343
376161530
628652645
291813038
26604413
297019537
150555375
600966218
4766956703
4559134359
4687164134
4718477409
4712392816
2328976807
4328859142
84805611
2880499487
832599962
2246089976
1600859401
47739233
78076204
484595027
4312573815
312956959
80397393
3194450082
2391691219
4738659260
952155019
463389041
4540243936
2412920588
1401507799
48553362
534750244
1338139406
2657808782
1210407078
708833828
912725108
57913914
2762026658
109272922
18603290
1339867501
37885726
259820407
2546658726
2916297939
112406121
509834704
24942788
3421192570
631412818
2918120466
3003110980
39568864
1499230662
367473756
3672329540
3250028130
629041123
4727391650
1468250635
4099111094
2520816294
2526957157
2459524980
159999929
4482025032
185315282
223177979
107537945
3063810355
4048368979
4736597600
129907823
4736579846
117350166
2250047541
18617059
2319395235
635878414
3952173074
117640782
2492481871
44057741
41410142
4758643841
4734525080
415553652
1095638822
3331838391
39487183
3291655419
1355734038
4691557704
3450039327
4708629802
259942524
2465646218
2864493612
194581537
2963494383
1647814358
4757469071
4604231177
2845528751
3370354815
3492147868
1058765760
24238030
4734576613
3382415975
3430896699
200598253
604490460
50727589
437953142
2860239021
59507236
2185068608
4730458333
1183666147
221469019
2857914321
528079558
1143763998
2569123650
3761503643
4484811555
572021463
23087022
218523209
491362126
65907034
2223365888
174331722
44942292
4755213435
3558788596
1338675956
3788440879
256301640
13927462
173097948
236160762
4100652868
97028246
125730718
4754088195
273457668
755649565
2258149591
2954961197
2994369436
449967750
187649988
3207842248
18512031
3880520657
350867552
2675946107
3160577886
253563605
4468583772
2771745933
247908409
56986684
1404493099
39814081
2839296601
335152430
4732078219
999538885
4732139156
597187670
202565165
1089954230
2875636505
2680945535
1246152757
60980813
258202077
72443022
540945521
4729613954
4717369588
401190973
623048091
4472715192
51495302
3239661159
4749958655
3565167734
132315280
4731032834
330423551
4738531431
4646426487
2977263309
41976802
2549242506
205089656
4363651221
959819280
3432343639
331956782
432824948
440157018
2375427846
70431059
2212452306
264927567
17791535
259625533
3327827662
14376716
487531591
4567057040
3296504735
57356401
4447539977
4735330757
1117385100
4560593657
3508157845
434930196
4455697098
97630892
344284989
2332685268
2697452262
155257195
883629054
13955992
4746126616
60856788
212389284
4731692416
88218118
1601902728
2261093976
83101884
4716869067
3194597551
2307543043
18667576
1055783659
388708444
318663085
708007885
4688804606
397712427
1723570825
1055481750
4743541360
2176901700
324644991
376319049
4043036473
621953391
504358662
612689867
4714399476
4722897852
2907654739
4706651723
230750857
516271999
926412097
3504840916
2450943037
3314750719
3035978181
2312735689
2581862466
1905799554
3230251492
3526908379
2904204155
292369144
97886301
103312631
2920213904
3534276613
145573101
1349467970
1448432762
16357930
2566732795
2363265145
4609745592
4539866952
4721181218
1705698007
21501398
198337451
155564515
398092918
510630555
1388302278
2737555742
4723178774
3815731872
311600905
19335453
2712035623
1932365240
69692542
108103743
3192814467
46211124
3428161874
4649967676
4725265818
70510733
4659176487
244193554
21085550
2435459093
4737920981
3028506088
3430815995
4725179294
266203810
2675399990
3888222028
3055927713
1947868194
3087814846
1378241653
4724921677
1466359308
177695786
322007710
4464969563
2520999920
2798706095
14238738
4735642875
4354151488
132063092
378157220
4726895061
35547155
4427990597
123588153
3739995261
4704760428
143630708
3000678051
1665715129
4045836118
4736114308
248451918
4722246907
298381225
1055050663
4735526656
48458595
3504655332
2179640377
131458792
316380884
1678422782
417271371
1072622312
58111578
4688825323
15649895
3987381713
1167158821
3946635093
352205077
3377122942
237714644
300956218
4460883136
169080248
2408791286
12431822
148152363
1552746007
4733200941
4723005794
4095086313
2860861501
702113383
2816056299
3255495140
1978601348
1042648998
1029128833
26095294
275614065
35843799
60856988
4201611434
4725888983
237241169
276265475
130151919
860530278
52711673
308131561
4721408714
264987007
553115739
11829362
165170882
278056011
4720986678
1934470357
60964887
4721047615
3300074849
961643882
755051136
353934913
4719282481
158694232
12118712
222268976
96903930
22200105
3095212216
14444240
4532841019
474565388
47203620
4540113268
3082565995
1599239918
41891705
98239549
29756602
366601802
3024900439
1379447244
3347530187
4674785354
4259728954
340241426
568716381
3133151536
3561775045
3253955786
1266773096
27962909
68768001
1472484391
4727062829
3162181525
111407640
61288830
3224494878
1701166645
426202188
4718802376
67758305
936962082
54626676
18831428
3231421910
4726948095
769483267
389458637
4422299966
1094840821
72769684
277282533
365866202
3075726844
329057542
523467106
220229991
99182865
12438532
4351160421
919583089
3273544746
1677599592
3340241577
14973436
48990453
53706100
26460150
464548219
2385334675
53572846
3238935135
41100364
441025139
938501191
4496656461
4405364473
422283857
393480534
116670192
9328642
4329581681
438287817
2229905107
15934255
45538152
343460731
338880146
82050044
2285578346
50293877
58475374
3040668339
3186440924
36332552
636963234
4664597653
15581901
26244034
16885601
1636375489
21171684
1130253852
3377288115
1908358658
3299271
16502452
4121105548
4717684219
88544146
4351449160
2355392675
14620486
4391067447
274916856
3235209732
41536575
233509750
102904736
4219421915
4493628502
1655626045
2425713866
1263524594
155220305
4582094115
4721219847
3889200614
16670133
365581988
1336417464
146686519
4100984998
303400656
69972906
58323084
6425142
353462318
1933089217
70793765
173296454
4714613095
2943526729
4498041617
4485917015
216686782
194552805
2946710071
4191212860
4659520582
4708189893
39798421
3754057947
4376855655
2253689880
4384106955
4714367042
3314609891
930351559
2295449368
28607199
214348377
3404756661
576560697
385255462
291743051
27625215
29382304
611851746
4632529513
147870966
462146398
214373616
1418614562
260608639
31634239
4714971732
2908203114
7556002
3393560663
96302537
4660595210
131757037
3313336382
1523030156
3923381723
3481061363
202553342
2466102318
25062036
4211406471
31027843
225523925
77550358
84913079
3327471558
25145737
468399802
1589275933
60861730
18530035
4485339732
196156265
95474250
4707447332
229669054
232764581
970670144
315335906
16122248
2575566907
2474311188
3072573592
52863982
4689587598
66460572
2775274621
2225104434
849975284
184935187
278690728
171862358
2960866275
3388877075
4555537168
1074053684
97465582
3608633833
2983485166
327451268
4713914449
1911099372
4626242415
2499180990
2890870049
161651469
445277813
4676730524
3157060979
4695193034
4714342053
48277979
216305871
104254358
451316363
1389849500
21621749
102941291
76935242
15472357
86702363
4712886942
2435111010
4712160076
4631683932
2938818992
108579673
2427099170
136624682
112126340
53157539
100801656
3075291348
609692748
129957984
548248544
100502745
4710774613
2182643416
18894355
3996268874
90326327
1010120796
368879500
4557814033
2289816359
371856139
304601664
524254000
147174415
1146899406
6947832
4705000603
595118823
562213787
4139142556
444763190
4113193168
26949847
596255724
102129219
235114873
600256113
216285779
2894878882
16328022
433734410
501073485
29270717
85633082
1200384445
4709903927
425923088
2888114259
411113270
407718781
318219896
46795136
25932091
1031984132
275490044
418515467
132452743
343646729
80885666
924286891
132825189
4107424409
443749209
2272072898
462372923
4708707922
36615603
467626883
2704483892
11230502
4708221627
4697485176
2232953377
18594917
4685142486
2669250078
2485657512
150230656
131004185
4707848667
4620508641
436144114
2354703404
165202922
4643150594
4513816101
316583341
2827975276
2150167969
24936818
33693702
230692680
86121994
8095712
2446075742
53445360
1482842725
2830285546
4406834969
4573737857
11665372
1699779440
198425318
4706262737
66790826
3662900719
357231837
83015511
1357719684
115682821
2396670608
14475737
108469008
194611505
3408360471
821596999
105773674
4083552412
3234090103
3629249358
2211420002
58702399
492877950
37944154
2186636662
2647197828
421470447
2872661847
3640402754
4201662076
554489966
226990687
23929603
4693541492
141194100
64149292
292715465
390156011
3971309135
1595384629
4707933613
119696762
3121906137
261840706
28210553
3428133123
2983777209
2247402223
3813570202
4702688667
612515927
3375789347
4113800020
82296261
352283571
4671531439
80406556
4209713420
18469462
542812799
2414687966
2955219389
3220050284
3127923192
3689984725
4706377880
17488046
18771747
21376848
3849571821
4706205896
390579860
226756216
20066575
310196820
78663978
2175614473
28444292
116341428
228168603
3317850053
4705777518
512381337
3075997373
112682264
83640596
17468933
4345361121
59927277
1655108317
2795213426
2842313843
33171306
155707909
331632128
143598746
221315157
2717238526
1219827440
175012863
4704185701
3114611
3214571602
18570624
4703898956
423127588
277550440
28719368
4123926226
4605045681
3895551434
14822391
611979050
108568067
4704439770
3378067869
547593145
804897468
220899156
198564754
1633488254
1308101972
49613619
78661310
4697055709
46005096
226320808
126519233
372224348
17950934
2172780422
141466002
2411101362
2783457536
69208357
2518607484
312621371
338568712
21715320
4702608480
15315185
254924266
296942259
4292227643
3422387057
2971655921
4699893482
396186602
3243461406
88159819
557751980
3979303721
2911892339
1920644388
232890639
4702649600
543754563
3194351414
154105730
98779348
3428002054
3286563050
3317830971
16340088
2439967369
2250346776
2467072219
3293415801
4701847578
2492276302
2817825947
4311400512
1977619399
376643586
254057878
14615964
34950101
2189050994
16827321
359866887
50820713
3796513817
3890061
267109787
124054565
2887478339
3352141258
267426610
20571836
3312698232
266314351
624359729
634016157
3054667343
114809780
4699854841
353825809
16225706
626250123
273460698
31403841
129061601
2925088910
246444330
3975521237
4699400323
4483484415
1019875292
18991243
71475587
328217315
2421401096
2533388305
29610442
2999979201
2572132080
1571952588
147266344
461426145
2908278088
2325123156
1616594420
4540104920
4698510973
2789789506
2987646842
16754729
256774994
4697766980
14217862
411194733
4266684028
181856199
104295584
164163467
2732405691
713144419
2683686727
850951639
523433844
65428069
4689467773
3266085661
2372063292
27812571
138385624
3770899771
531448379
166295060
22405684
4697581921
12440412
39968521
28797978
2565009231
57579863
372983579
163562604
4340052678
53036263
459647519
64515284
1420793154
1151752098
40787009
4695753222
3138770518
2783674166
1886083554
280603202
2234555157
4690800505
2842475149
3344439184
3391987877
4695429518
267722922
3023237905
2806624311
73594579
76043035
2389773750
35737817
2297183341
4331257759
15819372
4693690314
43657512
214992889
4386024149
1566465530
4694390954
186899579
2696286128
1264017181
362999613
4363892478
14857149
2391219367
199869433
4283087592
952835448
1276115880
2969263018
48651098
3939694427
222186391
283272828
129296318
3247563048
34025841
4691909366
68074046
390760841
167011622
255874980
193179949
59858107
467038320
71336038
4346795293
4692299023
4517187982
35455749
1496940991
182294044
2369037613
1665560808
4691142200
58914766
238935896
2553080903
23228434
1600813004
85991465
98150412
3008985145
141465583
109871294
983691859
4655765603
453252176
86695868
2174829016
4688953704
3227477023
171205828
31483578
124458450
1544527722
2646730182
1548115890
102457975
4689662738
557752018
4689527893
4567652896
914750738
27211326
4194645914
1341137256
4047054015
109658778
4475591537
2904118024
4636856306
17704196
4657744903
804511722
3266071393
4288224017
2375719023
1548848767
3516959952
834621894
3104882743
4344549743
2841151469
127822757
4440761234
2875774791
568860471
2157545611
4267230087
1158842869
14579427
1573349358
62222063
230157939
96645814
2582195442
263278254
20830840
82968637
16423392
17649261
2737106122
17534341
4647680620
4428335619
436126883
716141396
3988655357
2851093730
4538166400
3251331192
15356678
69295912
11408842
2602246681
131131882
2539951873
4275553756
66192011
136642516
393971803
842838835
2977624794
3194993235
2911784046
2936596945
16462352
500083086
151577034
722594940
1071458323
2378252893
3148777263
37311507
1498877940
501259619
320049639
1060720405
3416181627
421384455
634043869
439626842
4664201848
139372483
2242402998
3152985936
2935436372
2790719198
4131035114
1308345163
3257990378
4654066881
2780118880
2827052574
1465152188
2867913753
299431661
8050292
705808377
17754108
70362115
270534939
134109766
140432702
3105655419
1696651136
244309723
1274685578
1169591178
936147972
2839226871
2452874569
2923356896
2674418926
2334160957
2465414796
443222004
4674538603
275597516
1589545033
3137648458
279089716
157886933
4678621092
397916445
26369605
306930864
4352114489
20933583
4068852683
4657435581
844904970
4085610382
3328317906
1584258512
1163965554
111954906
2924156122
889459387
64045907
379234948
4062698177
4637796260
189774468
21940430
2884816011
161606151
2492142398
2455097209
144398339
1357346551
81685155
3239939280
1869238400
294546981
2328094280
4382977540
2364785278
614804634
555112198
4489762169
4587094153
3008597408
930530660
2835964179
541212558
1320862669
143921297
2817651834
3171085163
3404651759
546971867
221906817
3845809227
2347817411
817462314
248802884
21749509
3288671603
64683385
86010375
141702020
4546869231
309283777
17101471
124544720
4122954674
269147280
15007853
4275407903
299397083
2765250744
99355436
1294156494
344423393
206958654
31051947
65293011
4649986456
16549586
570993674
21484592
1581224048
2321869640
231869879
2696568134
136632096
310612659
195841960
1275285091
2624437258
2756380929
356948796
88355850
17379654
405302660
3876305054
1934199847
3044609850
60424619
4646825668
871792454
45549241
397582459
1924345710
252830914
564235699
3270481248
4614970889
16615374
4646854528
3103810214
3872594292
14766973
4624251207
463216041
23389850
308142808
108276206
218367788
179113702
17565744
167407076
4061623479
183073048
4337894843
3272868104
4618167739
4635371117
1707195985
2892745258
1386438866
117589587
3249178297
4673700830
900480745
361282487
3299432065
461675316
315462067
289351945
245929160
4339609049
14379663
1332689468
567678684
4525207115
20870544
105342560
14431484
15712057
1172865206
2397520012
1589629556
2347376856
4672926421
405440039
203951741
4672510698
2921988581
3218587684
30174928
513863482
4521668739
1104934500
1034099654
92378893
230009407
2694673972
14205607
91953075
4642184476
4545144739
2420261809
1073563645
4670675394
4671830419
70048826
56581734
3149960586
521987911
1908841802
364142674
445614020
1878349938
4657135033
3047182497
798244855
4640297843
22866520
2654243156
3667375032
47260334
282441676
3760492461
73583797
98789252
3364518287
1918744039
4661598078
552320790
1611595928
24725386
2542005073
3770994021
119836838
229297115
24493924
214165421
2941251930
248191545
15910442
517417626
66936442
2965849071
2778528698
146735679
4581267317
4587791974
374779076
3241067189
4064158217
49495128
7727092
4508720774
2389476446
939685705
1485922382
3594507915
2783768094
2190250651
2149425546
2752335438
3987454452
49363047
19273248
3391507673
3187942892
3329569637
103485598
342368356
18701414
1327443829
2999585462
353477722
332852647
1626599792
2311029908
1908369007
191005840
926421606
40538480
46439325
3366203655
15078429
3374811897
24292271
89606315
3365903781
423618622
587154261
2881003053
241063602
17848786
417909695
8059422
2585316273
3868518853
15582679
2569512841
2718708959
889506876
1177123034
3879338535
4621915161
166533758
3304858398
260052540
1242459150
4573239633
83183356
22897368
4631192003
49539585
51407358
891300788
434149435
758860261
3721464792
37300497
4666012134
24127717
78270309
443806618
608819322
4073269221
3254391445
748025929
232538627
723087494
4665084450
3259197397
372378311
34098602
50394721
449418813
122976019
2192994208
216215589
4260886595
419995481
266044901
877869366
4626428655
558403788
17659695
17824538
248142360
4653157514
1950936697
4573342213
45782017
2200058377
480347117
57868166
3325070665
3181912076
44604918
751087362
4663641194
4625426075
173570928
245993822
202265145
242910377
4576930394
48159562
3194223886
184713976
4507956856
115420945
437787736
2283822481
2736960944
12599762
4429511055
318413318
2539254447
1038747151
4185585989
4590107837
2336114960
4426700962
1025366143
921356726
8107622
177360544
114348470
76169937
2923559218
1531325912
4508405547
4395128320
28861371
3728498474
616521829
2558513765
96532616
261248405
3791333597
4639747998
3309999290
231423450
3288683636
4408613608
827996150
2580128468
4614763634
4618755676
564684570
217863828
4541781194
3232035829
1859468413
3598950254
2814670079
3798685996
3714837794
2458082684
75439816
1959721778
4263683337
840514440
1242376675
2887540163
4151401
74831105
848002740
367466108
2787778178
4614610287
17068325
2901860911
305247883
626679510
497106689
1864016605
65408313
14803267
601958261
61784676
1030914883
114013724
4228272797
117121187
26038415
3379196824
152003613
735679254
28824032
1088750270
104474320
2930213030
4656152654
4443512537
4414336780
1426419150
4504637057
854684000
3415909337
2397846841
3274899235
2964602242
2769891536
285676460
4610386641
635026421
843007098
14685345
2953676510
3883777281
4602704061
4409658258
119332834
4608938363
4074368242
3147123942
2410549752
840200515
332011447
1252827474
2199116539
2381814991
3503875942
4218808817
268975786
1448465060
4256223077
204057896
1063363448
3224584621
382460601
246895883
295723683
2856220003
1518300871
158425225
72456375
142683123
37434552
1687460346
103661272
421399973
179079674
259163997
167504215
1736987822
256715593
4603297103
3865093996
307265000
3285641358
4420312943
104061576
4602648814
225716995
519819705
4146496390
3344651967
109469194
4601883141
2358419532
4650520214
4590703097
138523563
2350120290
4650034795
228526806
237190476
2433546938
4599939202
3110341287
2937743750
2925166039
271810829
56629039
315112105
131123439
2183352122
180506430
591525827
2965859411
2554153122
3222965390
416155573
3341470108
4595062515
4484039476
3017626206
4646488878
148050897
118874719
97283312
4042442716
975077042
3189662646
323159236
1659888374
292377771
250896867
3522349235
4512144072
3373083852
2874389193
3065474199
3290121635
4063754418
93698524
3256849520
1198634485
428543237
636323190
3352185976
2567251467
502741898
325492335
389793849
4555948814
1396451678
2769968461
15232632
622896591
315742190
4549828575
4138905916
2353737271
3291082653
12488902
2175067126
2560987642
850807766
3161407609
2938286369
3960291256
4451807842
4588003575
17916546
4142163314
166166415
1681386481
627279867
1563051324
122705767
2179594046
501675268
1718249616
899498653
419833104
4490551881
93566973
3405710956
1319657785
29930388
995399840
353915826
422782904
2515301341
4548905014
84011494
4046538519
1965022657
1112685188
84332078
4580742973
20400480
109870586
4628832433
14829768
769854601
353300655
2223497078
2598777098
71907486
197704257
4452436407
3408337127
2340106897
1536126446
221954542
3327613732
2963304568
2507286179
425177284
360188566
577449703
376002708
4071131413
577944679
4017320897
498112659
4196239774
2324073626
114169899
4580772213
4186641329
162984161
357724666
590899959
3663852161
1944780866
3271548493
4044599825
1084625588
4142548992
287744086
2346935237
149038717
113811744
273452440
625920160
27937948
4570190368
56043581
3852178095
2465253576
505732683
91000503
40703894
851103709
14196966
4631905868
82287927
3402447059
94575060
3747702077
2839552103
350050670
4567824015
353307210
2250183108
4635688806
520784940
787228364
3092281019
3961395555
2709982734
766926096
2890140511
15797857
541080185
2611951400
369468787
26194422
35538863
127238594
3318174925
4574823796
1520330592
200177495
3072884912
94241227
985256792
998272022
82798479
3720597746
25645095
286484566
497882349
3423859439
4099642099
4572690197
3011724440
4335809781
263505049
39248442
2321155339
36199822
4479901041
18691148
4311873553
44829111
257066400
111345661
42642766
79534022
1568571746
1225400293
348985066
566775599
965785688
1018934480
31193307
491277084
15882406
804592206
4568096603
4568897117
275443006
2231311122
2976906873
360779732
2834421327
2313394874
786893694
455979569
595306503
88001067
4345274123
93504694
586355252
338095904
2403916357
4306298958
4545968663
4460402183
247457501
102945751
26691717
2744345192
2517125936
3292674387
2787372103
35504441
3167667828
4551155412
100979439
1315594844
1710967050
131928753
296419794
353121463
117187641
4543692628
297071358
2379764552
318358618
4562537009
14260962
55909910
3052776535
545548961
83993615
243778035
252190410
2548536066
2419177464
383962474
1676022588
811091089
3223806959
3918326241
2881317734
3075479239
2942247915
485125495
3503689763
2968593772
15671604
233843128
186203623
3186921816
16248215
13187802
3382004991
88606633
29925078
1349469648
3354288737
149808122
4621716134
373752206
2875938173
85858676
565747894
716555264
3053626468
3081345682
2795313264
64085701
601528634
379208988
66842257
4536238335
50104323
522210360
15823891
2519262814
1636494842
2553188521
617072472
3365029869
491632635
4601744533
2482167129
4556312255
276237813
3434359697
4229140240
502748782
37624380
4491766648
3317963307
412173336
4619968632
3278850528
141932816
3676149383
87106922
4408075276
2254608426
3033420762
271641311
60317649
4417229422
2546822365
3234733854
91007334
14640557
413786968
4499310137
457951406
4539510559
2834600290
164478817
3304644528
300068407
21149251
906540122
92839377
2311227960
619567968
2459793194
2537324359
3359904598
117746102
4610236754
3146616204
4550528800
146934053
4375700177
2708145553
131789564
91168137
3114791276
1013909258
323131226
1870737120
27363583
3005778312
366271626
36729145
1032255590
131674053
20515090
179058100
4615130941
598632532
4031761218
93913559
34621191
349091534
2394686226
16665912
4089446399
15909626
4613466554
3776125333
2941107738
19092356
4200221254
3276307908
456811702
17733036
3164744684
15286073
182992726
2334432302
335986643
4539722901
46391782
243306358
1388329244
394164180
4151884877
3374526370
248634946
166659275
4076035702
419530826
1706055240
293465938
17770591
162115834
78131156
115741420
625659034
79900755
3196692836
4609123987
4561506139
3345542112
437008235
4467100633
4522216702
4608276882
4587100640
15144324
283181369
4365794113
25735855
256431675
250354948
380104335
33826104
4164280452
4514067508
3272272615
33048001
4028962932
479064248
3134292238
1057382695
3281795173
4537706565
607630393
1137514153
702714624
901709624
2294868458
155204456
1409999354
182252185
396404616
17838792
3102328086
20688406
130611306
2561847476
4536657915
237297376
540233098
89674978
23237150
3324768192
773423552
4602606439
235452489
2209662918
4481614535
65472518
2654095956
4601931974
3281402352
70503839
30815695
441242653
4409476876
2723444222
2911608729
4304772674
4520452463
568875987
4453089147
823176350
4423639523
4452435373
4214722997
4599114074
21094647
4426144392
4594847936
2671906374
2216444068
2302404518
295853495
4582568119
4580724296
2976841209
4498283296
23680643
425984201
280382847
447901090
61115904
2530257824
3860767642
2405920721
4493446580
17549483
4528089453
534138854
3243841579
328125292
4338549673
17168396
19413010
2233482601
256308510
1272148220
180859969
21014588
3222279267
4558750574
4421004580
4506655452
1968998982
4496136136
365746594
4281514819
27084295
19409322
4592396412
25178913
464364571
3154597180
2724254396
3170702196
2345690755
39459681
2688369374
4451500181
52049469
888978906
412200227
258711535
255664778
276906568
25008453
2463559051
248037079
2893424289
210371605
16041297
19126630
230352018
103524046
618880513
4326675797
387800303
2666218518
3177002358
20078735
23356919
330819252
3234852096
348309770
2967923799
4591292174
98765330
984823154
151043782
4591386818
592039246
1419995616
17228809
35754610
2565007784
14279467
4521169475
3302857423
426897612
2527026474
4509123672
485350359
27197593
30538915
164437420
4486071383
4316354613
2810687856
514430036
2649386665
12140772
118373403
3348076497
2715324371
145519997
71571963
4540426932
40897735
3183026433
92672082
2283983988
3012555282
84665048
101422495
87965335
2938235437
882407474
4052468241
538611454
2709240271
4419810927
147988220
793560624
4516225755
19573490
751443908
3433103561
986373090
1671360042
195841206
4466607253
2189018976
215979065
326729629
511410170
4503223295
3326063380
174734259
14217639
4259725713
410310635
15794905
266655903
740001548
153425977
4473501203
285568450
604895201
1460218027
1317559711
379052271
1576164253
4565164813
156831120
136329104
3242925865
26009678
3071152194
1864125488
2381542044
183266055
4276371574
4428669748
69650858
2830064353
347324428
4582870812
879886088
4582885278
1287822721
823005030
4575001992
391426022
3512287456
27996093
4581688518
116047086
4508889555
1226686208
3896367322
141317968
2152173115
1080349256
2812106130
28498699
258447456
4156346834
3055870445
18327029
3639803294
437894830
19849412
4210942941
4071759550
19462281
1965891966
366046853
2880019897
4505596576
1062175723
476324354
25417902
16981901
1060796228
4485046247
4488234075
4364167213
3773495842
907406328
236467464
2263699319
986863045
344984203
515437349
290317898
4164350777
4506490480
222270459
1979318286
4567830313
487485079
262410307
4577101814
2890195720
359302291
3360357893
384070328
4196987668
179542197
895365210
1132406130
4407516705
4576946352
247407943
251927019
403940196
4483969523
4505089095
4576871568
610196730
4144224148
745435760
53947239
3100125313
24693701
482662602
11334582
368435344
44897075
142384676
1472617812
261254820
4502151556
15133816
193717134
3905910320
1634610878
770495460
4503484642
2424527492
346051927
216299051
137089471
190096923
2991519272
37776423
207444043
406628636
3732900373
3250674788
23942803
632293510
166701442
512466294
238184761
231807266
4257603809
386491777
512608307
436783660
4327749144
2515518643
317752561
187375154
293665464
1248118874
278195117
70377706
511840020
4119376881
3229411711
220767329
21410256
4345502176
1916502494
162156586
881472620
297777179
2340664237
186203480
58327350
3323191963
39646418
2352102463
287484303
102226584
155617683
100440982
556673842
215023015
1517806506
3104100865
416720160
131963685
1925812950
163943129
2942144834
4053069946
29984348
4259089878
2494786506
298623695
3663847633
161863717
2603937499
19394890
91889703
514629548
4475882555
146923114
10073022
484786884
37750772
275344734
868594788
3053578366
3305645752
4459131802
304755663
738544844
16485618
1678685881
74210820
707174784
230538417
50787980
24818814
4493753812
4441131281
4492386377
48369444
4509256032
258149642
4492738601
50644603
4566185238
4481853575
123943561
3825931552
1374263132
615472452
146954686
255183309
3163571621
2200113948
897941761
3941923274
3017853822
409483966
14536077
307067634
2879241023
2928189024
176379999
4554003374
4562747600
378447351
2972537100
2724127008
21815500
145123340
3033889399
204036831
47570840
589908538
2319418877
303789858
64309563
61269508
113403389
53957096
3647263282
4480081941
3371498170
4472539152
118473772
508035302
855949046
3972439049
4551822072
65566588
4485896626
3304476737
621277026
215711826
3121050465
2393308070
544491214
13837292
4550556020
4484377583
109911738
263669444
169781430
14483483
3947421885
542394356
4321826301
2773915602
177924906
2811386498
479292660
101845272
498054548
20509808
385649448
171898130
850805468
70400517
823200126
195591921
2890262876
214580677
1061496926
393838598
4445394677
1112671968
1628513011
41146498
2165821549
59033088
4371288852
17430551
726849817
12001122
311760954
4481640622
1149291570
3251123186
356897514
701756617
221003153
2766740506
1123263655
632245934
2356904508
2574856181
467388552
497684112
2216012887
4458816927
4316019677
410311160
566619359
2375972970
2548733300
33965158
2977803441
2450351760
3055965024
55526194
38258544
459423123
277285255
3271771807
1163087388
1459251409
3222317539
57397274
3272189214
68697551
281044901
131734349
4075457932
46686834
1016447058
3860108915
75040202
4427024054
172039571
3649443380
575984946
2551399229
94858094
125757866
140840320
48897868
4429437495
4551503893
28717096
240421686
2311535468
347964468
2556972839
27946651
4291106595
1173111626
10172582
1674109290
404398283
22832949
2303475710
4111321828
4377309135
1338149868
54646679
3007615070
241143843
363139102
266020040
2261860296
2978981111
393077018
4321261516
1948954106
14238010
38555105
1972897740
225090700
558484240
4472802855
76761828
100166514
241913722
21505921
118132059
227352703
2746421544
2493473858
874392138
3333621208
1157712109
3861908896
395783107
1883266122
3022070093
1450498291
4543894513
560213057
2706386930
112612839
24502572
3155106537
2396637860
47185906
177564074
190485308
245889362
132310312
206645598
4470349642
149922358
493565109
162020409
69266163
3013178383
4242052933
4536999732
33545766
747550062
410585214
189495914
423513621
358279052
2671955514
2700617880
4515715212
4465516887
3069513907
610948876
913752114
4469018954
144745669
131774961
2908760612
4508313918
15297857
2776442448
2751011419
611758676
368203814
3050708971
3117359620
1130042186
586941998
64176218
4018104195
40219365
1274915516
312421749
2613409903
141902135
193756780
210304976
809821536
4482471913
877103750
3348107272
341932631
2588553067
1377280975
4440431489
36915862
267300671
2955239098
4252142061
4387830376
2902158448
22260020
3228418357
116008022
3643620273
604589077
2580480494
3982944252
1536782863
95955480
1016209243
2613976555
56325209
3298367744
3437629499
16220237
204952361
4351917435
2591970587
1658804004
4539152774
1618042069
3492802361
2351729762
15723345
24055224
902208536
274365977
242475946
4126592572
79501277
4459975755
529129109
2574517508
35826524
289979037
448124983
61736146
14108975
4103111480
2183735976
4053155243
440848366
4429240581
1228454893
374879295
314166391
3159562961
1908836412
99080782
3014236225
4401915083
39801833
4535344717
3167406787
2431166966
858278526
3847624773
561728347
4100626888
16578151
16711686
549572614
596432380
1329369991
174115286
3447895333
3243735877
357277199
906784596
635115279
1613018466
854153004
11700762
2327916174
14121215
3374904747
4426050388
14090168
139882199
257846387
311507626
116059706
6668
21960693
259544586
4451500545
4531203493
57232629
14982885
2828780336
445485128
839176674
196929547
2211216586
268000999
714888527
3307108889
45966318
3323631249
2946610993
4286412733
2994575197
4416248733
2966074143
23184581
276528039
742944679
3683237910
245561181
990744349
14256545
2823960002
3313592754
4517684292
278309263
32288010
4381458435
105741236
3378586623
228733014
576215841
1086494125
3073285900
4365033808
632796331
4448565083
2351242159
37409061
3909049162
2241386473
247086865
73348689
4480924399
251984030
595348965
65876311
2398149797
4406393597
3190524477
89650640
1967901338
880246681
3282929812
601277409
3187436120
4369366396
39496750
4443842429
2549597228
4319266641
4415730747
1519115827
3066061674
3002592651
1589033178
4412035033
2485514216
35180663
2730327072
3149974013
420570281
70873400
26588240
1708881482
4444208177
2298450073
1455869647
4338748574
292739326
1647619039
177990674
73533835
1486615297
1884585186
17379607
14333974
860038488
588545432
4450023552
1058163422
4442475801
4040083932
161382657
321885021
384224326
4352351500
509427317
3632569572
3729973054
74288354
1352601788
19659367
68059201
2590501278
1408079244
230088294
945600854
14280330
1601106168
304895830
250717584
3470080759
14718527
48794594
3223095978
2501854598
4440170494
2333660269
486924492
20543121
3225402598
4509318684
2417992976
16328245
430759720
4519203314
1003170234
3850992610
550875038
39073212
604272767
15477871
4438422100
65543748
317808881
1944198349
4218009012
12907942
821765833
1241710213
135899251
4419270378
4181773756
979474326
1047816510
2903585691
3282372660
3328056643
51840186
1630355768
2344922150
3679584321
4442875220
802168040
567690939
234759972
3071055524
946546490
4516541534
465370547
37775069
106714640
362247591
249484507
98117813
16920411
4074886878
2595918277
125999822
100299992
4514322560
86829187
97102311
4403186488
97907261
551549099
2425714086
2732667438
79634565
3476972053
3190456872
3422619875
48554870
3283775960
2177274973
109345944
194359898
82089365
199406748
498670314
4403099236
84555551
22727574
33644200
467169913
4385269995
235094674
249779448
1963463017
304649462
2849967689
15952674
2841874307
235853113
2871813130
4417970895
117551197
101598355
4381892292
18741333
24154848
533335185
321562210
39166769
483553027
4364055083
3308288001
11312682
835886244
344298480
422864155
3344993892
246783405
399519941
4509004273
3193135383
316602399
4416706061
189960037
362736727
394130101
78890160
2887762151
2791539316
4298778856
21122293
2289963732
23961781
2768343049
3607243396
15697912
332240064
1365103982
56371496
2997991885
1150656337
3922095989
2511745231
1151397649
4384276402
3318455481
65713142
20421086
4048721894
3168621369
489900228
2832651036
1428590718
2650887896
399654166
4505342509
3093819187
3867345494
311440241
4383101842
234268453
271924686
351439145
2148943178
403191436
2722287403
3141369019
17459388
3283259078
50047131
177070600
4416849613
466127227
4450067472
3392899397
4397539864
2191901708
4491829213
4488316994
4188165736
18536648
48990096
205201194
4420036102
149729140
4495015152
2680048416
4482942446
221130642
3744798740
2332202354
195002946
12194112
3561312317
2695777529
701171224
2282978018
23897603
553851924
4204559362
103308275
19530066
47098572
19740105
120805561
2198557435
85950346
47291633
3047821723
237156428
1213593696
718095030
197870585
338201578
3809987117
319813297
600698295
266473005
9081922
19301811
3138126001
3156414889
321181907
4419044777
158216977
445876638
4480440792
3598625116
241224991
4418479355
1112639413
2335676329
1628312965
273666047
4395194979
3247923281
29608917
4417843043
849839364
277650215
127037164
584716119
3368837001
3014687745
4000614149
264983806
32434539
18333880
4094043560
448415235
3305371981
3016462608
144431166
3047306495
301310783
279956938
262333941
413750704
3319489502
1343146070
3288116145
3193765812
137601496
60603815
138348504
545274890
21150979
4407367060
27100223
3040720377
406202853
2933267340
2188740441
24147071
4495962565
29445316
3557516534
3253331054
3190096875
823127689
79951160
2598611678
1228526168
2931451847
16752429
97410384
4493897899
38153590
165356346
982662812
4407186258
350657989
220853326
2321615635
2921907374
169419174
18972415
4411452509
456470995
280132493
84633163
15628380
4187735776
4025716288
2514530496
3146146622
4363490480
2484590498
4296962904
22069498
2505519384
413978437
4213921895
4471193053
19261527
16379756
18874437
480458530
64269069
4490612533
51330718
291501934
3975603555
4364036652
4373259627
2469890029
309535067
4489807639
365922773
3027030237
185610079
2387133947
3310966087
1156118252
186448669
16887643
4408803983
63489157
47782429
313161841
2726839345
3386628892
69501438
3363012119
2156013925
103547673
222280905
4200860475
504805903
110528174
3256469922
43176491
241967835
42794095
18249648
36008845
209609101
158538633
2856223376
2294503790
128474288
76739718
189932514
154600325
82667441
473994479
4046998456
168726723
3306288321
288138965
46540957
2172265652
4043087249
349561005
538132259
1966971030
1672826426
3312925646
3138087107
506387565
28379771
3115634247
3286308132
552622251
4485193880
3259492645
335656236
3288904998
1360848068
1622627995
127618228
171651436
160891088
4472341046
3317265707
595250047
206061120
4402448781
4480881254
4275220452
4483478532
194174559
3002524756
1555407008
513068366
970394353
4362198374
1326162176
15048973
862345855
3254242590
393845632
1450111244
2369776794
163576629
1885886352
1399017258
24612480
4239443608
113189637
223226830
152870206
1100939125
18343135
402295249
560118465
4330235061
52889278
2796170320
18962163
2734835078
259993428
2889260220
122067091
466871355
3131243848
54993254
4397566335
4397290605
4478665034
823867128
465127931
3671136139
4478350153
4396583687
103090290
3003407699
2447678068
2841608642
16685442
858650828
636016673
230423175
2361764967
186942492
28914026
39985922
122787750
4331320642
2757901779
4348651996
3046442697
4002490839
3882820175
145595218
338994522
4440850555
3860711303
3436667885
714981667
303421889
114986808
193345259
23945478
26868097
4287710364
184680257
10476692
1876262106
94089557
483886178
4474471165
2527242146
4392923243
2916545124
15849440
3288879330
4358932873
3222718520
3362296431
2954939377
1648597214
3312115433
31504312
2315369959
2762440996
874873962
3067401589
2230790954
134931965
4311564382
429723992
552648088
4388208707
377466908
2374442197
455263458
318313660
34561785
3367180281
1239243150
903411942
443117820
12025132
947988234
2658377197
251414252
4085142777
3051451562
2946025739
2393914928
4106101084
1458128329
549330047
4188999586
16561160
4376413575
845879370
2380989296
3297210586
3504456376
29149140
2891296695
410979856
867311352
332959781
3257525119
376287292
3235568949
2469738416
588556849
4383645383
33496304
361417455
3368758279
3297561958
302761021
315899802
71460170
4363395681
4458651972
4383083963
108241034
38908415
39112434
408085734
2162649787
2942131206
281026296
410966752
4361567056
806816592
90464966
15001916
2573183732
761695508
4364231483
470909426
152486170
4327603403
2288705767
1495432802
273584465
16579349
299464954
4195856973
137641004
4119179892
4353399142
13785052
1380307790
222237469
15697560
16148248
3853367722
2918125915
3064658699
2835448542
1131398173
2347391
3097141182
63106543
867625886
182036727
3302342090
2478508561
467851256
228733801
44899862
149459947
160639685
906198048
3892863615
130458492
1241139043
4255089673
4375330701
130922174
1355315389
4376172203
44443915
493530047
1414258272
4372437834
3352863147
3432948783
2400915882
4356568274
4331084542
338144739
1248274213
3278888852
1655548994
4375113315
4317067528
609219477
458411526
3697229772
2482585438
119009642
4304876594
1535285965
61698767
40317095
495012377
18011997
2966611537
1944960308
2293022455
4316241203
3946027996
4145759532
2503158194
3372594833
1238198388
20412301
281513602
744282013
148400383
4453700953
4362347835
320148229
2590135094
277754574
15532440
2454988639
4451124920
380626604
502620289
192938141
3430021695
1140915535
100456719
196211377
2745371251
19335975
3656915414
4423667712
263882932
1125403704
4307598875
204254996
26204425
184750743
1107621007
283617432
3234130475
135090746
3346584072
94202022
4369998083
4450496892
2931933986
378313222
3344575605
224175250
290269434
19236093
4369404083
84537713
2269944524
3718786587
73273619
4031559133
4347659308
4368377175
790624976
2434700825
3259616978
1387184004
4315628720
463724035
22335923
2171476553
20307444
375324962
4341961756
956009119
501488476
72480060
206485414
47446314
372777677
228166025
22273934
290637931
2566632497
317798238
17172235
289109276
144637563
29538878
3506408832
2534524856
6953352
289833588
31829120
269310532
409699477
341590078
1133000700
390830063
3131668108
1967976614
2153675298
23448369
348412791
4244708727
39505081
315850331
3401098665
71023372
14356355
10701022
393254195
258772488
520974828
127795314
233005568
584621550
4224944412
2902607156
464114733
560467027
433899840
125832537
2394746047
4362845182
204728962
3299116976
477777362
94524379
111345488
3030134116
8367072
3369731206
20105236
4054980034
4442351953
1316595294
2245780281
126792896
3320126146
88468323
4361100255
4441729152
237835918
218185425
45279327
1148872160
37973726
138202294
3261933225
2836255426
1682042948
812843923
230314485
293500115
2737313768
18158734
225271079
1648362157
2322146605
335859488
1109455830
118931275
3318011352
960708277
2861146590
4128047232
2361897241
288261313
2806043139
2291798191
91189351
127376410
163002849
127287138
579650381
2238785390
14898342
1179555697
380177439
316236255
4356923363
2447030605
402016429
1555461024
4436886853
60264425
184519441
222653487
51115483
3268884415
3743813183
303499417
3008425035
3315224642
987942962
60966019
121875507
1850807096
187666854
258967635
76372957
4434416353
2815112395
1827873908
2537177928
1362949182
46161575
4040752637
2858205842
16091798
1056016724
4369811712
1655472966
1078365516
15313006
1120752937
2501529901
4352596217
3350930536
84316767
218018921
931013155
34705362
28754347
4324640068
265973003
9032512
844745460
1959053760
46786759
160965528
4112110936
4431955752
36623055
104771339
2759455881
41927544
14503362
14877536
3423615010
264525522
332978535
354047349
1923189762
1445943901
600312776
4430350764
150174580
3179094732
3167941782
14294534
105054136
425410090
307616411
4349001257
358194549
4378435513
428926325
309169864
845980694
4250099331
4348139601
378630035
2794061696
1689133333
3029124036
4428610392
4347576615
2509054596
2516079566
137857717
1473800534
4428074953
43955343
15455033
4417640354
278130346
12300072
772927934
9630422
1655654460
41496944
2564389717
183018667
36509837
387107913
777016950
93613650
4095486974
2991808046
64983461
363464865
117260950
4035831256
114553669
373107388
172093635
500615222
2699060682
551124872
132018468
3928437089
25279742
191062180
434135372
246612599
410286399
264139045
4002134818
4419906614
138311297
396968658
1916647406
230257263
3988130727
16249572
4218249743
1257281720
1178548536
3675663075
44773138
94619081
163672728
4423190234
2999660900
2411564066
3382839612
94353746
445657351
3294355727
328249271
2497189674
4341488895
3968416333
238199074
4339471162
292035532
3290075151
4037295912
104569652
17006545
721112540
4218304132
2762922288
58665187
351350986
20962828
1865203022
1979064302
4339520002
33899969
4236303094
170138339
202362330
24816651
506312191
764038033
175971717
444847005
1936550342
45118922
3223270698
4252344435
123513001
21753203
4338757816
606056301
4045766302
171757055
4026579873
4294474984
1268506884
76263016
4417699213
2370629586
2459025992
171708233
4336795755
554004650
2462354701
96896323
938816436
2958880081
3107024396
911663594
493243802
2724570139
292462623
4222862476
241285154
135950696
3253127046
4045520174
2551315286
174723798
428530956
2374666570
352378819
2794668025
4099393942
21716950
110883015
4229715914
156451152
4208417301
582086017
2464665031
575239733
1545568226
1658290495
129326324
316908603
189295270
4244810303
139018429
61605903
16699493
2774355643
327745803
41913427
2571568027
766479074
283765434
408181710
59669947
108232726
602639420
4027111577
116040110
80588147
4331550201
704318070
4331397809
2449606410
148736709
16362894
312344121
4165934669
2919456487
4182879312
2987803553
72975707
3382159961
162039888
2192596790
847883671
2615061842
81686335
4212179369
1729359007
2939525497
594853754
4329929181
1257187758
495290716
50969507
546733232
261480571
2794434202
102282612
1448451505
77410417
127244982
493316491
3462387863
2230366723
4323615555
1652552138
530804127
65951296
186416917
4257616618
2248764564
853387986
3006336863
138604379
2555198618
28396332
3422836617
10305262
3301330671
2165922620
1246498705
4327882463
2191914792
3281266958
441728869
4262927806
323999934
46113908
2832362910
4326701115
30191648
634805260
240981216
982497451
300408650
39948923
74849794
89665106
140720625
340909658
2586813606
284329017
3272099534
3842859494
2596124964
1128283976
322915807
4303038015
463371535
4324493116
2849509256
81031385
2276731400
2678591173
69962164
310917576
20487600
4145149467
768353
3431566452
161296623
19353469
4246474996
51380620
3071452173
568328208
2587635606
553171980
36897048
2517189157
1393089290
4288861424
3749479641
69835700
345260658
54692644
264974524
3227556356
260466833
2910320729
3009697282
3140227403
2426885216
1959513961
162447803
362830245
338855489
88022333
1903673930
34232086
59249939
2870810356
19359022
65991368
4401806173
78019386
105599283
3081606755
4227229820
180117476
207150604
454013482
635556739
1533046435
2927186161
3289456456
18363794
52855749
1075372716
4306446135
1958484462
451824786
105554954
1303639183
4264429229
33202767
2891490291
171299096
4318709235
114145485
4304733800
3069634883
3404333927
231701498
4376976313
225578180
281957523
4044144975
2775505391
1259544102
3006576620
18975797
151544290
134110869
103625116
3088358708
2306726334
4396939813
1163619967
2401396580
18381898
18869857
79692973
4297132821
15619959
84272198
1633844040
147283496
3064834683
4314595515
984346393
3952172777
283582251
337047335
3128426402
34780049
1678168831
3069863708
3677491874
20986013
367566127
70832573
4266551781
4218364041
194522695
3592501227
56728704
132421556
2395258519
26995433
711745189
3215848389
28216809
87757241
4237345697
476876267
1398635065
19082639
24032908
4311958341
3101649871
201892610
2584815841
2759766777
205608072
4259761636
3235315298
394534347
218333759
4209661940
18868139
2216597988
3827682023
18990794
113886397
3435480975
21406322
14805199
3313501494
129681988
20621212
1258092824
3077947471
386400627
288966142
65013058
327749822
255185812
20342404
114499400
172426488
130430583
20231663
1268647050
571673907
2425588397
51190035
1647286536
535644820
284197523
2270473292
3770790689
56993094
77960580
15664538
34922341
45613607
4112913019
100612147
119439976
148073822
4062368596
440321131
2835778554
36440809
217357741
308117932
217940648
2938989183
157211087
120103942
261433674
60065583
37644963
303126962
232938129
551810364
130588547
4387916420
2256573487
150664190
141746888
3127196536
1428868986
1596682430
3404261110
2984151497
91852037
4187659694
1482941694
3328274327
230173460
378799854
2792605022
303653017
768092413
47933546
6182232
891896215
227034367
2633257967
35196632
1079297233
31428075
4184314816
29139445
37700826
837336492
296897245
3183928472
167472935
317688882
14364324
476401176
1159762519
3091121246
14615421
2423965682
24946657
4291950442
293048459
2577776982
14441001
292402627
44648148
4295091381
2364468451
19995471
3166325411
6662852
265921265
3757361075
374084785
4134259887
1359854185
1251785912
3044710703
56060448
3425269930
164775866
516782570
4116087796
3871903353
114094027
476742202
67123187
30553239
484557981
767427390
154493376
18809498
72255638
163861272
524376155
17535765
17064611
390166958
2635417456
2854739541
3020285273
802093
56339448
159533960
53077733
2193252648
35799030
285762752
1378231795
4217897350
994823814
129656143
2277227769
2334329179
331728788
129300892
58050854
18846630
3965160509
343663696
116771030
462179088
14485644
2877993444
4379280314
233558216
454567739
388002986
276343843
310783026
276698777
2414734874
45523228
216685712
3901500749
560726743
366096231
590012982
541511371
333562706
282119570
13425752
2908553188
4296023356
101101513
23726093
137413741
2711221211
248055387
3393453732
3446701995
2317196924
165919818
4243673234
36922414
4284787633
517339543
256985018
4295376089
9609702
1458749766
3120984355
3352149243
420684447
71201581
292494900
403227614
31129750
624668310
2441338718
4290970572
93105905
6346352
3417698320
2293981051
11215792
268253092
118620105
3255275970
4219515521
2436504571
2501240527
2571492420
148477326
309545677
702565196
1334290668
4293264083
39218506
3800662572
4293092597
87028519
104045045
3322693991
2553827622
110519921
1562569944
127301865
468723415
199624331
433764175
3131069307
1273409155
97049746
61251164
1306487323
1025539591
28032671
54212561
256318300
4158050962
600223192
4018192769
16224080
2375746784
1537798038
3298972148
23183879
68900755
35322208
2336295745
64725534
3622251734
36812634
2683474957
2182843430
42969536
3036984380
64461020
3199704915
4040133612
99966954
356994684
1408167919
24362878
4332157213
1099337888
226141243
1476005634
316812810
3325186928
2183295901
3430024384
989492233
394902185
3037805430
133643142
441960025
1407562028
1148525358
564921089
74120962
270147372
22776111
35103249
29997977
3526457847
3446650643
452248182
4287101956
4180765551
2175768756
4059457101
4277504655
2843737740
2370416958
4287050182
186697663
2977860239
18631968
156094942
126071361
288693202
274770128
162445488
4368210853
451178931
15567280
2565431265
20261198
2303137614
2842459010
4178333297
16929219
168151625
278464181
47371425
66309299
196013736
15202742
4272769047
59758341
3903975735
2526357753
21813
2490158947
52452332
906476172
874850970
93351695
1919760972
1566528654
131952066
2893001071
277791947
294791412
1707080448
3530287228
1611647126
254115045
240861186
184802821
1604590076
1219027087
3149562752
4365601332
2531116212
104445687
2452452922
199680451
110624079
4283679873
169823132
3317814438
2563351384
2175490007
4357732160
4364556259
50494230
2535361088
363768170
3346227515
602846860
4163987846
298825186
4314971846
381220460
2842914360
637285776
26034209
4356752126
3074423599
3851936473
168707474
265121981
42813777
70354558
187327694
198362396
266311602
3341934837
292333673
4203937819
4263706694
1132369398
4358941454
2559552604
4361359392
69428970
112315429
67017268
374620378
3851544316
1874471214
194495781
2873116106
15414975
2162656298
137746059
399143098
213755117
139341081
19279955
206255104
239635263
2350646730
267335505
2769885478
3262360320
2254955850
249515572
233763623
119968874
2407389152
319537771
28563577
5459922
4277027355
1910902404
1098953226
4277662246
391053970
4248106457
397143136
275218411
2918001554
34834108
45361201
1083683659
277643476
3260272027
397419415
12930242
151686626
547362826
262917377
1367798762
2971806693
2259347744
3333391624
22373552
35542831
2964409802
2914979923
19221221
3664416973
46810245
404430300
106063998
831691466
3318772259
3376283314
96573481
39849458
3949643285
187874332
4276146088
3249114044
17832789
2158862269
4274874976
4357155732
3783941112
4275871894
3589614620
1311808572
19111813
3300896517
392146582
972524358
243348612
416309522
79966705
15811419
3380414655
58735771
2711634252
246313018
4203486612
14766411
526947450
3343425586
92658212
2754501938
2422175580
459152520
3900446720
2447929555
124414156
499176243
4272545781
3233316248
165844067
904196652
3384614307
329989990
1313644760
2458312717
1339149692
3800138897
232098181
2482314626
267622484
47091632
13442782
243756607
19379783
4216414367
4144384035
57226915
988759855
241625233
336181810
2462555888
262596654
579689693
4271169615
3305139139
14350902
4297864512
4270654161
2305123694
257810718
4270754362
99687959
744508579
66272528
2237305194
2817721789
4351401132
4330276993
296070902
2722999362
57199077
1293795168
3371340792
169178887
173839014
1131784237
977216677
75171788
1102566692
1084813158
1667093670
26563692
69193622
3014323382
2415675512
3288220115
4188342379
230064704
4268384789
218795941
369634540
232414137
564936284
14868324
544606017
4267736896
857045190
4267443389
193798879
246936230
221372622
3641649676
516267791
3211410166
104585970
625693989
3415783869
2201411719
1076287092
1122477499
124869756
3970945514
248785265
1188352334
4245605997
200371278
58368956
4266605621
259298711
456095130
422284196
2984821236
3795805813
3168334436
3280757509
15855098
124484110
4346611812
3910637896
15592151
102615168
131705899
2934765150
4265262353
359266491
48379013
472977828
26059634
71543132
3090287967
183589478
47603211
3172131852
14517784
586741723
3284456378
438497760
390713546
4205947152
566646587
2383975993
25686911
625181286
5533812
14315992
292616330
3785222353
357523306
1655947836
951418213
21896424
359841109
238809129
3351574333
3791857396
2285102113
48163342
298071290
335449164
2341208121
149436197
279622514
1432554889
