217120228
162691970
432779118
187899504
2416374162
2254880761
2794380136
14361698
2711615590
2272592893
3001048101
1891444148
2850496827
4263543256
214705194
326838846
228487441
96876124
3018118664
17592079
218098853
14300530
4324612214
3302393265
147596371
19375009
420028273
30229992
480133653
1586541954
389528457
4192221076
4260164908
34353108
4257775763
118850047
1723263961
394131562
2875891683
4226569222
19096700
38634307
4340480234
137317078
406961934
15503419
92999550
36281684
422164029
17978695
76816107
53966670
2923273056
3087186941
4339497313
3776170036
16462000
22207403
244375134
97033482
2589995942
192332947
14845458
14423690
4260966778
2714624672
1228647182
3884195117
55759849
1438060758
236921313
1119941246
32433968
2347718839
492181839
417197470
246344949
2460258630
4257778343
300012283
535646113
1343491723
3248981892
4331114832
21950529
394221567
733693891
37176909
254469413
3922422183
3388637758
36496133
2219677178
224345160
545244216
2459215064
11720
1324000434
3013614470
4259666471
547964821
106188937
74847070
191633564
1556826764
388494592
169693008
310221069
21867867
4026997160
3300786087
229152287
566752952
3633282493
382022472
1166117574
129519248
292900557
1300217298
1278605634
265770940
83799417
2447791309
2239805389
16184043
17265425
252917223
1975187317
3865554496
4285447873
806724230
445424678
1877971308
982660088
57588628
48093602
518298059
4257305681
3234948046
3418055105
3156928207
71225548
2887089479
16010298
397743619
291465789
2316402727
3338285780
965865962
23724924
56666109
479699210
3166645921
119462440
3004899123
3404493765
4254539554
4177735767
2215573393
4334325560
4257140073
2868515647
1282251824
1433463643
240822605
2858151772
3170796787
855776904
133205520
3245894623
174724182
150342179
256877469
307896731
305598343
1458010278
3856456043
2399200787
37866710
2483265853
12233802
240318979
119464181
4332691572
295254463
784861062
3329731384
4256068527
4132117900
162321236
946088328
177759960
2780890782
2795242945
113903350
1086341383
2256205254
3429822904
822000
2226102736
3298988910
4331597413
86872401
130030149
4177535952
168818286
405487275
2562901988
3845238492
46232256
3009062490
2459843299
81537017
849225260
3846970934
71332632
2371722348
4330569254
37126633
3602092999
2556249942
2258130475
27585582
26203300
61144253
1061723796
196477118
40295027
2915882869
152066645
30736632
4008321317
2736003600
4254194116
561323792
1601151236
84193078
3910353101
227088783
398475121
70736268
4103699112
2957648129
147448870
977545945
3253897723
436353517
4313272634
2754102327
420273741
3034884369
22443659
101983851
21879444
755770832
2802185138
20717785
3064558945
423878651
4252397002
2516364260
2565129803
3409231679
38302866
116620498
4218726263
14869394
4023660472
3289666861
2994592834
54779884
3062397983
92164120
214552226
328162660
58275712
4326371232
274280928
457684081
474310899
2869188979
4049173071
303064457
232127402
441086431
400984378
4143967289
4211855475
243346699
2561320911
148348655
2526621622
4249888093
25861246
2493460771
4239450436
395851670
456375031
2921621367
14973943
3161675545
2515304899
3296032376
4246757368
4251343581
388167577
2791232478
30465447
624817036
15194283
4251077015
598727115
397726954
15902384
50607685
333277746
362141912
88883398
135314285
83199570
247878324
306990828
122088953
106103386
66493966
2776118111
4046875307
2906066068
319115147
4192691242
1895702071
23565597
2257019197
5274781
4235659209
1776592134
2282289361
244558125
148717248
42220670
15273628
223230566
222806773
44581532
2596330717
247930594
3231589226
203747330
184860566
103414729
229568214
622610477
242122280
2481500904
281375331
163073210
4122299901
4043230394
189181220
512859189
277120815
272332343
2189184300
724847268
208942001
69375260
542976519
48233868
257138335
4112822273
921099132
1067736678
1690211161
135376833
17010913
243503439
539208321
4322124679
330952848
2847335504
2845022667
702470197
770152178
2877980969
538812901
27253916
2647199200
2731034272
4297434672
3082056370
635163450
2686954021
64382285
101421259
468245241
19826427
3168026257
3853508307
947066828
921088200
2385150212
319676397
15947472
17154604
50405210
4217538614
733266030
387837854
57365879
104835662
3316626972
3858361454
3571896136
327715898
3181644176
1407356418
241375871
1672000668
2900795534
2852537881
4074414341
584500067
3239420852
1010725236
2705027390
4052112672
25918653
2868442567
2931690989
3388843095
22589697
410934565
18743817
447680994
802594831
256054326
882795672
267174592
76547867
52714853
2771118449
243141219
16983689
3024143588
4261409774
108239855
82705490
466504743
3050691788
22267095
2926636095
2680829456
68821082
492499843
2453662788
2317198872
2956462669
297222735
3586159394
25760075
119202099
623710760
26520277
468185937
566450712
1299086545
2853652580
230206769
2441112230
1477449812
870497971
83664813
985209912
314223235
4038155008
3233600245
205649235
3221638870
3678138016
15364214
67362941
1300230726
1098705835
2537773395
3261540464
2497213860
195409195
101519971
389159775
488178474
1072155565
2849145119
470911261
3226220594
262660244
1040943775
118158994
4313714364
260321705
2284861316
88861350
280555121
4161358449
426938374
2987883087
1017363367
4313384658
15074624
479538606
44198916
40426149
4136122055
15318226
93797449
1106065914
94116255
13490532
318291772
2718697340
154244190
1684187244
2881365647
132894158
334359029
707891283
490396770
2796442200
1053312403
1525166257
266629050
361819726
627544350
823580281
2253250891
1429700814
4134370936
101715748
2360884573
2938079233
3891900492
228384889
124399148
219722480
3618886515
2238852438
20676976
324910904
34579291
123648343
557685732
426931991
28471690
224242204
448186046
1834341222
136522815
1709128854
2315691576
362187551
2260274466
700617429
4055526921
2459304270
3433314586
3321153954
1358701490
1007391260
65139172
1216706874
1272960871
127260502
4251320594
4127270893
93553554
3187278980
49197278
3195292419
4203274047
3611948480
4183199298
16327265
3138336188
172202137
2156943993
3186803203
76300053
937486416
52756204
30936698
344718114
11776302
4307002214
226655938
415715499
4238450290
4238693127
227080595
4126619834
20155052
357637604
38863266
23524734
1145155015
2254316200
4105623798
3531973754
3274771412
426386233
81321306
3701727136
341325989
482367456
4305640933
143522123
116657252
3061349535
1332319784
468711774
194450674
436085343
459145597
421441037
432811212
90900171
2980255143
336427462
938808408
3806091673
2390213120
19516373
192528171
2967011969
3485276183
2217100076
83855416
4227617481
516863134
3832677741
949395210
446842168
2847129573
1313652878
3236236886
743380645
3355662298
146349805
384957771
544208855
47721686
48009090
273188222
21344795
256146221
2493861246
1375455800
3339038585
2613263564
380222149
4301492234
4235656522
4302265812
801962779
21155531
3091358099
6321752
306413378
261234333
127873840
1040893134
4077443607
1890128876
243541969
4234939515
27360828
3103163942
3627897558
853961407
740090864
292749312
4135985841
114744695
183352671
300392550
50577116
436381980
177204785
2490603676
2817242293
1605809366
543036224
3076152293
15170791
15735283
55074948
37641735
2773392734
260152231
1120540368
2358166628
322397682
100733333
4233174868
2935778011
167318951
4282988472
202745778
2560811274
266143917
4229702543
713972431
84553710
258725866
3407153891
63926268
3198968705
2912391128
4217968973
414559058
19745066
3314597361
4208912112
4031177358
4163784802
183311869
58133259
4144193294
4279868532
850290132
2181830095
355009966
2853459015
2855901260
137287507
1000901461
284619991
400553737
119809534
1090171548
56090158
79833479
1265153311
4125432380
231481671
16687502
3458130736
2795799205
40919788
41474700
2745957471
157632766
4290600259
381702977
2167023372
2326409516
120635591
253787131
1085513786
3037740583
3027349048
104245100
189853632
284803579
154592003
2950311919
4148774273
1654469173
812278616
34907260
585890374
2464039190
3155423015
209823501
813148135
1847432659
3057628828
254158502
181143467
2693179796
565542734
380452394
162921223
3051097582
4212725489
1572801
4292737220
894922327
3230406109
834703044
4291500252
4227882509
21942071
32528450
48301959
14544581
116420832
551282853
316583088
172049810
130447367
160534351
136110322
20498561
575687325
180423729
200455746
3091275909
14839184
370305832
3934738817
1688283284
73932345
168732187
83306949
1690301856
23832433
1148688416
155567139
305121849
537781114
909731462
41815307
74615871
1945710750
4222529661
635564343
1377274862
1084339538
168789361
131592702
17113900
266112193
182165178
104629847
37654299
2403154230
37574433
147386182
499981019
169953670
332216685
22168325
2855729256
36066411
3768048138
17449993
181904696
616100258
287297592
358506497
2810872593
3412456065
770886698
2996675495
3312747555
35799618
18447670
2441899425
1606115269
3020037081
590052618
42110272
2726014783
481780993
824362220
231765614
20967419
361040115
526733866
47726383
33466666
3345762833
154681639
1515441289
54494817
165291075
369357185
1775134478
41194287
79297619
4187753472
21471363
2690572028
1241787876
14791513
3104719574
1021261374
4282412780
259006466
1578299592
185671525
4123065373
2186540982
4184121269
495186150
21177638
198775358
2365891382
288276295
48514926
110334111
108425349
15248178
113816157
1461896744
59009200
2400047502
449072482
254779191
4204858092
128111633
4284821414
51898675
3288978858
179020075
413810311
2198226767
17541946
3613977737
4222172961
175930154
4283629932
731215279
18489929
190464455
24287541
14111224
4221543778
4202184797
331131131
574146946
256694337
51390679
3298353294
1643354503
458069102
106227024
25549396
2786451838
399867926
223604018
2949124657
607616493
138751425
3626037388
1315486262
1154224219
209104192
925545740
4221162443
4097571492
4183591307
278234554
365090855
4282856832
585761002
257193428
2849901284
1461285726
195457778
94297499
110234302
3260158111
1172744293
20733140
701424756
2499710664
27924326
24855955
3257001722
38983671
4218927509
3289976307
82412964
31374577
458960218
105558451
298286216
300497206
1162243321
61076010
3118406154
3667085128
23179034
2634395982
2847566575
343167392
2711345737
230285047
91938425
457809529
256407419
3913764973
3003666943
1141286209
4219423095
2948844587
3248932904
4131689599
3397237463
2755140277
319107801
363032663
1480642399
244573572
79099275
31714472
3366748607
64362725
187135191
2429102839
2424165873
624790600
2720169364
4202472161
413882168
227615500
69316879
2868039552
2905127417
73556945
4170393077
424910714
2525883449
2512839339
4218166000
1857700790
245714931
2423020483
4218103888
59388320
152626520
313378667
404810306
1159965660
3023117896
3070654985
51188389
1134794023
28063889
263421969
66991621
2705919482
1080206910
2499928634
4278124399
166987563
498019492
2615181228
233107255
2777988955
60829863
1698935592
352925412
4194863068
4269352812
4274543234
3177895050
1270562456
10230432
2315732910
415959537
4219839566
4276223533
54539814
879996806
2821781145
4268635880
18612586
1869592651
194640008
3898969940
105050730
66645973
2856166273
3190967892
318309391
76052202
67505964
4024346472
15855042
3291730767
102409370
1225527996
327906191
2360101586
1534143860
225208915
14351725
328828712
197596644
3424369911
3329867633
244376658
106873605
456281728
154231795
3082365163
3245678634
4065079334
200900028
53869312
19646690
2678801214
191438383
131056750
36500040
3392217988
47854419
450471367
154317676
472514517
58540617
766097720
3285761599
1625515771
4225861286
3287332364
376515225
4077935362
23491584
2433814203
385936450
463354689
1142789329
366781281
1951398908
336740374
2319396512
1359665598
2862918963
485937849
3519462567
3102759982
3453834869
1551441914
22564085
585756067
3265585561
184699321
4212345100
44745290
2932252448
46872851
260637153
2379396853
4209211463
2718104766
3007307846
87024309
157011960
4119812657
4255400534
22666780
2478887732
226301956
159124034
161142592
1511958776
825359329
874238840
4209421276
2296535094
300389768
3083060541
3128519048
22355390
2736467034
1305000740
100204299
280764168
1158654864
2382639097
536177285
3250794648
246444090
3361431629
547773380
2814637142
4210153095
3785444353
1497965624
522985510
4084973232
86899465
198784005
3905456485
16908349
1496757799
3921525880
850808400
29094306
739230932
24537638
4125690075
4267015880
30149881
4267685174
1611683084
3101523500
14061227
3240534297
1366848901
980066478
317616902
1367742038
2293328822
3241085394
188550787
1452256074
166960785
67958522
3242289259
28039194
3387157453
230197661
233460782
3268550708
149321497
4097330416
45953067
1343305831
467637227
2365399641
3454281193
233452583
74325869
893816473
464952595
288450906
15110763
40933101
1026637946
3398696481
3033319070
4170966725
81755366
4246343066
3240287292
168592726
3363320608
216368853
4092658845
591153
32184530
14851798
2828542968
192675487
3427626018
134380287
267760351
20537236
158990705
1679183664
52723231
1860570686
626905314
4152941778
4235489239
248462572
51424292
165781935
3092352293
577779312
988792112
3914850194
630594016
206856729
3121291713
22749499
61054904
32392758
44534860
4181121923
1578870486
3387178179
237821863
325584880
22819880
3423818872
3807926599
2287140193
550377954
99419341
177730395
31313255
334466665
4256695638
338696024
3069030545
42713325
2737785733
1161019022
4255847414
1080027487
3790429889
16856414
223086445
805824948
2689343634
115534593
61592071
199665338
1965199548
1549038230
23424367
1060657302
4174416909
4202076045
253371550
19264467
4197401260
98932503
3315422566
168056433
3859553352
743462569
62327098
4254257712
1915467342
4256554814
4201095135
582173557
239002668
843219998
517954396
997806584
4171990883
617522164
250088744
2449693290
3258919759
70956852
4134406332
1010105760
4040818528
2840975600
4184185516
25989388
57682168
99521348
213439145
373439786
1412505680
3606147014
123877800
4187522054
2333978630
4091453297
347586512
3372995654
3164607607
186578329
136677077
1464481237
396395445
218109318
121196051
1453628898
120478033
26427763
21207609
18826275
3239596260
4196964801
71962646
32875410
2200561586
144376453
3181119563
175323295
101400800
43095735
3130972679
1522041115
4157985615
111887961
2722008668
105976999
3146453877
177430624
89946105
453338608
2790935482
404058607
721148982
3663072449
2890041212
393253665
25874424
2787872974
245594904
2874129768
1544041884
2896848237
347897446
2474532349
474819389
50384077
343336336
1372291627
2178496195
2945198668
15079731
4193594361
249519218
2786111786
16376671
508301483
4247543126
4218789072
3889353449
3537691458
174609758
1380250812
346882714
2958973129
2952646794
4163073140
23047642
4194939526
496044343
1070725699
2880492399
4238565432
247189277
377955708
2535965892
4136329692
3012902905
1303051022
4180767880
2470738140
254271920
1852071450
2279285912
53156157
2726479172
48315281
937311272
3300472641
18307366
17793370
4192935627
332283506
4193457615
2430273228
2968161886
2981728395
521902840
3455693474
3310464931
2300104819
1003046185
4197890172
12021482
417736062
109184852
4192509628
1592498324
1527596251
1948935919
609671562
1279753190
197962949
3657315077
884519196
1360652106
1719728774
730625282
4242173773
4138230485
364157306
601124935
3518811792
2481270132
91438797
1447999340
2973598041
714919244
322992910
1478492256
1573578763
25672762
64600836
1181264155
4173431368
4116807317
2686614775
69419213
626119643
846716964
3175376429
2362110900
2392056252
1584272815
93667607
400112944
917733559
214644918
211053258
258509484
4166040856
66739140
80510984
1972665498
157433296
96960599
3098406385
1474369489
452688513
26877139
553853159
2335988360
901740961
4181065809
1196303610
4132217113
2790112971
155665434
58214171
2710021092
4206106814
2849199095
4188276310
30161665
14637709
2784876526
3825825075
393855633
3727729693
2374316474
107209408
3367835170
4188215506
364121511
44630209
1462923528
292882312
2559546793
242203269
201805157
2723780158
66202612
3228568157
4233876018
290483687
88276106
2938975721
2869317862
855173839
96301200
74029901
107186050
3003254811
617701344
1291647056
379559292
265552239
3148812051
4158255791
499217017
4175381541
2510590838
3465836476
16530685
4186569737
3766105157
1296884971
19204177
3326173639
3277664467
52265201
36545938
7826672
301211041
17813524
547383613
48581107
177230738
252205519
271541401
176377634
248787132
3866934434
35839474
366161098
86056933
44460958
3222142249
16351122
104074061
103417389
2922708620
3389465417
2345054621
3884155459
87322184
182440063
21841580
111755829
18367902
302090701
4180398262
172490947
2417972052
439710498
248875753
2936229236
48383867
3287186636
55926182
2791030796
343904597
2810535833
90264643
2412746522
26523781
383978321
20781877
250310260
272966707
367804502
90009112
23965663
26039750
4168106713
3385594264
2291645958
91678152
4181183213
3141481661
38190277
41642184
3675948195
4181056541
3072736689
4226089512
3399710074
1912039406
3120784253
4224376452
69542320
101363537
108724736
18356377
16989565
18409257
2296947978
3252821585
2839035053
422299820
33132690
94687477
2613979752
3128759753
4069328573
2767091476
379968487
3098137308
4121096434
3151191197
367712211
2403328177
432786386
872034338
81684547
4151491234
37142272
154954737
4223400379
3324697467
95035007
2370397338
2229694458
21268237
3293314827
4103689283
36124625
14967711
2858599450
3980009652
16193
3423752654
104439088
3022762082
4212090132
1554302510
3019769595
3652382293
2879841961
351563155
4151055796
24494951
2874943486
53912588
22007397
605455047
140398729
3306017530
4059611300
1196844678
3181926302
4127320941
102012493
493990406
263212855
114215182
336413408
16433069
53397934
4205238614
17185672
4176885495
4220370198
545449782
346904414
491754156
3558773534
22925035
262859003
370706076
1170205112
60954498
3885725839
495252804
4051584509
146912591
275227815
532236013
565957123
29572029
2385655795
4218469459
1158578420
24289299
13551722
1647486140
190007119
4175291823
385820180
1151974634
7257082
294611647
2148027836
3405979894
288359633
3664449797
2573757564
34498285
1247961025
262787034
337485924
57181954
525259718
390345133
2213791627
726081114
1395848202
3421282749
2500417872
288279570
371641100
4179803473
3368682022
2835433421
83916944
3373498099
3436295824
2640972742
3248116077
329084850
1645290487
32026169
4142668594
33274458
2247066530
20763177
28984492
4215974952
2923169160
4076678056
2567761721
113413115
451676929
72199436
1975267687
144774665
180304322
15004870
2788401793
157624585
1024713156
2299763410
83766688
705673217
7074962
3303037258
232874943
3377783953
4128519719
103900610
4001551996
188346885
22833754
3317329437
20049844
2592696576
3288900564
416641532
938735828
137889090
1156198766
4186413133
314392198
4214089452
1924571802
2681254726
3401957476
4180886293
118487438
85285293
240455315
334416175
3263003660
3989257821
140764387
305548780
729908984
2222149633
2640403140
312947609
4067701035
18618490
180472556
118759440
2409710870
2407140313
209378596
3910888040
4170295695
15689742
454288963
3949675403
466410228
183138639
863522348
4210863432
501755395
3017475237
1260459781
383969560
4166538033
3031087497
56864112
3303182922
4118106441
3314371723
812019506
15996380
405732889
23055881
3311891014
790131782
289319698
752906270
181003202
153499955
4135920377
284206441
3186642948
27883006
486962087
98745245
1613489894
144192031
95308493
280105702
3577856238
3956035457
2338920234
4151406987
55205347
2180672076
17251550
92349252
74892430
2844287787
3379786823
4092519255
3987355385
387374758
1024543123
2370126406
213266859
3364981049
483329851
231845623
111281050
2495602165
37809765
392993558
3119377323
4205242158
4165334836
1226855023
745452252
83258737
484398983
286613290
434241688
3736047614
130618501
2731698646
1350645241
554725018
31303147
1668903781
4164595110
1853574397
16112575
424829795
4144587313
11941322
242863806
3961551020
597881908
2721325928
2477419430
4083470412
43086198
214803996
4156307273
1262274146
2429278393
162131404
4031274911
24189607
440590840
390059796
63772688
143617684
2880781551
259255951
4202416992
433376853
1068984866
4175005514
2911422628
4189255574
628228588
830911591
3318088753
2389279219
3900072802
25189612
442399867
2693744887
4019126470
3229988247
4188618194
14314823
2932631182
2824919736
173593572
130158666
2147567872
554187085
3297078668
2752554494
20130460
385321945
37714767
2842494933
4080773664
297226079
571504602
86910341
2951801371
23508548
127431910
2890576026
557551077
244117712
411722602
4187923699
385318535
100168364
855231997
3221099750
2811523298
258488308
595483313
4137668116
2476847899
3494909138
4192097952
258290073
2352302384
2314290355
1277172908
101808408
3538358113
1040949938
2318074357
97700707
3292295511
82700562
3338286663
4060641853
2259125179
531922825
449923810
2314631482
3397757301
4159901002
3682380852
126624753
15486099
2831775995
1038151705
210523178
802581810
4159498875
277363709
2845327682
4020901574
2770090088
2246877311
138460117
79215892
3415836988
62845264
4069156577
2608802648
501581808
38347480
89846728
2960655706
2906163408
3300308304
555190391
125541281
3367733957
4121429361
459191619
19624782
4158405772
23211353
3281972893
1552847312
4112668281
15344290
1458323448
3235427725
465804375
252830082
38033543
3004108061
4182763398
778981460
276517408
2882449543
329429498
2329749150
2903578941
50956259
32648542
2347221564
588975200
2945890505
334063540
2921608624
33887788
22421634
47681852
4156836754
768236947
384947107
703724811
2294957636
3299281084
2696243216
3720936492
471766301
2998760479
245164681
335863379
4121197143
625535568
3427768822
361744376
72619993
392635855
4188524720
47895756
64002751
324807712
2233488682
3493208601
3313918855
3010303351
42678285
3011025324
4186839793
1906712989
1116295242
72170465
2832611612
3027404141
4127508933
3926081494
1221728256
874245710
23982344
4123977255
105297754
126975208
2461313598
3280804968
2271346188
629798653
3154432955
438446121
4037377041
404509793
20173706
3308625127
4120409183
22122289
3988002191
1348155342
16821517
4079724965
3807557293
2224022797
2811339710
1473578503
631191947
481373757
26745692
616387787
57584816
444980780
2173315786
73902656
3131570645
366658308
342249526
2849199527
306958971
231535628
4151395101
3983697312
280961215
297335087
1021626781
4149823158
411762625
3226437103
130266917
3315892918
6349322
1198484154
4150984214
220546132
3040188482
3193469254
24908680
4142129601
758985552
1963144418
284737750
1474340486
322447706
48632986
3749134512
4105042642
3593875575
24048368
50179121
3167667205
2465933707
389827852
3698187568
4050232547
1709243208
3992933305
73549993
3255399210
4149039299
60905126
4007660953
316326972
1546172478
1328179496
440419725
4070485994
4116594640
69023352
51692941
1355112600
2971426855
2195198895
3349361969
156865085
215041358
3907803335
2593964641
108797641
44697846
2199948542
284959483
2394198319
4149224055
190912549
2328477878
2336487402
4045800376
92727154
3329572851
296200076
2741865750
842755051
3195936602
3901043060
3345657089
137306828
2241889711
3231899172
2570282483
380244433
3999651012
189899350
1432888572
306980265
3384687898
2524429639
3087350095
474718749
2175551172
1370443994
212543748
14735426
381899263
17641613
127140194
4165836553
80721602
571430623
1537637995
2995080628
3977523851
95376198
164941000
601041173
259275157
1548379478
2931351821
4151568492
3343369559
2606656662
1003148929
435510463
1342338068
4144600589
3164480000
713715247
590108350
912848054
90456887
73426933
2461728439
303184518
3754635321
554814642
1605591301
3951498497
1623922800
3986912113
628347534
4137831634
3982698389
2842511744
4144635935
2926157408
1955725801
829051092
4126881435
2884922173
213804467
342476651
9898392
2347547042
172016416
1635441896
4025674144
3020389103
499741346
567522960
1960524380
3538854503
184124485
14742621
15310574
347165538
4143504453
2984757440
3084520047
3394159895
3325162120
43471050
4170210012
4099942695
253970191
1367345114
2821431645
240792106
187240774
1333430874
20781142
2852832709
3433053515
1873832821
78960792
115637932
482202819
1566998184
236758728
61788184
109770271
161995648
25471701
481804924
3090295294
3964595538
123358889
403560305
945716880
3028468047
104613882
2924005131
2871960451
375740118
160908857
4141426925
27588693
582308178
1922982428
89661541
2863601719
4141189595
284620078
3300631829
173380446
2247087493
1072660489
2961113609
62909709
2906425213
302174681
85279970
311867645
1926301381
2845060916
409001727
784087164
75819486
3030193456
33758071
3315754839
455497411
858486488
4136544257
2903370890
4048154873
4029780795
4100699242
4128180914
3854117127
4141213633
233358586
4083865753
2152995007
2451566672
2732447684
397081179
73172278
88728693
353701841
3527215699
717627786
1631274499
2218024476
332591618
3107579121
130786817
200810429
64937323
2541552134
4156731732
187749127
4137501700
275158413
3778692749
2289898860
4151189894
3230390266
3876707114
2324828978
3823701373
252013741
272170968
3031621530
3321340058
353875367
3829671436
3037563419
2412753450
702973145
14388879
3196208189
968266796
99124536
16340816
373929020
395447715
2735441776
388262289
525430191
2382287083
4078263622
2400996648
147950925
67717582
1083447157
153173037
3316376325
179970874
2792634298
4134786857
142075840
17291364
223075936
112017207
2767030509
941750498
237697830
151951446
990836233
3835989268
3588102382
234355288
2223031334
874509288
18586313
4156812498
1459081562
838440584
3617717543
11043842
1639732561
2201541023
3880513453
637274128
431870459
249341360
287743077
88492172
2428560642
3156760810
4155276078
61289271
3310186980
196086191
543509888
31372154
3873354253
785021640
35337651
601816599
11822792
1483989535
3230025703
511416848
2711380999
550967850
483306079
4103172435
779330060
357948788
2271648666
2843973856
558044125
382060442
2926260967
795127020
158688906
60474932
2996145813
301890186
3406320604
1264763330
453186743
155828509
121845960
784479985
1890900560
566509930
19575161
14625335
1317839996
3433861431
120205525
55259479
628771611
22159407
3668390236
4131005179
548548968
862185511
3427934368
1950096536
743746020
4108701320
356421127
3438767723
1174992410
264626517
41410431
3090384389
18214132
1447238353
4069905612
54084949
1434435343
28042387
461810512
3887993836
3538143555
2185830892
87654128
2449917016
3007353571
2675314087
23661306
85606704
170527289
109672815
1225074074
27316127
611758567
289727547
2925945631
935277950
160025051
549235724
3961344142
849801656
103793751
4125858195
90007722
951275761
330170695
4145351953
465618900
880777592
2801256624
1146259915
1751981
2322646222
146546830
2894464943
399219396
2360463809
545942122
2377147381
4119730152
1587817891
2375995950
148680096
84832530
2644751778
3993458354
2453209479
293096231
3296877638
401530428
933334548
3896383644
2290743510
355230965
4114242794
2501683297
44624559
113338029
168584715
3045120332
2470262923
1366272240
2935829759
2448031358
2972276050
25946501
3264187320
46913359
174178933
2535484284
420005845
14336927
119951766
4108467133
92725935
17278355
3900510455
2387298296
4090577553
24176730
2946589299
166025970
35193103
3270597577
24978546
3329058146
405146528
2544867894
17670399
213133459
227666026
1267947589
42306343
3907621223
211180562
3161659184
3220504814
2257360085
53326286
2914668106
535251002
3894334932
3015378369
216009700
4121499682
244141758
2325280441
53962351
37301102
150421816
629437238
3018364888
9014352
1034475871
2167622635
356700134
320253988
45214360
532737374
123373694
942309854
19505978
173636188
73268863
4116801917
3306561207
3024100736
3186655302
71408737
4058836329
628770261
219138731
4026274816
4120371736
2263223802
738734222
764837329
4120199519
4136238072
2437159957
2425644201
4120159475
2461218503
107984558
3928833376
3317513174
833007656
531761492
221811650
4119675437
3704582592
4115657361
110851426
136669094
15555648
3043144816
2842255558
387147664
270445165
742532149
20723318
3321038574
2975460851
128384124
222904607
382081767
42821855
286601943
618894976
248228371
2816753947
4114134034
4009437166
1356943064
85787447
14492606
210695187
30456685
71560920
2308316838
2180631152
125945406
4115471819
84926421
107557446
4117288576
3798259932
2838303644
98692347
75021673
4131203538
11619672
2610495206
78951813
3160614620
2863726057
249977037
4130904914
80477368
3185531628
1679922566
513797431
47722140
198908471
311432193
945293000
48641403
4111241697
39355784
76657442
2485631234
50763420
35423727
3179568290
30050228
67032353
2158118143
724566408
2932922569
790240224
20617639
2192583721
159113152
30861400
702865546
296971399
3888343213
626125188
3587589094
367248067
192785139
1915144968
4104001006
66473781
35030969
172886739
16712085
4126316420
4076721333
4114396012
450332137
24926625
4113443116
223045908
1163719400
3426608416
155644822
819612066
468792199
3278435756
1008443683
247059689
2744080928
228784537
4104819082
2813541475
1424092304
21824092
2773448554
4113159771
4112292370
361429541
2233249289
4091918309
94888340
499012231
4125122172
4112930361
2416308480
3252932232
3645881
172104270
166364244
2818573757
4112036608
1865164970
2709550076
20191614
4059971524
2540965404
3840723813
3999594952
936449455
148613313
1926725329
1326682381
488870645
81312097
67199657
4105596928
4088328826
382014362
2359444160
3233132937
491016553
607581034
2313712411
41110673
408006221
4038183682
16040396
4021370122
3194688624
152853632
40426497
3298160378
4116363018
481531647
720963528
19135527
4085763012
334416357
2882190713
3743878711
605351016
3969094354
27356148
2221858790
3937709774
478138669
29294354
22112932
2365030692
625916337
111435894
3004619712
3402186886
151354870
3276925484
111984409
4054661117
10347202
2372012150
4118771294
417497860
358464805
2288560770
453328630
2706322670
58035882
430334180
3718037532
2268241285
52078414
2743540144
3983467573
560351259
547967952
2468114136
378895922
62111674
2418928542
2976692721
4107482608
124862329
2814445348
112411032
300130299
1069076066
51165777
2586737079
214638878
249124006
2533736186
362127410
2396873017
128105318
4092987509
3352085625
4094173636
112031325
1922598258
486442735
3816571167
84408973
1276476374
19493800
3676628175
3848291241
178811971
4107010697
3130191600
1241026712
1901148408
19001036
34322702
2502674014
128155671
104604278
964198008
4106444961
2990535173
2850733060
280340026
173039788
265512023
138863006
100568304
134608553
427699912
2837312895
132510261
16661417
338216937
15996205
3377569990
3762548953
144800189
64749296
765942038
250799671
4024662443
26574724
459334939
4101001755
2387408716
3391012252
3296783760
13784272
82365117
38282054
936235920
18883596
3511021992
23371527
2219224448
241985376
421991361
371740834
294098177
131456059
337213424
549087690
3457452072
168651115
322793983
1686752125
83500955
15890517
3290755736
4098996922
3660707179
490703306
16178723
4067218731
448030236
566712923
83188373
41940854
3160055346
2656213423
4070251692
3886349473
3965971453
190688004
4109579053
14716948
179125042
3848357536
61820217
480096788
253625282
90947022
373462615
306496657
304839147
3289270886
3626691735
3300342136
282615644
330783873
2699346975
256322773
3237234695
68563382
4101308087
62419282
198021051
3919825575
3664559177
985490179
138464179
1862273425
1320838136
42659276
322519656
4076588474
308534014
354248824
4100578169
4096919963
3405344722
531659589
262118589
3226617376
23121007
1694221580
3282679045
3239598681
589559798
35522021
131314653
4105599614
69096525
2284037941
2824882319
36417542
3025266621
229758827
3902135843
78723500
3214881025
4105069272
3281627058
297779458
295304841
4076652323
378214097
1657834442
185339803
213761948
3794800095
185294057
2459158269
200726707
928734174
621080344
3815420135
4058656032
318043753
127349532
3770772799
15737339
753026166
4103955372
3276188322
69389682
2416886684
3267785286
291661544
4065063886
849083288
14305851
2235783896
1362216818
356630041
243983450
352851886
52558258
2445472041
3467276293
3958346619
250597361
2892515203
495699194
188392485
496673398
220502904
296960050
57950349
4056074594
2389495702
3872100375
884926033
4097895556
4102486392
279039072
4097275877
229234508
2258305856
420443902
4102383925
97878566
17041746
326098800
4096386381
2720141061
2148502228
350473993
369361586
4096323437
53342341
183939487
3855946452
15220930
820861292
481392249
370651807
246308747
2327848684
18406335
2585907822
2514051321
3938697916
3857589088
35422507
923380590
627463481
315137774
4098329354
773730397
4063060814
422309798
22497819
4091282553
2971331787
2581035604
4093745893
3317006754
192633425
19949649
117939708
264351708
40350530
508166004
3938328921
406591415
2832896210
2852499365
3863806703
45969468
202416219
396431800
4093046043
366076402
3401353635
1550253078
230056266
433298358
164665833
2201061253
461914976
4079102523
2568115208
80797101
234076858
241153238
243234335
2666269764
359136956
290828815
309491911
253280427
4039903336
2610035320
17293418
615735423
378498046
1975195116
606223792
341876667
1483649652
543870384
12767272
14055511
4056984280
188731329
2905902638
3166074313
2730403345
4091242954
14308692
104463489
2188539061
337327776
47136974
1416899448
55586300
2282844404
2995453574
298953344
395519475
4090655721
398378873
4039422377
16655636
2975125901
2286232425
4092310393
3376406403
432636937
3433013069
207060806
377948217
214582212
41695516
3286679090
1105203308
3631794557
166584001
377509686
553956642
4069045936
3150208545
16024888
197286605
417822495
18837744
1338269929
2371275464
1865447449
220485547
2270881405
461492910
4089148185
3023133926
159058354
360150323
2840346203
153680363
4077155535
138096290
286357606
401297698
47305067
3006112275
4074783797
45855394
140001387
2944404607
26258443
2509477285
2755384529
336441184
3998021115
4050353655
2994651051
3760794316
238677237
221899444
78687973
168240596
4039371673
3226513841
1515153356
304903258
2980785290
14661642
49109176
24265411
4072123878
19058126
16555572
195775922
954870451
38967522
3904650686
3293780287
1656508934
233015503
101449788
4085714213
4074318618
4005070252
2327895985
2689855502
17444710
1244340722
4015228996
950007842
3387206577
3024538329
252663488
779439068
1625635129
2161729195
4039372214
4071061113
608376870
2942225780
3040997073
357785071
371455134
384471208
18225441
2445853964
2795513499
449995030
203114576
45229228
2575049651
90066796
2825873552
56349981
789696260
3098200898
378030934
215693230
101206764
2851093228
555941979
1417597164
14357494
3297246202
223157786
310180509
3320094029
3153273883
120785440
16898689
67423523
395422117
57998357
367916243
299550561
605955330
59583875
4081878455
1052961030
3690337278
1952793721
4076941338
2361479065
2473977317
325449533
2312416075
2493021761
1434680798
2361479408
2528820924
4079964982
2227470176
610052620
1700334943
24117203
107461752
1898574084
109278112
4058033535
630243990
23746232
1460337038
473195929
543762417
267266256
4043318652
586978399
3137024669
1269959473
22858351
97403380
389373194
29882697
4067407334
38532489
1036730786
162376820
2291103216
569698323
3856763416
110547928
21736363
3802807573
4073720404
4072568953
250172998
3087585460
731344855
1658812819
612638130
344307765
114046798
3158513203
415904131
3863077161
2956379646
850712400
80252418
200050474
3260679566
73486040
3587489412
396846489
3364884831
2874154393
366082503
502067942
4070536513
2939127232
3383048001
95308389
2456033460
39286261
4569381
16845091
2494327626
208334819
164026153
3668674753
2333520582
1409600785
2986936542
94632310
2938118098
4020407540
11725192
3304087154
118654256
3290051788
36654196
479090555
2527031041
2855762940
424387544
99784145
19185890
535523851
1901925889
1360608306
3007990620
3847702221
76752815
140477924
4074129687
444522203
243531363
1636410109
332797696
3223494589
2314748540
4023165617
1320095102
2561975403
146086766
3145599835
39470037
183691559
36060506
4060240453
3347615193
2858064168
1289093706
976739485
24408242
2148643762
196553981
348837052
47178585
52506714
25225555
297975078
62750795
829299235
30425452
18925527
278765812
441443024
53580750
83950763
4064101522
2988571521
441804975
22747599
1648289599
451618864
170737602
962912352
1140321150
49234985
3819443592
19224962
588146459
3402315010
3997005328
3011385643
119258721
114187169
2490442740
143569601
1416426265
317886673
119784462
16325621
12831202
4070349195
37710754
176892964
136050829
4033715784
1643848454
4065076197
246550692
2994659135
248466185
298925972
238617699
54367266
157421270
4026018209
4055058971
3272286752
365360790
551509091
17052656
3391985295
4069022235
19933134
846390996
24856753
187219064
1686380023
2375506245
3384231927
4027072753
225756962
3135988822
22581658
4058889372
2373074327
2426853411
1596570943
2447497297
414703643
3986602872
171885992
498113489
1493038836
39661496
808948332
1592512808
147781626
716420341
3066509199
4041802048
4068255735
2322539054
296266111
309545155
2303690538
71070228
533694487
4049094081
4057882332
155173031
3805648756
3491995280
446766269
4010605392
4066861035
137714928
1126073802
20994316
99304434
3490303758
4026328634
1035810810
107334872
87170596
4042206012
544168987
1527139327
42019944
3041566552
2437571359
3969699015
58888301
237462858
2613232016
3159566912
204419783
2266923109
3634491016
2376978697
153810002
55196169
1493310805
849832458
3413586973
14947792
122115317
18641433
481638799
314343734
25731667
95045070
344711271
4012122376
191949562
3259452794
567281967
2242660262
15088728
48808957
113127029
63485371
2890646468
3241123238
1029349044
408684879
274940533
69436133
1659514488
3297976824
3052996057
3731075129
3130998659
135980491
4063124542
17818730
3348072675
2911285698
2312979345
430665494
3997789829
55629468
4063099174
140222367
150153408
3302059732
1851655128
4008003617
3010429303
3295755674
2613546865
1198691570
4021864274
3013669817
3910103074
14719565
2709831360
179445971
313379151
2475600926
209269110
93390758
2860328211
3303483313
2155396284
240929590
4040550640
2245581006
799093722
42210723
2781841765
2893100925
469223969
311891646
3172152989
59696193
2274726127
238501031
1616378419
16704136
41068024
2431761452
430058167
3653984414
255578704
254240050
150991819
3076077398
39247200
4059904397
1389162354
1890699740
20661080
243212539
4009346361
71466283
4044220100
3247449923
338002118
3956314216
2370974492
324640545
2609346157
1228780220
4003594767
2150229326
2264684352
560712558
2406928524
3445036573
34004672
104600580
126112522
64366027
1372522764
4056754275
161813635
16596495
2928171314
4027953013
493537409
107960788
3432426160
17756071
3192649103
39439513
1581648769
27290986
194131516
4013063952
1366028750
314121316
2702131442
81231195
552362650
335793929
334295293
159958943
134619328
3298753276
3316181549
4033228213
1475274349
435707551
473284812
311041692
132380580
2683448510
636563950
18083747
960623455
1726779224
2560802086
2375137004
154480313
539957875
4047575829
2507392640
340252929
627563978
29085908
330516054
2379226615
213181421
2598001729
41474206
766528818
16482279
3129557727
4039015993
71043753
2725180838
4055750200
406620122
448582696
3438089692
3428351854
3141888110
749232596
3226507080
2325296098
3623188420
39771998
3154290979
1071860040
135857306
36944362
26995226
4033404432
9415472
336786373
3839488160
3341745974
4052988819
13989102
2896003029
20168574
551217116
2614424317
18129960
99718986
26724156
3434885177
2811476190
3826583841
45073026
28416970
3388211533
3872816009
3107000018
147647116
3228375409
404939913
2550690672
4035077120
2331978781
2296885388
4035644352
445418172
23395727
186011577
1123837188
3351353074
2388831242
1286977951
634054460
2695802726
80208522
181181445
201432428
3306862941
4045652457
2590131696
360110551
34936294
2580033210
46545191
144155894
241931975
4032632077
4032552972
444169154
55985708
184163906
623242793
458658692
2998788247
24546593
14347033
3316880214
66321424
62727642
1131028021
308229407
3974784493
170058472
3411232994
374875785
1365365046
84201401
467044826
435859679
4047158217
2945906147
4025398220
1248670364
2930488142
3987905116
70700067
3154848512
1576395354
152271146
616066580
1631695566
4027870098
2512956428
3111317200
16243082
20993115
375769227
38302808
22052388
2374364883
3380501337
3302184748
3264514424
988853850
4033266627
150555159
4049447920
4022802519
143762911
224176738
90729072
2978205460
311800171
2784209261
208478242
865226984
3991540887
3286654730
36059409
23840336
299639615
243902804
3919845195
211845508
225944096
252774021
3087393635
969021571
239930200
139930863
4048397998
2330621773
72750996
4047982701
38879473
2429494232
312184834
161441750
2988560350
4006193415
211798408
3031600264
34902752
2688198244
3998519176
2561473586
1723661563
600497512
394519664
124396662
247513474
3268547142
4018554920
836750906
3893466492
188957332
72719500
39663911
594294600
154941890
703367593
3945160515
14847510
2370545858
26298735
495203459
15877477
210684204
95958378
33964002
20733274
8668842
4024559238
529123981
2611508214
623229970
925281504
278653507
704588858
1338497700
4011659725
3628724119
715155217
28504323
114601775
215429243
64631546
306417648
3084810817
2895063292
629217006
2836296023
278346157
488875549
3988649840
150608924
410599139
328731983
567880026
192117486
189084704
596476309
129304409
2558860188
8826632
3129011971
128127109
4020190061
342219938
476253438
3602784679
42035728
387404514
33086779
497477667
501977299
4042960755
27819195
3884823640
1549221276
75492199
144887309
4043100616
2930969289
146810999
435462402
2169074900
332606339
3010831295
74667242
84686307
3225569392
34045333
378962509
1359414986
211158712
115579041
80125515
4017485472
127364248
3908693535
1129942818
98145691
2883237245
3668310809
169775871
323653499
42273562
3856369653
374469449
977986249
1387665487
262076504
3885186315
3072434392
4040788061
162354872
285415497
382480930
274069376
2858871237
88673572
294697672
1189045585
38583938
3782423308
11465972
3304348502
2260967448
332665749
219512330
4039805847
3988565807
320802553
20717700
208137046
999214854
3966600740
72373781
895537808
2178805018
204576047
389886211
168267688
1564255831
2165492684
253686866
376165222
3359143499
27474217
4038732616
720829352
3348832816
768360037
3842556263
81850939
1384449493
38661669
427527556
482386953
2937207149
2611278852
4011492734
5549932
359848371
3103134787
134744098
60128840
3654493818
17475560
105908792
3030528416
70945488
3037761352
1694391937
2400402108
487686275
4036152574
3993030137
229227888
3710325732
124933713
3976546703
15350750
171491422
2895863665
960562104
168485840
4004063015
2436904426
4016751255
2590005168
875219983
1559386039
3646197797
191826040
3280307173
2732453810
15867213
36990090
3964879992
18778524
500809914
35393775
1438671978
3677752396
3108054423
526608725
2775148446
4003455792
2725230413
1640670859
3679662197
2327698579
1089280614
146436114
71680734
4033258354
730213758
68675070
3636424461
27970772
292051294
56623794
2320722474
2880210597
305838127
3224088819
2997104040
2280890584
2410055624
1271299472
188348183
4024044165
207175453
92865962
1597029073
2737543392
3316255072
2869650958
22218476
1571698556
42887575
112399689
296021474
3052022198
3987421340
64999300
2347440979
273620176
2375634338
110151122
814379173
86351784
160926691
1019808541
2626723840
3300390727
79299331
183615255
1126037929
356738547
3011999952
4024293622
3990649396
4028288367
542984753
1585991839
4017685095
3873186143
3947108427
3924458534
1594609045
3297948344
1323550068
1414063680
2458350398
25195582
3992980452
62324578
2863234221
3310221313
3201123454
297104293
80013794
812628890
9727512
25436737
307896079
375022829
45950207
4026020717
3220947421
77891991
2573483182
65724900
1411495146
3092630444
335271307
2291799782
3993603853
55837480
572681469
2430256728
16109529
30890308
593836330
12678942
509290804
421115473
1050823994
518027433
71674205
410381776
3307466072
298120665
3178428386
78859779
206904143
3977837118
2958660382
1961901163
200924316
3968525834
45028640
15589203
1212381446
387028214
1932169033
425394656
2468970162
110419288
114543737
2361382696
37654897
4022698847
3314500291
82452582
1504464468
232067829
2538340671
4024865123
3096703474
3722236527
3956432356
2367053055
133299096
366617210
321944681
3910709357
18669789
3406229232
2564096094
3408773547
72076018
15135477
388761942
3652986736
143571716
1585614415
207187452
46872502
40423191
3018418959
377483753
56173875
3610843036
61216275
19719067
509640043
372956858
82276627
2818868942
85180820
3634692863
465583269
559238795
3013122990
2694692695
3237216787
575616164
356268401
2782863090
3297624431
3940550441
1112915958
26884408
14206059
296027051
35920366
261898288
588403864
1444986944
3840397460
15396623
2995541877
403010016
708813
32986974
16689553
393806000
437061926
420063299
9988722
110813467
135962860
28729138
262178982
79475309
3755521041
3989622231
96321932
1323271350
190989183
312731923
2341818541
1952042810
719959427
4008517941
3845846238
479899724
2950336893
391447277
195773754
103105799
3220014823
3634855278
4017863361
1332216302
102291098
64764112
69445230
2485821852
4014985114
3974671993
119791528
330438715
355168784
182810872
155491060
24259795
3781671137
168935821
53490145
2898289433
285334472
1676639936
2232789110
20026478
829416012
2923420588
3657241692
963279086
135620522
85860761
2791279025
3390977980
4016011
3242144101
702801823
746954089
19893565
3480762673
28080958
2775946566
3943521139
110708758
736047456
3977352434
46355375
309365680
222452105
2992931584
844286288
467906525
3965694559
3965208920
489601970
3976348632
568127892
97054435
3267731635
94463974
3991151601
247454269
4013486362
76505194
3344029271
3262852243
2842693599
439653909
343581997
3087543424
2553120856
241670519
3391862115
4013071570
42895630
1094190564
3980759535
306378465
2585797972
3505372033
17819790
175688482
3256420692
551217152
280590671
624751696
3317917381
21353880
176292285
76112483
2984808764
598730981
136366838
3046517326
4011208540
2973833667
13075612
27532043
407915861
3053980066
1377965149
3131593625
4011560963
571963468
2533422038
2363749134
21609175
44574973
123944567
177676808
4010777243
142592715
4010093002
614357687
634780736
381293701
189610342
3288938001
2349091644
2466897540
345019068
1578467922
47368970
261138869
3891552819
2536063273
3961765826
2479872066
40597150
3963265738
1140091008
18165464
21095070
19743630
420714661
112025305
4009980689
2678822296
387588527
126171320
3987372141
3942288686
3671916554
3994364843
26514581
288718786
28733260
1678808084
2618410311
2234296496
3960523752
17437875
123245181
3934779615
2563321740
960183200
2754247028
3957101293
80291731
239523457
918920456
3907574412
4007872474
2963876451
423595212
224529849
18773549
3197668442
3939690923
393552061
3966081013
45341999
3860635092
2670618570
2865045141
2280398041
3989236239
43622608
136283523
24727024
29194213
3953563032
483295961
39137529
3690897615
3271130240
3963292098
46411111
19364180
3984716008
267925848
434509591
4004289587
3996979119
2458804808
3961844293
42668212
609145303
108155346
353940412
308625536
1683858613
152649461
3222188542
57747045
533135806
137660229
3646096275
42514002
128285896
303999501
3840411496
91400068
3961801392
4004492884
3956555472
48045152
3282739003
1619062310
60202088
2230377440
14394636
14083316
2979207160
232536485
93935425
82713557
23465996
4004021637
3853675634
606047104
352082624
42369729
2812996108
3824080473
49569011
867024848
350894853
3347433695
77180296
3863023994
1898428039
2739344534
191327797
186587947
895243729
65734178
35780448
1589917656
612000823
130280691
2332631990
1059012722
1290305424
3973219516
727034538
3060177476
27415050
30357415
3054383943
807313074
6033072
259963456
1708598869
44083575
55215113
3307333540
76918772
430792413
304055701
1610474846
224623348
101205194
43355462
2470592610
1498806264
2868611534
276958718
160608385
123866949
2855633270
474548023
47900096
3136230326
99587438
548170492
3568972940
26234457
3347443157
1396868894
1675031730
3954893473
3810321613
95499468
117579283
15743275
384106939
3332025879
1563211490
23773474
624093284
961447860
28777641
3290631560
3761723775
3804752232
34805622
3452584635
3284821573
109979977
143415435
127406567
225842242
195097623
829653258
3944197754
2569972764
981977119
1479078594
1466702754
2779019586
40865852
2231477561
264478528
534726166
379367263
3142987436
574728246
225694288
3947118686
15703496
159176926
101003693
2609397353
974093870
3868567932
24215535
3996616599
3950201712
3372882433
3428329911
3949526294
22285941
3071768784
1199656729
211619627
208238636
109160134
3064709519
367213557
3980539187
2228429402
769160994
103046526
3225851959
1574340043
250888947
64683060
1696818528
907428955
3165456890
421807458
2574450755
1147558416
712384939
3300281325
3311588234
3199913277
14184828
95503313
2419545482
3147557358
424161236
2207724211
126136037
73432103
226041181
445653310
2945721159
939943986
106349613
177027579
3957142642
76975368
2813186728
111965787
226616118
3006275550
3993776433
620178636
2649712922
3039428458
3945239600
1106198984
3802414578
140349075
113768438
3993380656
1157030502
2464473707
22615979
16135547
2870914395
16898588
489233481
2820049367
3653031492
69593561
1047149880
24234274
1031539170
3288891
2264923587
3394252049
2423268420
3339738694
48614705
1125513726
33978789
1169878082
3149715163
824344136
117757903
2910269451
2788576418
567120025
3347843938
3990898222
28021476
1716798691
32799728
106162157
1306385826
327760537
3300637152
496225479
14404713
344523592
3784780229
2322814604
239174039
3443247919
142352489
343311792
3989791349
365844158
89910543
109269971
793778329
55610171
2751466196
724445370
3951154713
3926103553
1236525739
234647793
2423547421
3872078592
2265215870
1268900942
14309549
3988842376
2878353468
2941406866
3922318691
2907207249
3316103059
18687776
274743748
3936583036
330436995
1435087927
360372365
3931338496
2359072800
78399626
3016178167
1723490136
26882729
41352096
50138610
14691445
84332830
126604382
3950835874
448676497
316754578
40464509
3696261197
1685670336
2976061816
574240770
3063292368
3987324845
118016191
166352179
67711966
78281643
14368492
44342957
3657308594
317602274
941345190
62369503
1890644167
774432955
914707160
473414966
25471906
31156087
2182695343
18638262
3259518674
257550307
63884321
3025050466
3086118004
52982690
3934147213
282417848
35214090
2151258224
1258773193
120970520
2820472824
18092636
15787539
124303878
52618623
16848362
3800271197
258883453
3764259793
112685064
546424976
2436395850
1470948672
16480644
74465873
2323087638
3299526661
3983782666
32310279
2972026942
17862998
16716024
3930055880
2695620521
17141167
2274019326
410373308
231194270
312251393
153891131
285731344
169246158
3795183499
722428358
3319971799
3982078186
430435375
1530965695
518018223
242720308
1045129796
52057226
2513270665
196302204
3825678317
3274639363
3981821614
47434307
85497312
3903674899
88067424
193254291
16502687
3580004117
93167833
538831118
1258827128
75022585
1923577927
3891948133
119667712
2859625961
247383883
2898600705
29662127
2444609726
3922359381
58508589
2685197624
2946795692
438645697
258742652
45369496
537075038
3655116269
2232202957
112948947
3095977722
3562271846
16969432
386107412
2978996371
78639570
3905204967
22167769
3581618777
251939969
356080951
1541580104
305571616
3906543996
193877597
1228448186
3978117999
323808368
20866463
603000905
549909109
71675767
3918686900
2473318154
255186248
3262905528
19901790
22179255
2300157295
1397326686
3148825670
2252620499
3798422300
3487093213
3652525334
871236236
841437133
16472567
2237150274
2150482258
3919290797
133171000
371450281
2331421273
2557803662
36922425
2878285943
2254156519
3918335892
818133698
247870655
19370356
2378461224
