80359647
351127461
46102772
164433599
247921156
133001635
115498050
1489902716
234122564
928029980
284947309
208516166
122122291
10650962
284988595
478515206
935360480
2373511431
78083429
1724164663
76207861
75227571
2925838498
232490907
867964998
165544961
2973447232
2261350939
194437774
279849524
108157337
240810940
50661297
87943876
2999319292
236109396
224300549
2401056751
2176487836
77980553
2875686930
948957115
2353648621
151291946
318078460
46322409
35631232
99777146
2815274520
2154281774
280322568
193567937
207573123
2287904083
252409454
3002597597
18797182
138673667
2611885627
1589742902
112747576
542031510
269852296
354358331
424396630
177063938
26391443
2871583270
541673790
248972020
318559183
112009480
333196064
33970966
2354114744
273839640
2925634784
2928076929
16068590
2339589001
512132497
90351069
3003900933
950222436
214151542
46260821
68872104
1308361926
17927372
129647275
184207003
36638684
360107453
1526553811
269273586
201952041
16725706
69969828
2876932435
20643348
206859867
108422174
330708372
386382228
2923661409
15186671
546772558
766674084
2751539210
78511310
51092234
574712583
2932530107
221549897
52329935
2429239568
84130945
243567213
136031998
255815365
93963669
318223031
250645482
51469645
148042504
196630217
50772057
1399725894
340678283
1284046946
386445704
99384125
143807548
805328636
371963652
439089454
2938648141
1304091745
722999342
45958075
66520058
67592561
410828417
248828891
185546283
154259639
85941604
2426301468
160205033
425474202
146215569
573726955
8997012
15774486
255342469
416489213
51979862
227956584
259583039
225136471
1381004708
160479882
545248242
50583089
562619415
2999682141
2291559683
391415580
2892359666
105963555
37197033
157719231
126580758
25991150
214387870
55111349
3003456502
147846102
114604478
136966333
113578407
117826751
595584523
735664038
204077708
379635953
335728919
138991869
2984569462
1861205204
2425253165
177514416
40252964
2964310695
88038046
10239392
172288350
466633609
239833791
1412002014
100407586
47368922
104927307
35231078
2922629339
275629376
396377880
843125564
2613905774
620881666
1502567329
75803024
351506087
144590530
234306189
2496035738
283057828
1579409048
1286196571
143843543
78563562
81547918
2998024778
3003240875
15559609
170927961
33908613
56677858
2998373994
2741552887
539626990
309943271
145407193
26949612
864227220
84475808
428656331
2995237799
223097857
15307755
493083186
429715728
60422418
2553074042
2376977260
1259772468
2447589475
361191854
421751054
85177467
1956943969
469317554
278941057
2497594576
372256135
251092860
2511642996
23657378
170126562
2978935732
99085027
484116481
69892747
53654520
2987460460
23317859
2949111827
194586370
48934730
18460983
2851856830
44877079
6303592
616027126
1326953828
15629463
241874033
203469224
56909450
44083968
240396452
111993368
2219554872
333537461
190816610
305465990
51695273
174159126
106404979
388887194
78057964
1407643790
1647494208
1248272298
369637948
585168036
2996599267
260903953
119542616
2869255295
18920384
14986569
45543376
122184813
144154338
211174882
7190852
1417304418
44047500
51605997
214683147
391437534
2945159124
264724521
604349186
79913313
358848191
487647588
2962285968
115673419
113423017
2918918828
2975465921
330841300
320247795
89274664
2904120805
51944944
24286179
59549068
63157739
80703754
501829900
33933046
130425849
73742111
46866000
108838173
471654554
343683305
2534171378
2191627692
222063597
69458849
46254483
509618780
58356275
2873352510
216717418
326086401
42718347
2290213346
50400562
1271436091
42617098
355651722
3002333139
165403774
412397570
504970286
342985805
791564858
174630000
152636031
2880130362
217299428
2827668328
842884688
2962792289
23228002
413383568
131352667
202707383
93485128
236680977
2469590389
703718851
2993693640
2366155854
40271282
1605919694
450800043
910549903
2998743709
111412329
173489455
424256954
2994211378
471053275
234981958
214803479
270559728
572773790
2847881910
39335623
165145461
1225771520
96588876
1673011622
73275410
1004826446
95446900
2792426158
373825910
16663064
121860679
202234929
418036639
3000329997
529362556
180056024
148641693
1173783096
2717607301
67133642
13986922
2829653164
14670352
2997867608
104027214
167792981
420464715
33584898
93350069
163803598
122186792
42877163
1170275210
91424773
2850748528
116966391
41078194
2878734620
113280818
322076004
31078359
349810909
424830680
20052251
128279270
349799512
2970518715
97246084
510778213
2830628422
460440234
551722406
42417878
1283027791
2841144029
2180014243
36489749
386373623
2486260636
445969005
750604952
1519434218
18878307
1867279562
385387778
461438665
2810808222
2709310237
1609011084
10103612
469390432
2999754827
1435132903
83568188
35287689
1572860286
15269352
109790935
17918872
18732606
2522953100
590505897
95297356
401947962
2975189248
79569733
67713199
118024546
1221251420
2959107772
2732227554
2282828766
352771718
18129823
504816225
1889028986
1318275530
2305340430
2997896900
99426992
273149093
15177668
517308995
56852860
15132414
2712974700
14385154
51773535
40088438
301433319
759036084
17777922
2315172638
263499224
2613782868
2909538536
321340957
40856986
2888748600
180002479
603092864
16692662
1414977367
575737676
2968495769
2188238777
3000419843
44695363
24264755
382524531
1371056341
424141117
15080374
728139246
35357786
363805081
2972870264
295599400
516081093
3000084454
324280884
30578221
51063347
1302686052
26467686
248309793
2488986565
81775117
531041471
800633012
109262969
323931899
1179921258
2810633833
2997251220
28858879
2658941462
2565840337
189809020
334666387
40416587
28676797
2997236420
19548236
40001677
300777958
126508242
2173182440
163692076
577544906
374223515
2207750809
12196222
2208767390
2816908093
2998714887
316829849
50259641
1412402671
24547237
874597074
65986236
2576367571
1178729396
2335965972
7842652
107198384
67955311
1328458760
2918345536
257762027
361975489
1179930487
245560262
115003954
2996576545
2982050333
241930500
442782122
1841333305
2980715333
18568558
2254980668
1481083333
1727351
15086410
67888491
158370162
2543137840
2996290524
955825334
69863294
2788463345
2998714581
209929076
951249812
551287392
2200411
123541713
232212971
261780496
234159214
194190511
399897386
56223577
1920395167
2992423926
2638318804
69511278
2998301590
294807902
2230208594
2654728669
27837112
74182618
96746888
212403892
2992075492
157564188
1720594164
546604310
294665756
381016740
2858364901
21516823
2990838307
2995320822
2929556900
1154357642
2997049299
320818622
2417738629
48107322
15060543
2991289149
626413282
122129354
350083902
2864937484
721292300
43920354
33348018
1921754635
401608685
549592171
389686668
1286013206
486664221
330401943
20945491
18642171
514929224
2390551290
2541074581
1694431740
2934081314
53470046
2373883928
1106076980
170757803
1687298990
26272054
35566929
588859955
1725192360
71880025
1833335827
2853792412
1211863297
1565903382
2704888344
264704525
2969537661
133900932
1858672243
850013402
2986238247
402510141
15567494
52341996
1354658790
26808564
351839765
1494893041
2823648900
2994652094
2910566413
2869003642
248992133
55529033
2285402706
2617722481
93246702
2943540874
2995650556
52719017
14625683
1419125940
253074141
2467875997
2955827614
2194231374
2995570913
1751991
2961638061
398806767
2989637042
2833924297
24545827
1908208890
378658145
2753290497
2347544491
2989290930
419354510
2964141863
927010759
2980837798
305462832
128912169
2610780464
301146021
2921248662
1100536273
2993969048
27224499
68966434
121670707
2383704522
7830572
2942967488
621104147
17505519
35264174
116756170
2992244817
72036869
391746842
2275184899
1079934092
2242021891
2994342808
601679596
19870073
101837427
2994512537
16892276
2968594013
47616268
170532656
1350226752
16975750
14623460
128143577
1621800036
2968443858
29196264
1851824340
31149417
1857827622
2981008893
66875050
706656411
2994281321
330974265
299192316
1664825095
90612590
925882027
2990652880
113439985
22934150
1476188744
75520256
219766885
2470971962
17818254
436972672
2988210644
2166415099
2264629969
1204879892
610082988
34078845
2775154281
71894141
2992779204
81666944
2698384010
2985498327
2255080032
148996513
50717240
1688451012
146220997
348072151
2675657544
44731722
52663851
28276109
22608747
73898072
229286627
2992634719
2352632863
2989801349
2479405603
38462872
69651834
19635572
2351008392
2939656073
225789736
110720741
878410266
91199009
382297340
271466238
14063200
2956903879
40426043
2934006938
518011295
2990744722
1971149280
142831460
903751837
556440275
1453422205
222330039
2351909659
14595136
712940699
2616483468
2946659264
2987517983
116140568
90000018
330645011
2988929667
17804813
2258027455
210218222
325576253
2781796976
2707122482
2992441963
123416608
363915771
2888160737
2876059433
296410159
20592134
14049089
2329985161
139068659
383645570
2862330622
2990016579
2194449287
315122049
2780840725
2187216476
2943720832
2889685566
109794505
1456788667
204293690
2929268116
355845552
2991801401
2991196074
2436868412
2981525403
2900334351
46759452
2984890805
2992134672
2858280523
2989817115
764226584
53029124
2985610477
2991980870
2956889911
529304621
30809121
208039318
2989437634
533467422
311228818
2991436113
294705307
276500114
84490892
48138103
285143593
57962781
20259521
270766505
2704820167
73154585
46585050
17795749
96392890
1911219474
2883143261
446777519
1467638791
2973632674
2990664897
92162466
199326747
1232956520
569198453
2924695807
2203969398
836083970
2591844163
91401608
15382727
2410492813
254557648
2366888533
2817851377
14225808
592261759
31468112
366878292
2830562765
366726971
2935941281
2464527834
2168984765
163577300
2776657499
2282410601
2990380846
2516107094
2988252394
2441309645
2951288212
362483631
21661097
45896714
2730110470
1924985814
2633733519
1532837826
212429004
2342391547
2991414716
2440574216
599015764
2794342292
2990236786
2535115219
15852753
559781251
49277339
1638508490
39628819
28006015
2846433824
563841349
241208768
2991592542
1077720950
2945510225
1320777739
2988144632
2991364838
18135550
36726110
2954763305
198284866
2342065182
558788513
265309819
754644355
2960470090
2980086706
2958595404
2989674160
1403753148
308819558
2317690062
394516724
185684739
2731063962
732759260
2660005722
32994330
83606236
381923833
499752604
601655113
15264996
1415021490
2989199301
397147404
92902302
518357145
100056612
2988847078
450780964
147187565
1146724922
85549712
188905446
2989642549
39256057
383964715
224161631
2833045789
20345514
382485107
240348602
1615237730
883830769
247650633
1441965846
280303676
1447678483
1605235752
28537900
2920046449
2155774652
391739477
2963126379
1487307116
1298911232
20230439
462864996
525705846
2657472488
2932537765
2331383893
1697393906
2791143097
2956964655
54664820
917143662
20663502
2987953924
117299766
215777435
761753352
170348506
222138367
916670220
2395411915
65439408
2960270042
59320172
2279687701
2473737908
998628036
465813247
379872087
465486384
2851669652
17143179
2460053750
251203172
30174472
275036354
282411044
476106512
27795610
138853971
2861448920
502014062
2777863764
385255320
42676535
39315358
11370212
2523688256
85272976
2909655876
84100570
2991286855
51908253
2989977768
1706276732
14709768
2785256699
2921169686
2982729335
1242446226
763995582
356196256
2984351830
2821335392
2958268339
17463009
43304832
2411200016
13350
2974403890
2985355498
301306405
40290988
351412145
35044306
395754771
2990786426
13381912
17844493
2721932450
1889304660
590841472
1881062748
2549269248
244194612
65787928
2159603796
136176093
1024709378
23954295
2989517383
335444545
260619416
167209641
278024887
2986794094
2881919943
15181321
103475163
2703268440
328747526
2980807553
409677220
210367883
175866210
27750254
193912382
21976316
360176563
2435002160
1027386470
1353522374
96687372
379956547
566841088
150040700
19649557
280736251
464932693
66318537
267076800
2547137484
2520641898
2896578053
2726929799
1963588866
16788204
14912788
2834610977
260359890
343193818
142795253
39819835
71549443
22422258
2910322004
214725550
203543496
2717614465
41874322
2986393036
2805813446
173518735
2828558935
327786392
250107791
2943005219
1005316544
863760614
2986252517
2847896815
32175916
393034621
1290896324
132401365
2985928343
221320503
2632277327
73521580
20488739
2405319486
2191480034
2497379156
253607079
2391707317
2592311598
2403104760
19373793
2256204456
24445871
985622941
2574303011
1947942140
2599022806
321739505
83873586
2399981024
2470019531
53918290
1212639666
791640697
301086309
447178027
2369062800
2533774706
936661742
214559273
479741914
2377546255
434800943
22329651
39873002
2677780380
325684159
71360857
2989769168
32740797
2925275230
497307384
2887089701
2982148246
2189041941
2395743264
234911546
556975227
358399388
75560225
84754571
588409620
234358375
2874843371
156994607
36662215
27088655
433165955
2157277149
96609097
141264540
2984382561
710680086
6123432
858558750
253736434
215870988
1369313407
31684431
2989523048
988544047
227547050
30582467
2429134983
223629126
259014388
228715093
1058527106
2936795777
57425037
91528873
2313557624
376297808
43656527
45937890
161149924
7773702
256730964
37920927
835866098
2829762142
1102646767
2735131580
16482404
158671917
298564055
1271321600
2894381340
2328417572
2962759666
16345471
325208395
827247030
159852517
2504666186
2863087937
157703129
157407166
133051135
1048086211
324192653
2960445368
2767276810
228501800
546658029
14795004
2359603219
127962252
38361721
1040532222
8617822
1324769772
52661981
2934409195
2934606532
544947241
506428021
42687417
35972429
42367862
993457070
1016833105
2676272211
19804370
50706625
2365961229
2975500777
2773204688
2199781378
1614536582
2984330603
825721364
2988849618
2988292878
718534783
15083361
410794917
17260469
2988782898
273316217
237914495
321533326
2902437687
54858082
365902244
181620707
192585527
217505170
193321333
2963669695
449666240
124733501
816104786
426206801
94188567
67082376
108715387
2869587003
566768284
243751873
2984066320
253935776
2956979867
377024029
224757322
373066124
163614345
145937308
31175142
417190743
81331362
23691405
24379954
1974286795
235935564
1942235174
67721348
254041020
281186048
976620091
2594695794
2724109008
280657519
240539107
313272270
259968067
2796115723
357861613
263161708
2754415118
14954808
93707306
40660934
2713849884
2986500800
558297287
492386175
54090059
72020371
2477482453
46631157
2987933394
499103536
1030167990
250928496
1639398025
2853616873
136135121
35273597
51522618
2937633634
33126801
117559685
30545735
2977030837
2713870278
269740788
35011901
469443365
199169494
225054098
33265282
148000424
14088704
58950849
19482184
34526690
201437246
284639980
2356538358
2976539595
16291034
2983298302
837253260
2867842137
175214534
490405465
2863974222
2531023868
446495603
24598408
2671436718
15144292
130074135
107915861
902981108
119223949
134217734
2983003857
261641706
2964883895
2495417635
2982898089
2398630764
11353012
2327585502
504871346
2975506894
2342668490
2881105444
243502212
227979432
2843929672
130630052
26440224
72059362
1036101276
1718994517
217776185
113883486
89455478
19213712
349036315
375659103
445210167
337689531
75042889
2531315685
2979382357
2922950704
2527935530
65636495
835479876
14755143
2986943856
2521202125
224986338
2986868036
2986835749
346090532
2478037375
24141571
335617183
1721554014
2980673729
1004738300
31362224
16901867
385811710
563683499
2942359981
211945370
2566804910
1286330533
60303402
2834051108
414595610
2954419542
44063902
863298607
72761317
369763302
51858966
14951510
2975149649
295907580
42618580
261273629
1053397862
2337266820
58394667
279145990
99305416
28099578
2488875168
18345116
595992373
2877157340
2282305759
80154509
2383765945
107372075
1963158462
1542938479
151297615
2981610166
2986075405
2915241413
1580329200
368612153
47733466
2978718117
56841094
2985971551
978244742
22136073
116224554
188178612
220936490
2950205174
94576270
30597665
1117444094
1546224367
2980641797
539504957
48374898
1579229328
2606895852
42949269
187660641
1083728005
1100932274
69214934
366023351
189148026
582160719
215587819
24190183
19065128
2868878670
754611260
2880689304
2980878911
30466483
129575414
73492376
2980829423
2985314761
102738603
83943229
2459485682
2663100878
2914470439
2427554258
2224269474
2915114749
2929412748
22524687
2974949447
254564420
87994453
109403372
223178481
2299007647
79744977
114070339
114385847
2939388181
593919158
2717158566
45151852
98054958
19553597
2925087240
727230408
51255955
2951296689
2657523534
249804781
26581515
352400965
821516286
2682884101
22125857
253554421
2980213913
2890088382
2962795589
935883019
143528185
2567705719
2980143263
25695974
15804293
1328354046
2980089783
2977548968
2293523916
636228844
11902712
46670430
2315236435
2944293898
1768061
53158509
719829083
964885698
1722531133
164022798
89303022
18021039
571722444
28323665
2577793488
48167288
2833646530
2313946106
2984116650
2857678952
413269770
111145169
717270790
559166597
37020308
2969663944
1292763516
2894298029
2614330512
499905422
2910458482
2956146396
2976660198
568145119
48981756
65658069
358027082
1102040244
1705041746
2175894872
314472934
335196899
21378452
2977622829
84785757
1231961352
754660574
2521832220
2248264369
2808559707
2891129317
1439483125
2951498699
2970355034
2433526788
82171162
236038423
2974377875
2270792029
2965194039
252739132
2546694979
2830882475
52027695
173595490
171279338
2969656101
107124981
772494
197979925
348243347
1591618020
2963269703
2184521
176190938
140149571
23631058
2949484107
2274986461
112595531
90327123
155408194
536999836
67508657
58025272
320037639
30881082
32162353
2185439818
365307866
2911726953
6159812
208005647
2967899851
2584537483
2974858707
776658564
901286653
2604272648
2963890508
2967496848
211594779
2893952842
36403722
237461830
335814510
264486327
2958955635
36783175
2982987474
279113581
1643204677
230918282
329270886
26652035
26897575
1341803648
19632846
2969770851
62472380
2663601290
590364524
2831597652
60311567
834842246
1168689870
18779778
447057860
1512298813
2623826109
574371470
2929560903
474741556
258526826
2317576118
266819068
2328747061
94034700
2838673622
2977888408
386051947
265996332
283778239
2853294393
2885660302
21839553
2981837990
256106001
2977675365
142347335
86009875
1401050113
1071438146
762882660
2948720183
2376955655
61358308
102905085
8070342
2474665615
2981484996
233099201
20873596
2842535894
38940409
1269982530
22926721
85206993
2588429071
2974899192
2963417633
121069969
96105763
424623831
2977046180
317251027
41069819
74749530
199638426
27259955
62453962
2973753393
20508185
348548274
360796879
8871072
40962216
2889032576
423682433
2311826528
2729372027
2801863388
29592511
274067236
2976986669
105961341
2878135487
474424822
26833196
2938605947
16881613
2581852579
2895006221
575911720
20517459
2933043492
2312129852
223564600
768614125
424244816
2685675834
43570730
1025265410
152773995
20170858
468051434
162194385
143480548
2653546236
29065628
842517864
521699559
2979930607
2163137145
2826558854
373310972
31075616
280012815
51373560
2731971071
1458882578
53279723
596049278
42073070
601942754
2976219477
2732448008
414709805
432782577
87340719
574167027
130565916
20019812
266244246
67232946
299131412
2720557409
2979041035
2889830165
2549353171
1340334805
2970114283
215394480
2963899614
192989504
524938440
14630931
18112247
25559319
2975532454
123850117
319740140
1679306725
65342666
21269956
16912500
579381039
2169546920
42685489
41534846
2919604324
2974210194
2925587211
16977911
128344746
2951414919
74925493
2968889116
176314771
427833276
2889364261
2339701880
46454575
218572503
193570705
76367194
1732893697
959251320
496461523
2963376463
116103367
2535714468
1629505494
2829257704
18457641
1537845421
105011022
184022185
275823471
2977452007
349601467
2451518760
1910222180
1611729494
28734799
187714122
270486340
1930346870
12556352
166511939
2965995791
47892162
20693177
348732886
11775462
2972111651
18906466
187700859
470681955
259987141
155173062
570261387
2172061248
198969250
2974298470
49381521
2957468484
447115180
789523976
2815499253
2585609084
266649379
434094825
2914665800
2916028545
2401581366
16295279
642163
607007886
2744618874
2797152761
42488742
344788052
395473444
132857589
2678145620
248862415
2370850998
29234040
20995077
1856956315
1243225117
75213210
2426118270
1673995356
2537808216
170142955
570825874
1703994439
890044244
247006680
2949430970
2936961872
2961936246
265119288
82077063
2971377710
602237477
2359679432
2321303290
552577679
2754066757
140986038
40083407
2973731795
23817398
21155348
2216367633
357835491
2733849775
233203141
902136816
584041409
2525278274
73124534
362992150
36661487
309768383
570859887
246661744
2924043316
45403478
14134629
2591031301
309275022
310761985
483024490
525759801
20801131
2198801804
1491151656
261796321
2801612584
2787667517
768038478
28430342
2575351988
534973783
15451191
370962857
396098281
553019919
543850836
2611819766
474176098
17189543
148178806
2607404960
46377624
910876184
449764175
2886447190
2537751404
1416504120
275451554
2666692650
73094645
204317838
19362938
282478498
804203486
2856829841
481359103
2933840854
2811340585
74285534
481014933
2891395008
207859391
82036149
440106032
2475583771
83890995
55950045
1471713798
28362975
2830054411
2867237550
446931454
199199804
57362827
739113230
475021188
2715897919
2970528895
2903950436
31320227
125245456
28269652
2862723873
534010483
2974244257
714499723
2972618003
29243260
9672502
38283725
388967807
25502229
2426789455
2972596395
1101816510
2909300299
170631210
1294909842
127794460
51581376
393966377
2901133470
17901202
21051944
2172860479
21084747
39509452
2882626703
2895435213
351994789
353576276
429377051
226818486
2972224439
2972157525
2972212912
19407934
21697669
161299161
1693265065
18008949
2401618170
14049940
2701055179
2969718280
561555771
165045986
400275256
2430003993
367900478
304480654
34924009
2909447841
43836216
1277059776
191366478
228514202
2939501220
391114522
234648082
19702458
970784598
2612082354
59513357
33620507
2972217920
2284160334
18284028
2377118546
68432279
56752482
148851369
33290545
2941857020
1028731586
2902358309
624591629
352675643
87704545
408648274
1560278168
2919229983
21490638
363065300
2893788063
4869731
449567921
2890615860
238270997
2490098736
486538257
2968639940
2704133424
1407335610
2971106602
1703289062
26446614
541155621
2562418874
2344236638
15511649
2818371200
47234800
49547812
243998505
101989881
45422675
398061112
1106096840
25231320
74873674
2899762183
145160621
393898301
2870205169
156652765
2895567371
330050141
152136747
2962400151
305827109
2591370266
2844999277
131205110
126698444
2970721504
503245728
149802725
349838864
179536739
15785295
1365380827
2932430950
259120971
2670902870
225593105
633784758
1015445083
707036908
637252265
244855566
312965260
264470872
599472741
1642887840
17855050
41571189
333662590
1040188106
2367320840
117536372
21811238
572443076
17375137
492392684
47793709
28385432
1123998858
21275552
52041821
1153799384
2285614718
175925192
2582774798
27081520
2542139474
19094958
389199178
2598750254
587830267
718920078
182626189
18382351
770135436
55717701
132655438
21184611
14924918
5444012
548091651
22642994
12326132
984930396
16680545
16513866
22675549
18927563
2836672302
36581448
19120502
87770309
261751430
1945512030
2487224856
109575657
2834306248
303272681
52117082
2969882596
26161927
2924903715
806888738
161576051
2429932901
23879444
2380867262
66629009
2944535618
385995255
12829262
233960659
74723267
2821459881
2793965528
47610040
2584052331
29408086
1302704275
426231316
2915846426
2965640389
200516007
29927857
1201320716
19600111
17003766
307567284
355556480
20832884
720666061
378365607
310948687
723412987
115483716
2967086008
44320353
51762633
34029008
99873090
2833633946
16340480
2308804938
2969228194
1417508954
80928136
2959011906
29472631
2856486336
176506068
2396702106
289678188
18885762
19513172
2691797898
2638942179
19934816
16552796
2196557342
2727708424
376867508
58688244
45047095
257660926
15888634
199324908
2772506401
367207164
343588546
365003588
117140747
196301476
35315838
386805689
1043246929
254747370
2945151934
2968759571
2956530159
141451255
222397914
316144239
336660311
17946886
106838673
11486542
2967347245
58955166
44222791
14694677
257989950
820410098
69936189
378109581
22132769
907946486
74729546
2550200104
1050903439
23987946
2329515012
18072534
21692488
2936899499
2968357217
170637599
480946496
745806560
176085651
24930943
32581503
786203544
2241183387
2967814054
372338910
267625780
360924019
749826157
127782299
376516506
2221370742
228665839
2838171112
1002914024
246487589
102921767
2803023659
2915619169
2881667717
2872613946
237149035
289767102
2893789231
21906957
2862444655
17654827
2191958190
2956962206
122266506
1697303550
251234767
2552526164
66334443
2932854810
2928548484
53431032
374093849
367157354
2926450100
243327143
2866923577
2893585423
265501746
104222788
37859573
101448108
576358328
1743376663
128830483
1608342163
14360098
323743650
383227547
562000795
291635058
2956307229
2324441492
2965278816
98416666
20111159
2687779160
2343653317
146756719
226863287
121798084
912790645
1260177030
2473430544
14418984
495985628
242687623
338297764
320844096
2966399806
2357691188
356902254
330251365
454711728
474354762
71693265
78640291
57158676
19118300
230365711
2964840679
2965492155
609287895
50373912
140283812
21440064
17572627
491391415
254022644
351810085
143998454
17766565
1447208959
397214938
251000052
30377985
55934105
101601648
618252430
27656474
2502122956
449156556
2839287426
2899767038
993960367
2830131899
7506892
154466144
119686682
18363087
61362363
1641258270
38364578
2963631001
119412479
1880627887
2934703442
93957719
224097949
2493092881
144958866
459031038
345074434
2813031676
176732433
2735414401
127530146
2191039492
113556419
45584918
114810761
97085631
284313647
928250570
180294761
73023218
442393667
68006833
974413314
47970700
2951492297
2929766356
115702655
2910172851
328072840
2966227487
375808226
2937632246
2965541992
356844267
1058066132
139890508
2872430693
341633561
236577675
295633020
59698636
2898454351
18144186
81184197
2192287182
2478659594
2966108410
11522072
834805122
628917202
81190925
2895576817
2858839553
917951670
2965960498
19502642
2956581797
2964294215
628621190
601080205
222974635
2965828474
2964914577
1228183309
92508131
415385778
59764683
517801153
103799486
2915076069
15512133
2821210378
1078809240
1466512326
2962605636
1644495702
115380699
617563404
2275188211
1616563812
67967125
18790514
49429717
1645340666
122764755
2599215853
480532107
2537997343
617540911
25684408
1472951696
338817767
226160733
121384357
2953974073
29337702
14117349
116989175
2565450277
18420670
282838336
1209213175
618688784
1266062796
25617841
261766480
2961759534
513797966
2923671100
252882579
22544334
205815462
161755577
2283365354
2813799344
1901242178
469865148
317334027
1304362974
75119660
16670593
2962587664
186094747
557135784
80132147
20539327
40851414
2963889622
2297789691
14800716
855151484
136976760
104567583
2907715387
2925328307
57103842
426091087
545901034
730018956
2933573839
92223656
1031535336
61482627
1582027854
2608948240
230016578
596522548
1136908388
354268774
15607427
158049895
216740433
78465370
2742158379
2803544029
63783446
32886995
2855061358
16390080
245778008
468243466
2961145511
1905317540
23021187
1860306858
940198340
337042889
768974443
2427984479
10992612
7259612
2422153105
272905389
240318772
287839706
2885778701
1218622412
532566481
41439281
1191755930
1172128218
2963808291
973534471
2839124455
107024338
2948376210
445157787
1060816374
340322408
543590438
855988062
2175871249
80254847
231401935
230185724
172505373
1618779278
2666004110
2861427756
281675866
58282889
21216887
2954301061
41917547
2369623802
255291612
2919983498
85233544
2432724428
19299423
333342489
28500053
387528421
2923705439
406089890
1911025874
54753306
2371094922
167354910
20797679
2176175740
587475293
2897954511
2699803482
2506828651
63914115
2887901736
578827437
92644222
178367902
304733001
200457217
2346787985
2286510685
446317319
451868997
2268542845
469610591
71492546
2936707390
2796603439
544686204
127859537
2960090630
400268067
2266876387
1556245434
85406381
25514740
423692590
290684695
2754610945
84282156
2417152715
2958291817
320840335
25144126
2962470999
2681654761
2962512940
2957918974
2869452607
253599089
376371668
1249133947
315151436
52660575
1268966016
559936569
2885991645
2959728608
258954133
2264325458
2961645285
2959674296
2819882140
367204161
1672252796
569097078
2935191479
164224994
2462131632
189576670
1110584472
121584267
1040242310
2941092201
2876266985
609946522
2959372286
30697906
2615972538
2956936394
19063988
17830276
25888354
122483531
16345489
2836932519
62441201
111786200
16182983
23882321
68914867
135684618
392265948
297033315
53334143
2961255514
45451332
615151638
19145148
75594845
44151446
2946720694
596903346
2467933562
37637254
2958814512
2853755792
2842886136
2958845108
36188032
2959230593
257462653
34072416
2631759689
2949733031
1598736666
342587885
2960621547
1739521424
132443462
26207569
71477676
2930734740
26410675
449364003
465637341
191845717
2960339685
2923392067
2912935486
116397835
328174624
112776112
2283898675
57416385
2682918840
45263558
104773
962172337
47080455
953215614
274517654
387707660
48194280
2513941963
398734076
970650368
39647070
2916411663
276216696
2920145350
2957011422
409549497
131772309
2942021076
14803599
2598995246
12324152
354024550
141035892
142866939
2791889619
2522028781
2915312947
2491176938
143697731
73148039
45425277
838252117
26934978
313073903
2787154620
574217686
68497310
152258159
14461122
2915577158
1328793648
2627325019
384177112
2359083445
22094304
2959533947
6220452
104458101
16201572
97138403
1888598515
220922380
2942777650
73278918
2369476560
3645541
159171958
2324381382
16894486
2946376216
394391450
20513188
193672948
54607711
17327849
2693130626
2959105696
28143965
20490571
1465653276
47294715
2958947200
540838039
713232825
385307320
49687575
17222670
141702136
1319284796
206050580
24511342
84616424
2267657396
2957507223
1445289745
459689475
490694123
604804293
21989213
566261399
2699542093
565309190
550578529
2598231746
23766889
482818411
18472683
18430206
1488060524
2764911299
599501778
365061054
2277533996
16335670
2957382535
2906742342
2958395553
1113891036
2157501731
1312255568
171712286
22843238
22600390
176340285
19861139
1855632884
25298839
509592524
2271690362
43099448
255996331
2955564906
35978758
102299884
2914854440
276848354
528693023
2568703836
2954457215
570104112
2956732513
31048912
315766589
1192843489
308702337
21128230
2532471858
15140223
64810943
167258099
2451250195
190308791
88035013
601823484
16076567
2943862079
754046436
424762371
37375639
17131030
110688956
1459642046
2955665543
112206225
2724383676
178849499
2677977213
407935480
128522006
355036861
1472529350
32863805
235432862
768550692
2420977112
1593733884
16748256
293938110
15263803
165166453
69929641
36164947
464828144
354830073
1514366496
2956902777
17515608
143132027
1429597578
219637114
16712177
572354304
159998334
27560022
386251284
25970463
704342374
2560810790
956251088
2342315456
1263964028
39704772
25744760
34308371
544380395
1328029196
33000820
1105306364
2852837707
2226553286
93797462
117790477
83967944
426236097
8821502
434770747
200113887
6375762
17481836
46275889
23721018
262986521
51883727
2323378904
19214391
2478952651
965385343
2955724871
211509606
207891946
402301903
2890404464
18494915
216527162
2224180136
1085099222
29559472
300467662
28380944
2341863057
199161569
224065983
1720933788
389886244
255038337
1159807483
43311665
14807378
223947648
1380209461
15522544
1328024521
2951865566
386099381
1344223063
2955018015
932889090
2955000730
70146917
182017892
120894957
358894019
55469153
11838602
43704754
2913082633
2952818255
504366361
366536364
2539899848
2205710696
2754088100
79397847
19628600
2846806036
2954450217
191435762
1874485764
2887663058
514541021
217474961
14620458
78540789
2954324284
76534633
242012281
2636359332
558851361
48798211
14534066
2930864804
849522068
1045030872
2819438958
18021473
280998845
2887664182
93075355
128392976
365440614
1180495022
2953600552
601253620
15806351
1064026208
2841727512
2283468897
483035208
866645088
46310480
1114963009
32282035
224286255
2875442765
265182850
235211014
44089889
725590422
2201495748
100828850
2953310585
2848388783
16067265
2855123948
54466163
2951187909
2412286762
1492217238
529537422
50819233
223764870
986659615
2944115811
2890660030
138389560
2931868232
380367295
2953335002
322267802
254700695
2921687062
529578407
1071204888
2759038373
121770517
2833884482
18978723
2905484122
1435448952
1122745249
186352460
204856728
1173355308
74238142
19701479
2720620591
115598676
2558692572
2876178234
118283700
33054118
2943644957
98182493
84562466
2579773926
23082032
87740650
37057666
14470037
1257658830
66466739
1202298654
48880548
2836011788
163295175
2438994906
1355155645
390566792
2916071271
2798701080
1039387484
2819559555
2839673274
1941279686
389669352
2872033543
1219695300
25347853
19544311
52996827
2952350132
2943336807
1884039942
53744805
306115822
35833420
2952039620
64667332
2892203877
543171222
1696120705
96164262
2805764731
43083837
2952018924
67636190
1690031881
20978016
21222269
14206246
2178896142
3985731
1285569048
58433580
69654971
46217299
2949026873
147168090
5755922
2392862264
362447233
2950403045
391422596
487387959
102871418
127904176
170119934
88310184
109219476
436883085
42353217
72264092
631737717
2949487618
2950079812
84291770
2271403613
2831403500
237293326
2938466883
2884794375
170052636
344276754
14147651
1154826372
25865143
2288415630
426044628
30993372
2912881778
16567717
2946887286
33595164
576819004
2950628450
117555112
106350380
1958727733
264494327
98596794
45046080
969049620
2616186000
47690257
153067028
111631629
1021982888
328281023
8044942
2368684284
45145647
2585943986
255043563
2949833173
1595247650
2359124089
370013700
601630633
2899379300
15816456
97003655
2946057907
484147200
426843225
246744409
857415427
88182773
398105175
16626147
5472662
318931393
468057137
1648428858
778807933
348909242
1035091124
83444127
99943864
531761893
24696204
427460425
2946554987
21372602
626543943
2888617534
243924321
2741201297
2801961711
221875598
307449865
29582933
2250947611
2942603368
5155311
2941961963
2655527641
506778778
185106595
335657435
174425851
182671169
66115284
2304795158
2906566873
374999784
186164646
2938601058
75535021
1622847967
564288433
416645151
2754204760
1080895027
2938318244
15129614
2725984471
25700434
90090203
2907912768
30684655
2916868508
2942529887
2438307048
2759279180
2902044454
35418972
2771353006
1653310825
244265393
25289722
22341212
49280525
2610451646
490550335
94934074
532166362
120432673
28953664
2225940984
83076916
95486300
607809168
2739499364
2804210768
60083427
87998180
17580856
31516805
136323637
2566368877
1478636160
19027759
2905079847
161092308
166386542
275159285
436584302
50436794
1011807686
2938519003
56882907
60315303
2937965737
486616284
758282480
2944214130
150912592
2909978628
2943902169
27436920
98080491
2943659697
2943967192
2943899261
2195381856
2945200297
1215025633
339201726
228050956
2220319755
1374317053
2944330099
399963806
1032515262
44856102
84805797
8180042
851545099
57318749
2224310420
60446653
2944668860
2920183568
2425792271
44756304
46726392
2944506733
86320355
373109263
560423064
2942907796
16894973
261933145
77515666
2943096222
140709828
105112647
2559614947
121883956
85329388
1355558490
2467145388
2848398633
401371833
383738695
65763664
2241257340
388531963
2284201392
233032939
1052914064
872420245
44596269
242862006
2810147054
1189279932
355025952
270945253
176986619
460138490
27231090
2893297790
2663323100
2826158672
2805333499
2795526959
595781838
837555295
2653625408
172842272
190602811
40376114
219378136
2905841725
131280058
72991231
33169082
2934695923
299173496
46661481
2943338618
222665326
2941449136
635591553
19243887
253567542
14401490
1613300496
2477124872
63152988
18234708
330803512
210722838
322673445
257954987
2941969274
2926097329
1055830490
2938669109
1469989357
263308570
2868757904
2721995596
2940761086
146049544
942631116
230175718
2942809560
2472420139
194797278
116501073
2942836741
56689352
19266655
65236187
2851690566
2911539473
2280906590
2850248220
288448264
513214263
2854587156
1133014578
217248217
33580664
2216421105
15259139
2876327388
17581520
19130631
38607750
115431137
42329176
114423324
787665386
1064248382
420547720
608355240
1417696980
272338369
2830494844
2928914529
2360287259
223257004
2939792705
2744213639
25241097
2942099772
2576343785
2226914780
2935049944
78681849
1297085994
2939606391
2937004822
153664258
97446252
2313784554
2939541683
2936760909
264253856
2938422421
2607188544
2850465927
12053222
2205004085
2909103988
2908999729
122894745
148893725
2937387250
276096374
70769852
155646951
436400901
2916508440
15338843
351729690
2776674294
616484520
583944298
2938812359
897373932
736911727
2234914405
2938862320
2874828473
2413025118
180342995
2893172855
2874971283
2938523362
117469262
1072812278
2929978243
2937299531
2660805391
14719512
1448484151
1735664964
902411072
2939201346
7203652
474699551
2938164017
309563069
2926519240
367216400
253188878
2258969108
12975092
448885968
300805223
2794460970
16290438
386839977
404129085
2895450583
602189707
87885576
2194354188
222643078
249368369
2940213338
33121586
17746932
29385210
2940184693
77698169
45597306
2937746841
30012113
11207482
197883205
2810870762
2925028296
108186461
37701651
24529999
33396797
1703334445
287872881
2940008935
340491088
894974964
333216018
35936927
146045070
270580780
817364424
2875279673
219301415
24583679
55932311
16195958
80977095
2935791254
722892504
324017004
2936704281
2744313368
8308532
2413256048
10726882
14510314
23304130
375171717
2456573864
55045716
2237467873
2915424115
112362039
58777568
2932784126
2154454944
2159911158
2248386709
1450889317
365597361
64745066
522138077
2887224220
2910989564
2306164800
2551224664
21443065
2935916123
2758960605
34519850
327077619
2933996993
474204548
14681599
215394017
162783703
1592008898
2903095966
447333034
2907917189
2801694183
73789598
404221971
23845199
258566699
65239802
1140572713
73734757
2934131993
132851930
16364084
13762142
242827903
2316926384
1688952865
141984925
972126632
455338010
586917657
1256775294
9711342
2899040325
944686490
2882760344
14114372
15925503
2611573489
1510173757
2937757484
107655973
70744044
176891086
2738418792
931412130
175651545
106428339
17784734
2480862996
2934445193
2911057758
14454116
2888011966
2885192957
33112729
155285043
52357309
268130947
2924609677
24675815
388203969
202576538
1053354416
577250082
775587096
2856595876
862480357
1323313669
351572116
2385722046
763196358
2581704631
2297016128
89788302
218111031
2906896030
2933698546
2930451764
28133803
107978989
486984930
2933299023
2883064290
1147918189
95078122
81611049
1172042288
148273646
2720804269
1212778086
2305305320
371010556
379134771
2904054430
1945022928
921404468
31065159
418056983
996049524
74490905
251488952
55709537
20144063
490902309
830044579
471001238
140067633
620124293
72140149
44392437
2932334103
16556597
265333566
22211714
2785561352
455640640
2234292552
2648365068
16380007
805769934
7161452
540787216
300934764
47000647
2773760715
14957806
8414772
2164406352
2690096755
2872293398
29548330
831231578
66961886
2166026196
2708158994
816857258
414785544
399969227
17996485
117633549
2867586820
63466795
2935852387
605345862
89305187
15218966
633336161
84306041
2923593636
134323145
282699689
33401590
56522318
339386422
163124394
2347918838
2868345175
256271847
67284167
2926933201
278703500
32429348
1064869878
2798880829
2869071518
2548811168
474234077
435799773
2917272653
1337484234
140539904
584266809
14504521
2935461463
1478530892
15110358
221257753
83134303
1249363788
199543199
2161774297
1148499684
142636304
100188468
1521823902
209906307
111925163
159017912
2779695783
31729985
318397234
466093177
2835758255
1941533377
507568352
2746169473
2206119278
802647584
2455001628
2886733412
2569393008
623545688
16009430
2785723933
179004988
2875909942
293446651
391721895
2483459197
2665045010
2227258046
126696030
516622574
448131667
39283471
39783356
86673451
103539805
260863775
90815724
213321018
563880809
1661348966
1661702035
2934398179
2587644619
2922543536
276631401
20453065
149335684
342917694
434454677
1277253368
2865201641
743140567
2377150308
597414249
174096415
2386306846
2433927259
45836727
73198678
37432459
214228835
381428692
1494364308
950189893
179659979
79740902
567795036
1914268760
44471290
946063357
219119846
94510216
620501864
233035103
14675060
50200607
20805861
2808945252
887077232
2894985270
2187164684
212023577
524889256
2924931051
610287164
2860531358
1450340551
111687280
2412849012
2912787532
1619378192
231729005
353396379
396871308
2926931919
2600206550
2851183839
258716110
2926806616
549797031
202347613
2916882094
253960591
29054560
2460772296
2776068025
528371440
92402617
2916967168
94976942
1645494138
172350944
73416312
243950582
210447901
2932965548
1945051327
448849301
2894387931
2869058611
1497946956
2926033803
2773119895
52242115
1015220035
433839398
2659482619
2311919846
49576215
8034952
15845136
835901
493928007
1274533020
2878891336
2890048177
2291689147
552821847
2896114681
1322815470
2925304559
38668892
2920098923
2915454347
2677538106
61245490
236635270
22928651
71674561
2573317730
2923039531
2924933915
2919938253
48162553
2922116903
172925629
2924493760
1216415790
94658343
15072615
244845623
875057485
2783387725
2825550359
64950322
2745006498
2373915556
2918726672
542633013
2197534196
125385485
383992821
288733049
1388472428
2880408573
260075764
180645562
103997819
2858606628
1004116314
1414877328
89427701
1073942450
91281305
92825697
14329255
88985443
2834960185
2437035917
2890082187
599806472
214838646
2296270874
26636575
2651776368
2885189952
1095365826
374360944
2464751221
2927117233
1548544039
2800467329
337094910
898597608
77521569
1388012365
2901201537
2922756459
24961070
114500378
195130180
961180040
99930056
54508195
538953188
2511199652
337353037
19266199
483013352
835091384
2339922402
2788065209
1156288520
165258426
853033429
2930456660
2922174105
2715099847
74655886
2834354625
1157914699
199145579
214032261
1486506301
2919709997
248164180
135540216
64773003
2789495657
796251757
1592326850
2916776086
123991945
2928859998
75261783
100000886
570154790
384660964
2307160304
2602211100
520507372
8425282
2221669969
57786463
2201406258
884072534
2929622089
7591982
2391742957
61555277
232299846
152498064
65992385
2701225687
2530272595
2508907645
253182432
2740779264
2772122173
2149051016
16285559
2906465355
870294901
56942503
69150852
406664315
80405249
55608235
2550474157
19280081
169677925
2916038578
133455881
21579280
2447505452
2928614094
2878744793
2918059701
2894660146
1487736901
68858608
854679410
886543903
82856730
1108847851
1360938997
389043703
86317915
2882277963
563455650
2318594402
564773411
1616477592
171079872
2720287494
231204670
24363426
169237670
2778975140
1606787214
2908320299
1266171368
1420346515
544352159
15140296
66524349
30036409
333417481
82666059
2918278313
307314042
597160655
560707061
273299331
625727567
1583040620
209090050
2801857114
30095564
99054266
1876032991
238578307
171537141
127501199
311285121
14330775
243880161
2882750698
2914309042
23785177
27951831
2283010400
599110664
1723505977
2892557069
1583800698
387173889
2889885660
1411671728
67440277
17525693
43830739
390526307
404240473
2927324773
269901744
311859589
32823875
2424091
96590125
2892809073
2904453525
182737658
22651861
143555552
263113947
14047540
312740636
156961161
47767869
44019254
2330667116
230138204
2345537960
604840796
2330357803
2752698623
455151934
2887976673
40700802
62254135
1463735550
54385699
2866068653
2874300417
2463994903
14630881
308217637
88715405
1322844830
1032307040
617386586
435876334
125755379
2767113147
461839609
213735033
22453978
129034022
410857345
2902827460
2878511054
1733720814
393730196
418862496
15009590
2282603696
2415982956
442165559
2825374784
2914913195
98790328
187320273
82771226
15063094
2463069710
109492668
2789795534
17260119
2873801453
626130735
910813454
583798574
14190717
1027656631
16163167
288856812
886547804
366586374
2572126688
32463426
2832589877
30637742
2884563731
205808166
6143992
2240713000
2269230518
33056596
2782999182
12103862
17165175
2878491109
412378154
25143463
2261772354
2786015568
2678483317
2688579660
2923448732
2924184296
145430772
114527899
113907149
1530996535
2343269125
1979477023
2807488524
2730953413
620914847
238443239
92435511
307170908
18015738
2897084667
87635805
191271492
1470237511
1932941660
593869674
301068740
6820932
37555372
16528646
2270441816
13109812
14177532
2367782690
91690477
39560257
2911790205
1050641821
2855857807
17361797
2762653559
38043026
27191602
513465865
366587796
2847000472
1705552554
2594951952
2544160548
1583935153
1923315103
51305247
574932787
57140694
508510881
20732674
821869945
161488928
88958060
2875591762
39608582
2888681732
2788906349
42543697
78414074
286199196
2211011804
2187621019
51498808
2912779041
15813970
2923993680
2922604254
17946374
32062804
719091084
53903065
485428751
362998005
2580783698
2327599550
310586044
581860316
2905357018
2706376118
20056624
38182353
2908958093
25671569
175256320
2917295761
321955877
2352047936
444847530
29370209
2912304341
552464530
2691571562
25468516
49149478
456456772
29695843
2821683733
908095020
2912090073
2847458339
43910315
433071345
1739550266
2858934927
380314894
2878607906
47359815
473485644
2910051083
857212382
2885060819
16292413
2252921186
242772288
2805307392
98300494
467688766
2911677550
65726456
2486904016
2922365774
358973420
2904472834
223848434
402959858
2398388586
95688001
415754424
26828381
337950812
67353714
549931408
2893598519
721724940
2438175511
2561818580
21014942
2275915766
2886477903
1116198727
312526889
792247442
1411106058
165009125
2913423079
2459831780
2910860476
2292223344
155120050
622852358
484007783
960229916
295564390
2919254732
420083845
329614440
271647794
16079567
318987013
2818666520
1030976575
2876603872
2902856030
52029205
177071264
384563926
1214633311
137897485
2887683069
2808791857
229104864
2851270203
2907940395
2910033555
40138773
95666076
2909995485
832433312
2694872533
326045464
2890779077
25777465
2877676270
44244799
173367521
38839500
15410517
21226638
225967427
18131170
2904680139
285708339
1028691931
300520256
324005756
99840485
2283136602
431527602
559999051
2920274652
498487577
595525360
150354133
80193352
216214223
2545955036
401353651
2867501071
305493812
2882193852
71041195
284488355
188487438
611532691
212775141
2603656696
311839530
398157522
2473051122
111874754
2675622913
2790917887
18548136
2647343370
2880540126
218625451
11406102
345721062
374118984
1632512929
39431956
287438898
376204867
2718090480
1191790778
2842495285
1678522111
2464071966
12601402
100576889
2770966888
531910051
18880010
234028255
18587997
52848498
2908063439
87027153
506451974
2919051038
336378280
2875759277
2915382589
16624866
2907855671
432289704
56463836
1240601
2850373871
2907771160
95002656
31379258
356067943
73975835
749641346
23457474
355344916
2762377286
168574600
268919557
59143560
62060870
75901500
205204223
2690255010
400466205
857093257
25699527
841610898
2791677846
2893413196
21879007
72395484
29595614
2598859736
163966201
6626832
398482211
110754433
2837281054
15057689
2311521768
2440152081
15841998
1269851954
2919909318
2283223800
17921374
302425211
15886674
97365564
2896161190
20700676
79544557
448509999
978429835
826819698
2918645347
2263084103
26787405
1400611807
2917518193
2919554556
2834099558
631769253
179541443
2413838177
774419202
2915298396
379339635
261736566
2591412946
2878049592
2688973698
101710844
1664178583
2361598276
2812271814
173314040
2750434636
84347324
2571819637
283000650
2150406530
157815769
2739032826
2905826549
2919105632
2776222629
330414366
57906226
22582095
59202746
2917704157
2905614113
2899373512
252755232
15821184
65559108
2905609318
809218742
223935938
16574491
304210447
1204437373
52649171
2204840122
204461510
62413811
220966694
2659110557
109607475
137995420
548753975
2900422073
8158432
1408237796
504766853
2751600108
2567591683
96752587
353616907
2918343650
2462154356
354773407
2918733080
106123686
103313660
2419272301
51571849
1939996614
329550812
395659145
2460333476
2596366910
49015238
2240682582
2519981408
2365253196
396079254
1971083868
171283702
558859604
30768854
61289429
1494399900
579705698
2904573208
2466677497
2688063608
1275447924
614743937
2289974413
2902960197
131161536
499502564
2901374107
132647160
45903251
97030663
509229921
2203245666
613557495
2915346878
14719553
1546405987
914607235
1449935754
2483070991
2810147201
58296810
51823235
14514854
2903801722
325750849
2315784632
849863545
540087607
2364898184
562419447
393650823
1657823744
91826247
20327944
424407019
579700966
34455950
2746592707
2728922710
849132260
14108210
2902848490
567945677
2510765322
28953366
29064877
62644811
27633036
102806305
192284860
94683011
1686020359
2326823282
142782539
166918707
913396908
491809721
17614541
34748384
133607792
52806654
1524145494
20561458
140387303
249539766
2798945795
713141180
1213607088
2903038312
21935092
56785090
57168707
2899990995
2902450527
2494240872
534750300
359368769
2904089503
305718783
2897308894
2912254717
2670861571
370427178
2900447673
938821
635202821
2916897709
2827518418
153474510
461148643
15133256
2904857455
233162835
2840425457
34728704
2370827809
54230853
618868143
239780525
168629812
2575344936
50503723
2893646464
103019195
217729959
628387835
193010263
306620083
119448974
139604149
28468949
1298213222
2814872360
101166225
90387065
1664561736
59360763
2916392616
10890652
27442545
54563610
2850165319
2907100254
454989953
2833426167
107780958
2871431416
2856172101
35925237
169723163
2277019549
2882361687
15463728
349210579
1884741302
199416146
1469042714
2266345820
2238826293
2889782991
2881908388
2594174162
2752013662
108791673
16076244
214160264
70242724
2682333843
716152877
237888728
294690713
21423278
158028772
2285589729
399421406
421806317
2786759243
79480278
25729355
14336340
87617720
102173528
2898466355
202246730
2600030637
2552175140
18754728
350885816
1309878108
2885326281
637078525
2833651654
2745071632
78925997
35839181
1018048848
77870623
2915505331
123549024
273807101
277522781
2697146047
721045288
2903742679
321941281
66199048
96859649
2757165847
2556981564
935717144
14816363
110774772
513176398
2821066933
96286658
794238
393597687
14661910
1474833236
17707464
249745024
128784756
2222557428
90976688
22022082
2868128998
473813029
11680552
97963831
2346377755
2834685359
1353938029
188823236
2592261429
2564570790
312391245
1224150301
14420162
2811453908
532377557
