873641912
2402423582
2287500080
2695689428
1856670427
3293735439
922151
179270123
388232950
3228637616
2992193576
81463454
3187448638
2995044205
2878086637
299791613
2912154392
118028875
3219548294
157079691
2901207152
3301199373
3301168881
150442347
530807006
605459761
2904356964
227532991
7175052
14847084
15464713
14368697
875846390
180572066
45668424
2919067681
166694329
722803478
2804588240
3228570571
297676654
335112999
2371379466
3028968203
16194304
3301116244
2876136681
252082027
16827869
3300994785
2759550397
387646146
2758060169
782426713
1031523042
282120792
20600995
2464606922
43197342
67629448
3068630463
3166885933
331375960
3080376682
3296493891
3300874317
3183257288
347879681
16808838
983668578
3191827327
3300786815
393371123
3229172975
3006475786
220316678
1478845884
523357705
3222391974
282393423
173338595
2390258726
95356776
862544844
33763851
34559220
3093532383
2806181419
27407225
2801177449
15444579
316864750
487368117
2749873795
29823515
3234369999
1097175109
3224604140
16063806
3224746092
1339087772
264273550
3228074328
15628984
2223786077
3064413814
1653083234
932539670
367933609
3228133074
36283147
286853556
21096896
19176382
1718690941
45730047
225747255
3118647785
393782164
3224305309
2744956615
192333325
3136567924
2966457089
1347478802
215593833
16409492
3246734579
3049318635
3131069253
2782584530
2773987511
1302502370
69251654
40134811
42583243
789165840
3227912280
3170733062
551903704
107000499
2346760503
86007265
1549246568
3180094022
93564396
409669301
544527172
81583837
968631343
2936239962
2920177606
3127759705
1096179625
25853014
2355122898
3152545630
1421570641
3298549757
78049023
146850308
21662192
1502282114
110311651
1658799060
1338735648
597924058
811376857
1667843672
343356448
378396541
3227760589
117321937
2414968266
3227638350
2903920667
3226705999
1062969787
3180581425
2832658999
3091923208
1351654945
241203069
2386077746
1267528334
143183211
139137532
1739549916
616996381
3221900684
65675603
153123968
19232547
18921679
790515740
31203
2219995754
181257577
3195729145
60438250
398933667
3299359689
3298521519
1645549958
63332270
3291165633
60904201
326406657
2988223445
1261886142
227691474
3244288107
541760131
109691091
3100618027
18163439
84852287
1687327008
449679067
298496213
496604529
3242544669
2817581872
14335574
43825321
16905924
3293410259
3185891174
407238784
3226611266
1075116476
897506947
3299482330
21511980
21895774
299000269
13359792
271375295
360859842
196933553
277429673
34416126
1471990220
1511782039
3299315494
3299216625
2333017830
3224732251
3223908692
343427219
1007476854
91721867
14189631
70640554
256218357
1692083838
26081641
282537439
66943837
3223284780
272756712
2751793550
1038039571
3294363629
1172460445
14103855
209525088
3226947224
90615031
3291933339
3293938486
172844933
1318793785
865414548
104982807
1857522038
3188316056
546543305
62714019
2346212574
140872573
14880351
32729945
3226413248
80513783
82523964
53265727
52068376
15387267
3191681510
710142129
603273644
3153777566
96034640
241641618
414447088
16571364
3183431203
1522505936
3177234134
834802838
3298382998
3297474100
17503725
175378279
140245837
3226244041
76429628
126075549
619406324
3091805133
45394993
823420
3164042574
299264708
3298155556
824221958
715350740
40570981
217516174
15330136
826105484
2387813077
2776203784
3244151968
2432621676
2562437303
2222415788
1176496020
76655389
1245043848
21972968
75509445
32320856
46793028
3245753603
3298354720
2645706320
14424949
181333648
3039530680
18046365
3231650721
1958880210
22946049
326330339
1357740139
167392600
237998588
1943671070
1458664716
3225025242
291935869
2230517221
329129921
3107751923
564117024
513362372
63030913
25395970
29233280
226739468
340022557
14748338
551195226
2191853287
3226172076
312559149
3009238875
560565410
232267260
410820271
604532726
1655758478
47284421
552406889
3294666766
3226179187
3048590174
1011070880
3222441368
59102793
894305628
2324310229
220806111
3226019256
3124189449
52809274
63826731
3293313309
158446814
2247169242
2985847403
345538971
546557011
228284324
574284504
20835512
22771472
117349660
2891374925
3225711174
273024065
3024683040
1220481150
149557492
3219146534
3068478883
2522349700
251292216
3224924825
2990143720
2304957175
267209575
40280214
2612643259
3219967111
3294185589
586142694
21635172
2446016028
2921223854
3297083337
2156536816
170432309
3225574190
375533147
1154955673
1436595553
298847226
379744170
3296970347
624351246
1595818975
297961756
3196947817
245270510
2933440295
724518961
125441500
45443203
349046979
2989105059
2768405887
313432617
2732559981
3296542259
182514095
117000212
72022947
63876282
514667085
310052111
318251712
14314377
2864240195
2273695830
3258062705
2337213204
3224947057
3161238432
3224758214
38330759
2381650782
1051881554
1330752079
3095161553
2552812220
192490080
332512433
199364153
40103695
2801043823
176051990
5870262
1005662300
1057051489
2357160469
3224686039
3219528122
20905541
475482648
2591793679
1107413426
732207318
705734486
3291560099
342813351
16465358
1062755256
27917424
483172085
80108119
3293328856
2829518264
1872292022
267215329
518681250
902366424
103542804
233278338
3119244196
606792413
3095680360
211280897
336761734
3187445210
13469782
20584439
204072990
119933244
2252127901
3193801292
3154505168
3224128896
262659645
1394686027
329561508
180826433
3221611327
3219875833
1855332924
29716285
2235919609
408664707
3224022396
2266707099
630956960
3109353678
3238932375
36295618
222609864
1591443828
22318662
2924083265
3015904212
3292331319
135113396
2650036297
2960223025
3091183229
3222915349
124438153
958389512
2892807600
2982849653
3219718944
1697303052
2664957764
2579121335
73356196
11876742
126293431
211712434
298897235
39299805
66374843
347211724
133004391
3223656169
3156984265
3191674323
336711466
1921198248
13179472
93841531
267365469
16014161
2873899760
15197457
298694015
2567785525
48051201
3294241066
827464952
3212588250
3047644658
2479574064
2323949312
1400335668
2159167539
1199555628
19588688
313823949
2835652007
24382807
309109841
100073731
765909360
129802064
71957357
3189073393
3235096179
997539548
537327307
284367976
2943404349
2334983871
2771929178
3293835885
326597147
1085609930
3003123571
3292749273
598345393
255028178
196312762
138832113
3197401326
49218619
86964490
16162597
3103976855
1106386039
84364674
702246508
3111050435
2369441148
3200023386
57291008
1952381442
3055260911
35009475
3168242220
2342219734
14576320
78520324
389856337
43441268
2338110324
3247197999
1711446955
113786972
536680944
2914506976
3119616587
18530494
27162577
48145303
19648820
317885266
3190221572
3218892150
2796726020
68862301
149520731
3192447452
2634799944
74775188
15021056
3222646434
881777082
101800083
52838815
3144950220
1643303280
3244240636
53647635
6205062
2946664513
2938884498
1148598151
15823360
1059882140
3289988080
303099479
2883283491
2961279789
313222242
807531384
37700120
115145169
1440253994
3059342507
25480236
28199165
3222317077
354441723
280591409
21517517
227653428
2927279611
189667670
1219515956
448715511
3289723271
8927892
96755316
1303473698
3292529541
3242864975
770250108
1137776041
351623161
73577363
150623323
2229947198
1324555033
88876740
31095715
71338437
498168258
202047286
3072912159
2574452335
1096699856
348940496
130759253
2269220742
161069633
2419765836
2808758792
3195029540
1621953654
3245942806
2927870108
196858143
1576298396
3221833818
383515896
3214507592
2379070850
3000333624
41540906
823498202
2686353036
3292303138
96801540
41618407
95904382
2896352360
2362437151
3292235692
307752908
3196766960
46538933
865312650
39231221
3220917258
24062213
1833931914
2583050974
136200271
381781261
2219908250
609441106
3289646825
2420167920
2147830016
3219755125
3218929766
43534064
3000183388
1276276237
3043978437
3276771015
2880390917
575782857
1238171774
3083318561
628336002
16963532
118539268
74478182
13166782
20602853
155298878
61455119
564740845
567138882
2706619850
2159247028
22921513
3291360311
16894681
1691434364
11173992
3156940026
2595606180
2596600146
3076819506
2544191336
2224619360
2473332542
63535096
2155767989
1013011705
247436687
49779389
3221331907
3191172268
2310571746
2377547924
535770131
2511939996
3245845065
1287157046
2972843919
841926265
58717900
3191719742
71257204
3154341782
1882214527
46952630
2746192146
17961735
2825881105
2189053809
117785680
23134269
72128815
2184958591
170393291
3132529308
3098602632
3043467476
3198345943
1671755304
190432838
953486514
3219925429
21412336
1499867324
352021853
194026956
2579216623
603087642
531143905
307136360
814099682
254713150
60655481
3219693782
112286700
1151467836
28607771
1002371862
2414465192
3259948251
93867518
1300762045
3251526071
2479958388
242868649
173701411
2898438970
382622430
26029540
2961491002
1229795634
103135857
3290440618
1692677340
1536638095
2546561233
1380739087
868056000
45856842
2363227898
3031472841
16032534
170363089
3029839168
37799685
2326225524
1719565014
3237218511
3233658639
462327276
554453536
363819469
42630325
3220348614
417851416
3290085551
3290065919
633979997
1208740740
596338103
2573113778
1297276327
2710446369
238626250
3224294703
115400451
316382193
74024583
2366478270
129486132
3255633659
3219986719
3248952280
1224926910
1320103033
1491600949
2982485350
3220071554
16156825
3000717301
227759292
1181752944
487307800
19977613
14160702
15806953
307366032
137147180
3186785364
3219484633
137608405
633388488
28756133
792743797
3168332553
15577955
3264707601
1245057192
928683156
415281888
15846003
141334893
39307851
3198079268
203781846
3219890383
22300059
12986492
3289080981
3139795284
2852143281
2961632831
3288957779
1169965074
2790139785
95639498
1552550713
2801768915
2924832818
148873588
1286095664
1864092726
174514233
359634100
294111939
3042174231
80872827
313809981
33471123
2604772813
3176939126
3194843010
35089665
434456207
2824119201
599640500
854593388
1886779825
16911506
412630114
1094388086
602923093
3288272595
348409211
239468191
350785276
137212320
21148338
3181598792
3042244767
3288222765
25852769
2479667576
2993137136
3232883026
3197258562
456089375
3188876557
2847917782
208967232
110388628
225370653
1690077038
250470736
3279695860
3185722824
428454092
263066536
44622144
42334161
2243573892
401370818
700373040
2512228844
2831649733
2612983388
989340320
2787598061
3148490006
87447550
3186279546
3198990913
20414934
290111614
3152542746
30793876
1716453774
22747896
326842616
9301132
139261766
20831148
543392428
86781925
179989740
3226941111
3118974425
3217316034
3236284936
994265306
3281918037
1738214208
3239193621
290748323
2633049061
103139297
2600312420
3215056465
3236016309
278140069
2241701120
165334533
155137093
3279312850
1545396643
104309964
604080504
279708474
575647054
3239636043
2700831278
2870960283
2852936780
276285565
13492942
197471161
2567741858
2420979558
243185782
3254556381
68020694
3274241811
3196570902
3199057140
701115152
2306359672
3256794634
503192953
20160987
2877437036
249228415
415901903
284916100
2555543228
3265331261
194551332
303842277
27150308
521315237
172510761
3199260535
355366152
242060797
2737564416
115452653
12166182
1288859594
1377181130
56866912
89868500
1139956837
2716926439
353728298
1110545630
3198459457
3139670575
36613342
70415856
61520809
335765894
225276412
3264435159
18848827
232726026
3012749150
149259387
18179398
3195648643
431699035
3207075340
412943768
215546698
3037029846
2234183112
2466033943
3188968573
1914248354
2906515579
3261957005
120905647
3131288740
3197662777
108026046
411462165
1737803065
220147657
2248097316
116218092
42517968
240422006
2944766033
2198787168
597240134
414344971
2670684740
72756299
126295121
3260617415
872266526
1197174553
3255843143
2925859309
2484595104
2986125568
2920904823
3101370397
237657250
80579557
1298510406
3194976786
173409210
24590535
28620511
569778334
52423511
2414975658
2872769948
3160410901
2838376877
3197010966
355154816
2289036938
3027105465
2401398301
2683066092
296195644
809223212
42569758
2862052763
3147333745
1422134233
2951843182
171308071
744185592
88550860
619260852
912612312
3137361859
362169474
42072344
105023187
81020329
1138867610
755110873
1770181987
3258673750
825934753
3246431075
827106108
1962038881
175434681
2347679177
3168790262
574979632
21131614
3258387412
2403138618
14753449
118241879
3106162377
2953199051
49392211
2228726070
165887442
84781129
3257593840
980429436
3257699199
3064221987
558038348
199383903
20516276
16528761
48271990
207118066
199868163
3236201411
312891481
39662208
323999676
2724938508
3233965955
249619471
15468606
1151185789
408790138
2778931730
3193395277
3088601386
636912881
1224674702
26443861
2663876812
3118463331
3236455342
3179320458
602647322
17113223
3172033912
29032570
2293728462
2351376936
1689953084
336186421
849744888
419232286
2475259177
3130956723
589035020
3183880836
46521580
45621261
2890068288
299602847
96126029
14265109
3102513643
863548092
206861438
3244705665
2786941275
604902486
3194536471
3160301744
15612875
300944532
2638860742
3236707144
479940110
18330333
753951654
3195929983
162970127
365956642
86825818
3008490864
3194458310
1979646530
940454450
2850809500
3254889645
944847590
2345832061
22225664
472343176
40835001
84464583
3193623877
3033084517
374433020
300215965
14168796
216112511
2944435129
99019694
34643730
161835301
243778614
1553743112
82621253
1487510162
869207402
7295172
3094833943
3198235648
385798425
35408278
14332618
80497417
86566250
246925875
2972306771
385520125
1227995594
3099557572
79463459
1428104917
3121295149
3151624527
241376667
201888814
2896379127
2942435134
147143845
2550228482
3092150338
3252902787
86152417
84890824
356528579
3047330609
809765822
426323611
2931316505
1890027752
3244589193
750708217
919759033
208668720
2921403768
2542015921
3226012324
38229603
128224950
25198461
166236824
342694019
270535653
729505717
1095107280
253398843
1728023450
458200367
611136135
444796180
60287424
1370338400
83786731
166820752
15624616
2283639962
3253584531
3253530994
2940349627
3135562432
115695471
3195091248
2245274671
3209208682
220401952
2431655936
1119185881
201169434
3088693094
3192318708
157695770
1164040824
272002784
61008047
117714319
34096688
2753843437
3226133758
86949080
987929676
1054162795
3252961731
2835435632
3041191
3193136450
3171149180
69497563
2440007701
1150142905
58291599
908452747
3194315528
2922080935
2859986445
335881434
3184786088
110618635
3183210895
286464326
14805942
199589650
434591187
3156602537
388662370
3246730347
251425172
3248689773
2757453737
871212102
3191473982
3044792044
378179884
106757359
3105453389
3246635596
24135950
45421001
2998600999
3029286525
2284380278
110137084
525101803
38522072
3194645574
3233215012
133026909
597848679
81164132
3193735352
61383796
3237224567
152779409
832586414
883368992
3117881583
198322680
173128492
2396206766
141258804
2998232596
2571877574
2369522168
2486237597
3194571925
2821001882
629214490
309419230
3194498798
15230887
607765711
3194142758
21102078
282503144
3194334612
1335732210
2431552576
153235400
249676757
3240760911
989636503
844674126
35009525
1574439008
630005443
3017773835
3145219988
83171590
214097009
3007891749
15641180
3167084570
89694387
1861923643
410489408
46877600
3194137868
2511924534
2491274853
3194282275
37013830
163019957
42922855
224887940
16490956
2707548102
68078732
227319577
3054911174
144832634
67635179
2782488569
2948997778
286208910
3167235328
2728405534
2906553131
3198158391
3243915850
23498250
435636504
229957544
3193929186
1888392194
2562739142
2832191953
2263886054
3191934667
846609642
935958667
2362014402
480502538
21839927
3245638053
1314369793
1546935175
3208180774
3072238314
3234314506
315983170
556312773
181771708
535739157
3189119882
525461427
3146090071
1512070945
226379063
1486820113
39925160
18993114
71575019
3193716528
36279784
27783727
563383878
105632306
3121144983
214718479
41222853
95779946
308728624
493593214
32964902
3247781566
18353119
16195321
95244047
67929970
524901283
25655084
3192381074
39802578
3069245285
95455629
255949813
767142962
326251160
3248916334
376897186
52161643
632497213
223625670
1631398309
266180388
3193577448
14192763
37286919
18654899
2302043165
2809742672
54164492
2685634364
3202373357
1680318638
2428580940
21773180
56728570
126946073
785562480
304513997
468186996
28621808
3148598850
3201969700
82140276
3238992124
3193492524
154174739
10914162
3248179265
3115749928
47190885
3030264277
346840734
864361759
308193318
1326987678
1951873891
2605129927
702402062
516074392
26150312
951416358
64310165
37421021
2476859479
19967858
14090019
3192681948
3177479845
291138753
24211425
22699414
1215184956
2998662848
3219514035
16973870
110996988
250555644
138070782
304707815
613124874
2284053114
524258011
1647968072
77636626
2661390810
3247642121
2577057263
2532618715
36682918
3116605262
598093731
2478150649
2876691503
117889400
226580169
103857202
3026869308
904086122
49988737
3192844073
12504192
2270816930
2276463808
234105387
364168044
78915041
564764996
3175425302
1158682488
474973715
2953761
321381207
3049038429
33619479
34941043
59475252
347991103
3192599947
2690477970
200426176
2900807641
3192839455
123467710
3192651600
3245323019
2826918505
30693568
3192768116
93425500
3181276632
2383250374
2783928222
716536490
89180841
2296884848
1327867824
2163143106
2329531128
3246963454
272044861
766727670
3185728742
279557634
361428630
1512673172
2478660487
25196607
216101290
3028972367
443120514
1191003476
3192673909
265630852
2755173331
1192715683
33997304
194330579
107496572
1425514428
2871071445
3085654570
3148326729
519701764
3246940151
1865128891
77343039
449873285
3209577682
3130526887
2612463805
2437129722
353318834
183463695
235383475
3246695175
23690789
356756657
3181109150
177238754
250406177
894226844
25117018
48652864
291353809
2424233382
601194916
2638101901
68653974
1954019288
333511513
2434886106
2388054253
2882315549
3187874446
24295712
368429716
601013393
39286645
3130379426
150271610
712666219
62458440
1647955928
1211887789
290321961
561414466
2830754359
3177586760
3015277702
2211554413
3191028672
125984618
130570492
1570920205
3188470402
115752698
55459236
21273819
3224503671
494908971
2900906106
55990545
1217225126
2807989242
290726060
3244396773
2430642103
266669219
323728424
995123330
3246185481
3163145022
890973956
877501820
188606169
3244039750
317014795
2944236082
3246182165
22087064
115575024
623572706
179761202
66965741
113603823
105441841
44398339
190977182
3190696052
2878086532
1412450256
27212410
3055915087
269745230
368828797
2517787183
3015962161
214230522
2912495689
389131021
3002670267
3244047520
70677289
129919134
3047435354
135820027
274559570
335028723
2161406040
3172102783
517954098
2489234408
3184190095
113057541
3191612858
18083940
3191629333
67696635
2890420482
38956264
121973471
3188103043
2920615984
69614801
17050902
147914945
2872825875
21906543
1149728682
2354486829
70412579
22093609
18640137
2612235979
966874794
21449876
2987876361
2915828232
188133563
358402694
463481681
2234471595
2451962988
17059287
152867319
3146724107
3244298433
1167756324
2437435124
2409944544
76307485
245226096
2407016360
85464613
2903045327
190138992
3176562683
607898054
882133495
83389495
866349235
2927361233
539346171
3244148231
3237064725
296080083
2788028664
576629796
85383773
474984311
3243333688
3017465053
1538622086
73662190
3167496708
1313521843
933847476
1099245018
110493306
155532892
146340390
3044743793
188627799
405664848
2332376737
2982300111
358534436
1857845628
21801151
634367605
1661240444
3190732554
2965018039
2466660812
3236784196
45790548
3150258087
760466436
159476866
3243445996
1145171047
215980196
205454068
3244545327
32983384
353897740
537261628
145667719
860875957
2265565921
1358621462
24841547
127799203
84080312
2320799292
42628841
1261483262
793796731
2282521014
1415553962
2598548306
2897881994
813073916
3187214900
1350133459
2938864783
3065998448
17889656
2501954826
232047189
112755542
2160486464
3244395472
445775294
3166130293
64388643
74227322
250760406
3228513112
3171853246
2361792458
176499384
157786119
270138399
26992127
3157929691
212073308
505322171
237991408
3228050507
48019682
2795407184
78698840
3123176190
574647491
191322475
41364635
70159171
336320044
1695128318
372842217
131095184
167090979
427348230
2748151309
2512831838
791537892
3123677002
339153639
21690139
3039735587
32330868
195224714
3181961430
610231550
1333551781
1581199482
3154664655
219505768
518452178
2822689117
1846170001
3241259111
113875434
19392832
3226131599
57752352
2492285366
3242679827
2230615418
264687931
3243355857
616365147
2801821855
2394359594
456270634
1002656911
334956389
2875522599
271508213
1622985068
2926794630
387852428
251609004
2542744767
77042846
205165194
173366155
2931409795
28564546
371073188
2976268188
222403792
109790296
1863616062
17825517
2562481740
745408963
2247165992
748165778
366284983
19512095
576803506
416248695
117629962
3014400307
479546097
3242794913
566322856
398159888
3241183485
2792838958
174663130
2872925903
2752657018
14346542
1388384066
361886167
3187571219
76454737
502160783
1901442752
71038075
1852507814
1734331261
381147270
262427234
2980644925
353982573
63477828
359520802
427149795
1642444784
2865727549
3167816148
403607212
40546133
223977747
1685354166
2866601829
2218847390
227156356
416975633
3242165026
56991207
1434854010
88139606
558092881
2479601516
2521219512
95986834
3013924951
1198422584
122691126
512486667
258901927
3061080886
963330168
17101746
49294724
2186937014
450215552
3065957223
2902716993
3188400126
93231951
1189538023
1473070560
3241861192
3013196755
15042495
2355463455
478881087
19179543
235947279
3163565329
29063595
396174375
14184108
2533947620
3042190798
3188251164
869660137
3188509711
2823975264
18778006
3153887790
3235376001
3241552732
204371316
83969833
269906216
3188085522
32782057
74334465
239535872
3184572150
2522839908
30077801
2193625442
2368841881
3229554466
1682475558
64590459
45601696
3187122768
14332764
3185041165
27550840
3092576501
3232105912
2367498338
2210919212
3233730093
765159230
3024432565
69873712
20761030
109307413
3092549626
3188077242
3197476361
485998807
19068268
3226380082
3241022823
3131321475
1006016660
743398207
5524952
1634415288
513975980
3240992597
1960802047
24603119
1659494888
2890934847
424385565
19362433
359550308
26756837
2834368138
3186639662
165141575
596207718
440502833
19726002
16815350
2470193383
187829001
870859387
3119656114
3187950690
3138282298
200968231
2981803330
323887498
3182449519
724159482
2530949444
2358633559
137247593
3225293795
130180292
2596447429
2937084723
300441403
3187828177
2428487888
2855201793
25893393
338993067
3239435531
3224778808
814389002
3217869040
505881786
138583073
1630875434
2606162652
139001796
127051744
249415182
548922271
2250599269
3233164721
3187440108
38283129
131786415
2881829000
3175439094
3197305336
2780661349
3240036687
2831420803
2590425678
3235816691
291522397
240354901
510547919
700580045
3187226592
2791886992
2910606325
2817304087
212592449
3183485958
44363830
3237982750
207804401
3121115926
72514138
3239730471
1655574211
2723445210
332131183
2986167331
2802596480
1858741472
3187011098
39607258
425498425
385217580
358841244
319150339
91108655
100842128
311493782
3186995076
3239417679
60648909
615573700
3098107932
3186957528
34087776
19117537
3184558105
90596000
1718088810
94134476
170557131
254000412
2817627529
2860979856
287519187
2484174823
191892624
2693955798
2902205899
120050619
3158964294
3239118370
12288542
3184107894
3151908368
2434700203
21578549
41331317
2885337326
2339410727
317105729
367511019
2183202065
93894742
3227099320
1063591638
54042449
3047454423
2280144259
3180568472
950279989
26194048
437630626
3207754239
1440654223
3221454886
1067610834
1135182780
456674235
2164669712
25864773
3153227909
498419232
1134593262
122083098
2241324452
337791735
82120375
371945284
2928527476
3041990111
300942871
374895599
464326078
123504039
2484169679
1127980248
181994986
415681508
33764622
1071093176
2987240307
562864149
3076926771
408483733
40435155
3024244987
2900015550
18656188
1703658428
2944636143
526077581
218789591
3238269719
3178749223
1046811716
2729880562
465799676
24452576
2232630788
15147937
2319728424
737457193
566842321
66464557
69537783
28529619
2749564340
1915709538
44375527
305792766
3064987762
16934259
3156740252
2985107144
203726203
65147373
174316834
22989877
571958907
783321480
3236361135
2345738546
2916461729
3220184212
123509849
38661138
3213859277
1038669439
1281176083
17858549
17604536
129663151
3237368973
3236253635
2321502445
3165976382
1058103482
1703121848
153083588
455113586
738955507
249102370
3098284939
74102206
3186195248
2225734952
23356663
386691533
3018423110
789995684
3146952692
10974892
25801529
1671538874
263282196
720088800
21824248
122402954
3229986203
3044342042
536247299
2447526650
14878830
78614517
3111704578
1243346304
333714656
27914384
123410246
3209524475
337293603
763951394
62496315
62137248
1486517167
63229338
37005340
17619019
3174253313
1251625370
282927673
760542356
377636863
1495219298
1639154460
19037339
548444017
3130870539
94444539
378208429
2273097191
394942127
3028918779
2216967703
2874422700
38387329
107672725
155788658
3235760127
616051262
1263588396
2755692271
147599822
133597319
1582072830
265045278
46567168
447669862
40066325
3052698953
384037815
34457320
2152416505
124493164
3235537187
11114232
50815645
2559115873
3235443047
420548526
547160456
3184395026
2499057165
367093367
1062051216
71844505
2529429794
7226932
2848004533
388894064
3131690543
41558768
1072595377
351389061
2801384072
868251428
2747893905
3178955576
2943017049
123161745
72308121
3154280232
407252145
3190879469
3214777347
218812005
396673904
28601036
169375086
2489860975
199760069
3012038498
637024196
402368583
2451522066
584249939
3187084199
44768920
81763685
233747801
3185627346
417943549
44434653
3233849254
2932691489
21735384
10068032
176668244
1705247228
15370194
15069440
304298721
3044847669
1638264487
100209287
16675588
2984717413
83606111
62226523
3185460144
415769681
2188888560
17533837
2716831550
3080225483
2492018196
3037435547
2941024268
3233590673
2964878176
1579722140
2992685754
844957362
68087888
3082135739
544522907
3233604815
3225154437
2902251121
480523124
3034788629
2389236948
3063843932
2458596726
258480773
1929822992
14085604
2532027881
51555775
3184489442
3226347069
3222313013
38273964
3115093919
2993342887
160178939
3209536263
46211519
2868169786
160541042
2906646252
467408204
22047421
99789877
3175870819
373995325
1584122078
553727297
2582924111
508215630
111261689
21793410
359413142
3106412491
97445096
1490974368
3184992506
117356313
516830148
3036670619
58446067
3184921302
3184924292
31601212
2976923286
2172635888
412587735
3142241873
254688939
2896277221
1961287532
481391900
3109396505
3177971388
3168307063
3184712196
2796273943
708468918
1347808682
212822376
25829907
1489077728
2388749522
22512551
463178194
57469874
3140100084
27983472
383521428
3184639890
11448
2558134794
2956687694
3138683457
1872874393
65922750
3232003749
399562348
22050197
48528024
1865641777
19712556
470627463
633583835
1272459144
969095479
15628190
19846202
3145545311
2783756149
3227236365
2468287662
1708572716
254190299
1960568534
716919691
613755671
486785890
133779974
109037002
29152749
1270275000
1206551378
149997941
2470077738
1589831406
9383312
375571402
3184401834
103881024
3012886207
895912268
2263559756
105764480
219369535
2183187897
146216721
1262377176
2807737843
3023364969
155197392
3184349852
563297248
17051733
867116491
39109618
3023322842
414895824
3221301310
402084110
395072691
3184290523
237275726
3219785878
3230620859
115409760
25010901
20404507
97477707
940572685
712257493
3171117900
3002906087
3040157956
2793881276
35538800
2518665167
1493126670
86814536
111560040
3122389287
119686794
620781322
3139525090
493952477
496743638
205158048
190659812
3104113369
184800447
2893514376
1119678973
2329545573
2174876164
99350200
339520646
223725843
484331813
973293242
2891545605
64190551
55883371
559422180
792774392
3128440706
96204791
172803569
18814675
203270069
21962849
476810859
3182081784
254274054
283131696
3223214314
1419040710
470616346
157453306
1962155772
3192237807
193439849
976039243
65182858
259082160
17349844
74322740
6816
79478369
28978566
238801521
3229217051
963875190
3151760422
3210037553
1382951136
25623301
35232249
3228976385
293169495
26329752
2792862515
582322911
547906632
1104217765
58108156
337013030
1660320812
39532409
1391127217
54865765
580236075
2181122031
3227185845
141249352
293579367
1461106063
3092703921
16001283
85703491
504583328
95557489
69080265
26369614
64982347
2369543216
6368162
1671079152
37052065
32554223
3228427907
2357063346
3228444839
91185580
3171881101
1927849128
2766588113
21614668
68521130
2578016490
16880649
1073929675
1098909866
3182443783
3228183989
456657840
472007565
69800393
3149199589
3228127971
2773855418
361455617
67264203
1916781824
3225984785
316788629
2183855244
569097228
26603808
320973300
3182586390
3182596532
90146415
1054694666
40870430
3182587243
3226446178
1631103655
580669512
3161727727
93858786
167428289
39871064
42347347
50017793
2555993214
259500064
32888581
25069155
599744828
32131645
88630069
18108436
423400209
1309162087
114313877
192437926
3179932206
969047953
3227381398
390703595
33382659
1604088902
443319773
384802914
3139707096
247169773
3182245794
60330164
3182255005
82915708
587539189
2886638815
3182143974
185746372
3182165934
3168914888
2949461242
428929732
3063686911
96535586
267007956
378237712
231864023
299412471
3092048782
181293293
14286737
941626009
2729142601
2918083385
3045057215
3165874567
31239180
202652936
3197702507
2364689888
1521392388
3181952658
20844620
3111258616
91838275
3182071297
3180049951
3214641430
2914947218
2359072836
88696361
2832643811
2308832532
2745782713
72530083
2875937664
1889985878
1496730619
18839219
3070308649
794542388
3224513321
188384811
49543366
72728026
559368005
2469603396
371794049
1977632556
3077037422
3181545523
887287465
592243484
94564590
18227313
825621961
525528399
51074211
1720737062
148138571
25645655
15405238
3181696250
2380677702
148788662
2841188040
14362436
341567159
28862072
376300805
3033507983
3161544067
195328413
2829945430
33712956
31123163
47634092
200472335
55518186
20430020
3025652572
3157351431
1386234462
1372457515
47929079
3180649442
3225268167
3181455079
2465244770
1579720069
605614036
3177989785
28996001
1465589054
1154088541
181563396
2218311198
3222295323
212464596
3131567416
3152332238
1173891584
3103115659
17424359
408630436
22361872
3224867793
3199637494
3225338350
750568340
3091190753
256457334
89860333
22722990
448077114
41412306
2251129536
3225534377
594225997
3215508130
2251744434
2830444980
74068605
2854742288
124737386
62743576
2817416063
1969286923
21785235
1688744653
2232177826
3179168551
97197134
2357103002
3196133867
2724458551
43320493
414519297
2194190760
255948191
2949741783
90290881
237888165
76671718
2993828491
3105412026
492301693
371351514
3156932149
387437582
3180742062
2891324006
130044870
373082255
2731341593
207594183
265594939
2842096055
2842635861
2355729601
3174725293
32542086
78468568
1269548336
281406331
402236501
392258987
1633048944
284449192
35770317
305941019
2989445125
24835372
2982078561
559822440
1363314320
1316872604
17147827
1009136299
3221225919
3050361598
330377678
19956777
3069073287
2892651924
2596019354
2749760485
2279434191
1041639684
3208184753
828257185
837330336
50772421
787912705
3078872053
3097952769
3063277368
3013124521
2887310472
18185343
2781385720
2358030254
419295154
1039283312
2805569354
14724142
2484712447
2686405808
2709094304
812495492
2959290915
2877391741
1167143773
2421037508
182604233
2454256224
466207944
2890483270
2544794530
3200974121
1411760178
122793833
1152990475
58474582
550024001
1152468420
594343521
28415646
2873542540
1741021
14400252
1450214922
15371220
37527830
2825817130
1656976585
3213294088
141756488
22327988
170906723
31221151
910762021
716044325
1009415190
2997482533
105192407
2955617178
538253674
2954831081
548310711
2957308521
21551175
19294186
3178519225
3208041448
588202267
438338176
23082510
1442157660
3028972269
3179708928
2459650637
2977616440
932461501
2479941793
1702862712
2495210088
2818613821
1901453990
151358949
1668989912
236091198
3174016887
142863088
3222151455
3123266420
14450209
3070565383
26518177
926084672
465607834
40970839
3164357837
2359406990
3168307615
3221967448
2205160058
290199188
3201080553
3221761079
69170712
3119246211
541734235
39210714
2523394374
100286932
28496741
272641115
234026779
68169373
200665075
2832738074
740761610
285678491
457678450
21947176
610212768
621094552
3074568947
102440012
21771290
22788754
197469335
3111067888
3103109224
2395000532
258928046
1835435113
265020367
3179369336
2829127184
114345119
118434773
360401550
36938040
108450320
45623623
2501635278
477454975
2439514562
86981187
612053
637377175
274090645
2951448142
79637583
3047889957
886583779
1542632580
1518604538
263704968
3221158132
2413454444
240488612
732932052
11920442
3178997364
402348319
2973648805
357993551
353171958
440571990
2232861188
93166429
2354727146
285271106
2733719647
149237246
110356858
169632922
398939070
25472828
1239503119
105581478
858989521
1239234348
506920386
3178741580
32527107
246331907
1497733795
15155092
3215281533
306612603
3169055552
73580918
68654628
3178687230
398927148
2992609130
19657199
3212896162
15362260
331315798
378448682
1447436718
2994703866
55137267
3219132521
438751517
739699045
2630552821
3041536241
501391831
354539817
2329712918
3218625735
522773790
2194489830
1581038328
2180839723
2443215756
151038765
31011009
32835906
17551524
2305088875
1148846479
676493
3178471418
65645186
629400344
492496769
283048715
55790422
101488825
105575429
1455990733
2363913996
267434943
3178408664
445513554
407215343
1411822986
1351213022
2775221720
456471376
87641669
2734650310
16403932
24750829
505001921
859115521
621801008
3170773320
30724773
29213921
3202359159
2288920309
1324871965
3217329705
2358595915
24818053
105607944
2865219320
471329245
3070369813
228686453
17576796
2906550089
92392386
2591890998
45898739
586732629
621435286
1377980191
3165951481
2445516223
3178103119
757185091
2603165328
7801272
2827301049
1398322998
3150359678
3168117924
77602435
18892231
797906395
3075285153
2785427642
3216193641
123831576
411560795
58438612
1383923665
1383232682
3177527894
232459056
1455860906
155841448
3185353240
26739095
805890722
82824126
2776721773
2561703312
18199102
3039408623
2465603341
394146685
23279743
1687117507
99173627
12912562
3111242823
1135314828
2610897666
147987961
867927734
258643111
130173330
2309414293
554587093
419140992
134223888
392055035
2579946935
3006439054
2307454866
1078035014
926884928
2151137587
3182356925
207482380
120585240
3214681967
114584062
119144878
9679892
24696786
3207895751
366161187
1129135267
111532437
3096241096
1321849290
2307414924
952384568
3214520963
14884602
3214370241
3044301963
3161550012
2321041416
2821270101
3130836958
125427383
3208460098
3111676023
1546504586
945723835
2956312120
2271821325
2806678454
393282639
956303089
41754229
123627422
2858355013
28149588
52565336
2843820299
1648336740
88567506
2834375171
3190792883
144425535
2584862192
194054065
222153078
3200782181
567432517
3213221272
121786481
3212837961
986054306
1515386851
20488968
48753234
3177523485
19073034
2496721314
3050053143
2925045192
2984602102
23422874
150913809
3074232573
370846809
172738496
143141974
303779632
3204289888
255035868
1908699068
863034115
337273137
135416665
2940212574
3098848864
3159466561
2238278699
2602797421
21011415
2885633192
142063082
2887717901
48675664
3171349605
2949138976
300076196
32962270
864176629
145200707
148200553
2429322332
112292007
2944388095
704168204
19504534
3173947477
44326716
169441991
324730315
1489061310
42094321
10507312
3111898899
1439818303
2952613678
165119856
844380692
2816753078
3171798311
3177126786
102336040
106557950
3176991666
2178625855
50234947
3167927924
894749474
397150912
1016618148
3178122003
63563589
2285543329
312892048
2843127089
81767355
166162568
2177206814
51100780
56968827
414946810
496095182
34637027
779080536
2427901410
585112932
294096428
15832797
80896989
2990077930
1864227830
30411456
3208411972
382659735
2914612231
2554313179
3051617924
135572716
465004554
119007876
85168036
1959011138
309938431
57266487
922316982
398898234
1470704036
2919296516
16407407
77004859
3003883565
2927057424
332540548
166283740
3130768095
2324342238
67599141
3208010529
2300128884
249808266
158047268
17116078
2755335865
3014057280
2965131057
76714524
3207907042
3081530733
2357423178
1319427499
47066757
28275792
2413841586
28949159
2357279408
2678863664
1965048548
428224542
3175747225
57961982
92222138
2861757285
79680331
3207732711
3181820421
2529980293
1725578689
2356653584
3099325155
2975009115
2209698626
2177783264
3196078173
3171687518
203833237
3102327219
19234013
1544707256
1033974746
2159057118
2358501031
584998981
1202889930
2886800202
1460729292
28363042
1581771668
90967832
184216557
255110721
2555031151
2763180946
3207671591
466499214
171415101
3199952205
264959898
608197120
194277368
274744773
93072656
2977671535
73201680
28661487
264820840
1701223825
3173549419
151263712
1663246747
300748057
7499842
124244309
119526360
2372290934
1358859914
28445480
1494251292
1714898665
2195869596
2605970448
2833975354
1910884105
3206396697
188936621
2938078929
3149636338
385693793
917408420
2756242707
506337184
213346474
3062199325
17749076
21081050
754994659
222282758
2357192030
239439485
559011654
30083992
3069977323
713180377
68023178
22983906
3142142926
327263820
609879562
388646207
38841746
283834963
166290349
66685939
22364351
1004848140
3071938098
3172197956
2354999100
3158233074
179988569
1511607289
51400420
1041888420
2486238007
3082419592
2954407130
3071530367
2183349416
41251274
2957170027
3202730548
3134895271
199853365
85367551
1490489479
2976664721
37297813
271136134
371797376
23929519
2889170347
3168097735
456125094
33935202
1412593254
194974326
562675130
3111432041
186358326
52532388
35425451
23154490
3164092629
2355277670
957959935
3168684980
2435945737
969640460
1193816833
494039919
37127492
2444530890
2248836161
3131116420
206493423
232088987
569712835
229382205
188501887
2826040801
2266203515
42855457
113359452
1549672872
3202629994
2772726747
1944800935
3202406783
3199631775
2965364689
37955943
1199912574
331925566
167812885
339332184
230540968
184325813
3100100263
417013166
3066058703
2861261169
204454416
258137512
3158198478
23536041
2355546043
345137379
58203481
840082549
12321462
3068886803
14404413
240825044
140905541
197993109
64716563
79834781
91394533
90567753
55190529
273110043
399943773
1433852347
2363399953
19906974
50798995
2771748208
2985965025
2898552661
1090205112
2349945884
34801366
2788244004
2704245144
40557085
306423117
225333204
77471722
3201038632
2365437409
274381213
59421466
77025080
77148221
484356329
3195635038
454158493
7641672
1878101204
3170578814
162888476
1638125486
2787733945
76133133
946608068
2968699539
2891332722
129070131
896984544
33483561
26204683
19653178
1282928485
93738525
3158116242
3150265546
3196596531
245279326
558057782
18327490
3042044974
1223143388
566465529
43815536
2717921864
3168423901
1489084886
23171894
2484845630
258102446
482541987
2968860958
18491713
16806613
2311080441
17103350
404483058
2620691262
381342760
3131401875
3033791635
2914264465
211760198
35226453
2735735235
16356530
424685481
55171057
3027059780
594180245
38527891
2723169680
569485011
61494506
68212172
96420441
2357124888
124515431
262338217
1446921763
282770793
48638339
24422408
342994606
2971480942
2166897139
813353287
177561445
3032734143
21438853
399227819
579717355
2861231392
37600019
2907529167
483524149
3198474947
596573706
2475877822
22272883
139758754
48068229
574808801
3168987830
593343989
253612067
229025302
22406387
68381749
26106693
960703393
3185178124
507472842
965101160
546008424
34193546
45239127
126408525
3180921718
800466259
14873713
15779050
3197979874
3197972176
2169419556
90816222
3194073113
96534217
3174545975
400643514
18452865
3197493009
2934763790
1898246780
2785274164
2414086556
188001224
74214798
21750734
2970991923
2592737936
279154537
2469748382
301692011
333365819
124114334
101029571
446757085
633052689
100934105
2441003858
3184761297
2416544760
3140499554
3168254120
36268659
856813400
146517969
2345576369
35931257
3099380371
1351662691
248479925
3064204668
3165756860
871920456
3040785841
576885027
2416398480
3168088166
2250981337
389946569
862359823
49881709
17886711
3168037711
1948348868
2889266509
3066195193
1525570267
2422400076
536931715
3158074218
3116793239
987942678
574093531
15446520
310392216
2949090111
84333432
38338806
422869211
3146089523
579228041
304647350
2993177170
2808020949
2997487116
434458453
439338897
269967406
481813710
406609538
546981543
7890752
3160914457
1148595966
940296890
3167680940
195507838
14050879
389297134
804657740
19802717
18377256
3060844378
62051884
2690849246
38991804
3026341343
936166561
28774501
2713317636
2780427110
47072051
19347815
72522288
3006358500
3119476673
185336624
526080394
1252228724
3143922753
178202885
14511790
1875840811
30318404
14752446
2828066841
736995728
55803622
147703306
138476872
15394445
928725524
336952774
16873888
3186191386
3059740014
549904565
2742785583
2441776495
3166279040
378472153
3189995165
2511843020
1107554455
2990821674
3167059920
3194147651
2789581777
55751725
3174011854
722672298
3143426025
14970716
2788976806
2580395558
2218186358
602838524
3149707745
105444075
88293374
2953034185
315875023
2490004604
2987777950
394229122
388605285
3094896312
119521699
98063404
3160522970
325104089
301085800
3017938355
731116446
135864310
2284319256
3165908226
2889406805
536839502
628929649
437081273
171223965
8199352
193439457
229528046
18907118
3073868005
16461992
3181115487
2355337411
160926377
3063924638
565608178
2723963241
18625087
1327885147
3160303242
361313983
73874375
264201454
3097641382
22141852
808804213
3172567053
902335951
3187442933
2553248365
13160652
74129302
131166940
253110826
54895894
528862982
78029386
3174149325
55877919
730635480
3191128768
2429831713
532290915
1589292914
419970291
1949729641
30063894
64800673
1593371760
3166793760
3073477014
38553755
61106361
207217984
71446406
20251241
19051765
344131999
3190592483
14310751
82231337
361170887
26480807
26208896
109472462
3164646259
465463553
523002945
1649585485
291878517
3176019101
420227117
521810499
33786509
268840118
3169149172
198808991
94556900
366528585
277006132
2339454868
326497289
318690467
55787713
3067514002
3176710618
1212634962
233403219
120931913
2493644672
540257419
1949893862
571583240
527652046
95997688
165590251
245426085
231199571
74847117
3154466552
1499850859
225247222
876950402
979632349
15629073
219727963
526955904
2394071743
3028951614
574191683
136803727
35726809
3188640532
269956003
2774709608
19232318
865192914
275163169
923381358
750959930
240117678
517967514
550448405
546423631
401892188
2997028030
1357434680
535714704
412452129
3175136440
3002977996
2785317511
3118660729
163921563
2853395931
3165896515
1060253784
99451098
3158467311
47622479
3046277076
1544350350
376687270
604384343
216122187
248913046
460628422
152985834
2391605084
2635661
3165772687
432715740
836236069
1536904362
1207270728
3180098517
47412785
2792498053
21058867
70788616
479249609
254130741
3165657913
3187388116
1038714708
133135675
1900667101
19272436
143153919
77760944
219465478
88614926
3160954364
2867285529
333735695
3175875472
973935426
1377544057
124446422
2825987316
9536492
15234632
2578158764
134740989
2877658779
1218930709
2926015410
2801905212
2874706955
271783570
531742691
187312447
636823703
408143395
805352576
260070095
3175005351
502514954
319402004
3161890621
3138211978
2973764777
113869000
3164403122
261562741
121929031
443901114
456633523
3096747169
30963713
1451868559
867726282
266252530
319849964
226200102
3164052436
2425795632
123140922
483610346
352499959
55075227
633261730
2959478812
40689354
1686191586
664783
1438837046
75369765
1257404228
182736699
3164284284
28600068
3109090558
2185660700
3104845886
3170734443
22987596
27704613
432837588
3063511287
3171487161
2765104700
100264137
704247565
145013783
234227632
91733607
3158573612
16960989
2664309798
80676008
231368145
347687036
375081457
16138273
3140712300
191985229
502343256
557525537
2979543148
974058919
2388247176
3008456496
959866082
247430429
305013808
2975918336
45212860
479606234
2336343463
444198171
15821693
341491370
3178656359
2177225240
2902081140
1447279512
997741009
2744916092
250039212
3160088467
232787898
65697717
2168870798
3131569078
258141850
558142298
436951440
2269722894
13572532
42578163
113542601
3171644129
147391383
189707512
2528213936
3178054690
46911460
3174310540
1429093830
202949427
1166052854
1084547814
3163057921
1670597474
3166254539
3116138405
3013361922
2311575300
256111243
399352882
342954978
40696143
1266996116
36587174
1364652445
2882791779
1322452848
1480497073
3179924423
3111408820
66581039
286190389
2933460429
208871573
1428324756
3021242354
40375122
3098120547
110595130
978432890
3159987092
49411746
797366562
27434246
2860985916
1450571
37145384
233735284
102035654
214552287
49123481
2871126622
2782053762
3016706203
583894884
156523289
2255534218
2609366134
20601971
370649990
2999647115
301755292
390827262
3074613606
2611696669
20324912
227652797
134281606
613265565
33722095
21219287
251035671
268550031
3070825580
87819005
447701927
184647390
2326230823
3107507398
299991121
21092692
2982990219
207355106
75490653
81953170
76877276
3071088802
3177079637
218828462
2828538397
3008728377
14761703
31272450
2375882240
94264989
1603160982
67564283
615324184
305286303
211188507
2803481521
286094097
121318091
109008265
37214890
433748324
39135627
1671959983
490537497
1013269724
3145128034
42521286
2181187837
3161520110
398608272
3003122357
525359502
182480339
319552882
3000958967
490583973
2584050488
88649475
2999840611
1298846250
3159878642
384376252
3177241624
586592716
370488713
16194717
7703592
3108436560
17593499
3126820907
99111104
105387966
34619772
77464581
463826740
11875362
3152509709
2924860539
3090988467
3081034593
498719623
2892749647
19643194
138755425
3031064444
199361240
15691463
3172540085
2883088607
226121468
3143105637
2365621740
3101201771
3158059472
14413786
2322770229
259711120
77283686
3126574617
2832940866
3174586743
25015393
2651446068
2329828729
164178210
409599038
3145244749
2882392431
40528484
1873171405
3021744391
575649350
3062299557
22385652
2654622335
285352627
3018386821
49051087
18202021
3140749831
178524895
3170176673
76222944
3174725057
59682569
104197585
297180991
54616836
3174650099
3160312711
2906030783
61974259
787740752
2313373720
414424804
254607852
15792293
40819505
2354098398
3143071950
44806744
619917425
3070286501
1251600578
3160158818
124698239
3023122361
2875740821
2898175647
2612302375
88983496
2217850932
116354473
14985048
368820150
489994111
102652708
3105899222
3158119975
2511524353
2841556371
1419452978
36622577
2490538669
39697154
826145131
18415841
3077798016
27893715
17420265
222359317
88390451
156410787
106453078
568641556
3047621941
598938421
3114984803
3156117955
18932422
2881585790
860171810
1931196726
2584478370
99117453
456719783
588505245
123909339
1618012928
175279151
3116846503
1278520148
22375787
1863463070
524562024
437772575
60064692
397627134
752508421
30135955
566231908
141885503
3069214920
3094188393
3128777429
1267133930
3120636357
516921543
438214864
2902565812
563700661
23762483
359473110
3049233743
3144734809
637085649
2912336641
570841423
2583576666
1342900116
872492401
2741416010
26898103
44541019
141201883
177576972
519874603
163265046
285411442
2872351618
118958605
205919082
2648776988
1655447822
3091765288
3076576281
572907933
2535195440
2355371114
14649620
137863219
154321602
1635392966
2369909554
346073701
832076485
127263667
25222212
69246701
3170944401
97095403
2429887585
95996138
3154356338
1881665742
368480852
341551253
30336192
82206976
83765903
2855039137
19597224
242859004
2401316983
2285671508
63247603
14753628
2569081116
3015183357
444860305
1390315724
3100198482
2905658740
35985686
54448332
2818368210
46656542
335562240
126385296
2582829517
158357814
3105020584
67945012
100479501
17430749
1161014347
2901927779
90139460
2738847498
19189466
36590479
324722684
23234466
94916592
128753513
1275098694
3088097891
1128074605
3042759380
70640111
226899771
284413080
1590528847
2859496126
3157717087
1638356864
146931347
38419860
3157433868
275786206
1949231011
426288752
2421886123
18025253
180155685
600497469
187167262
35446625
25979719
2261376404
2417892564
37261890
184722910
2215708208
1731701419
2755377771
3165858507
3169785094
39808212
3089772542
558623771
412068752
2976152633
88418350
267019071
289763288
188873061
3168926685
28444527
181122021
3144536924
260151091
22331684
811526
3013828828
384135713
540242211
334905082
3168307931
576868212
308274874
33159793
3148893252
2897473441
33443185
2352400368
13786182
1242568584
15286747
45046992
1604228431
2790241701
1702734740
3083455711
318087723
2853758107
144917413
201335450
56275274
14130784
146345630
2309393274
1004618815
434986530
2882054117
44107790
431705950
2065601
3167748041
16269126
315380974
267581984
3146279603
174443848
3009177403
2304038275
1861300380
3150780483
1888059524
2732227453
2562903806
3167435722
21144423
14169902
408624801
3167255127
3156951051
3145247114
309937936
3166916135
429130585
3115560165
702852714
2773407341
54459954
62628610
85665864
1092986406
2232072211
1400987456
2591794178
2942668774
490909739
1384591765
480783778
587353360
1353125214
355871477
703727323
7068462
2183898604
287104727
42585674
1517785830
2887132307
101967199
3156840914
556156088
193860754
2357288140
1553261719
25416326
153162278
2432101723
3140580076
20845193
452492645
26941527
16572103
139655975
1409851212
1338785347
3108157410
54843889
193065279
3012547124
557636273
45816332
121964211
3002938911
2494746164
3153834323
2589631580
3114014232
3019793715
282126617
2436763958
253278928
2672886899
582158432
3165898972
3152517451
2616043940
141439969
414236289
19414677
2711374432
471552801
848884825
175353642
293432917
2553995328
3142992452
2423408580
3092708787
2768161921
341314914
2273147136
2714605621
92647543
351393391
630233371
33168259
2668517719
230100966
15251019
110014148
556421670
3145483634
3153330242
1094140717
2170466197
109814176
259432246
495921933
325511196
1649815814
17578829
3144981674
3154057214
379488465
544792102
21708866
380386864
2377973732
145628765
31060762
280232105
317533646
500084692
27442200
332545801
448307298
118404262
409121383
71700308
3102190870
151984740
19135101
115429994
33228228
2997210144
25861425
558893923
2686946436
14132046
7031752
2262873136
342877853
63453846
373200096
245432501
78355142
28235952
97325459
16224909
2733533751
1488670266
2558671560
3004920297
866655500
2834389648
262665898
3063569391
2392737488
894344378
18825098
566807937
3031733094
2282996268
2615901410
94345774
2770881222
2355735667
1150546723
301662844
193201329
126558705
18742697
3149542670
3064060527
2713341179
2750789983
301481396
739596613
3070239730
1266600343
2553922274
119062953
2998701350
59384589
159113248
348163099
2979651960
2545828050
171838948
16707283
2229580428
3101742817
341820213
988697256
154527625
48691113
2527339423
1896961688
3152671429
3153625606
122657179
166035887
290997594
591844592
3026433087
793450332
6853362
136385368
2319932182
