701755276970610688
38823805
701728929799917568
310891850
113588919
1015923968
1008263448
4889223515
2691366002
916513370
359903625
44134250
23321922
4045434083
4894931686
2929858887
28549398
3903472518
701605705032175616
2939301712
4315577174
229029406
2595870012
174817375
95370299
345764875
3401201358
219679469
3166170994
3491650334
2983443233
2451415978
1047973322
1900014812
11357802
252818520
696187006586634241
358813363
359439491
4542448156
879543980
382584903
22356820
16215922
2290663440
4702376719
260482781
5654732
2429525574
119390073
127158990
1553691570
48086041
1409784614
642803
219706111
696507383623749632
2393581879
1199927773
3448191285
924627019
594197204
97313594
36485169
3092354303
265379881
172170646
4921284454
147672823
162527357
248604348
432838470
971586368
92588553
35585351
700604803517251585
930318583
3271348723
4770962972
1714507753
319519520
2288461663
4845306335
2796174250
3297533003
701449737203875840
52318755
15065984
178439301
203845967
69261079
14102071
1956566456
484496015
701439207944937473
861749396
701437466041909248
68710531
2911795672
3474279676
3985146373
365714158
4578745954
44385059
3509671227
701089027236216834
4894950520
700715350296387584
23965303
4915527499
3306074902
88735457
2334594785
2882530000
78201627
700423799171391489
2505185390
701372181989744640
4898098490
3940419579
701342414993141760
3301052996
2288085860
489127696
136438812
398544312
3434196369
3607572201
153121544
4081524620
9850182
66368521
4810783721
3393284069
66014326
378890076
31767265
526913939
43750578
4879333504
326122577
97307552
2871213830
701245440537133056
700979851696603136
104878967
90640195
17071383
4914281245
3435982333
325179779
2663146567
212653360
700396192111267840
4714600633
3188990856
14767719
24973319
1169517044
4025380378
4810472249
3385333966
92543906
911283007
701211826554585088
131014518
498229584
2967844667
698318333226057729
131887363
4731956864
701192310235787264
258554563
101754532
16614480
798751477
2358870128
288383781
701161404678668288
299242297
10394412
43010736
4928280533
695135483001589760
4832110715
700449336837152770
16827202
246004064
318038850
832706834
2925731500
4734736874
4052441356
420383712
64389291
4830194427
2300342364
3128866668
124854403
3983084661
169080600
4915494611
4888674634
20193970
3867340094
2419443944
726644498
4135597361
505876835
2389833158
4891763181
4303606936
264278961
29400646
45992423
519668467
1328261790
232392581
4850139972
1369754844
2957995133
29659840
124217117
793988444
2588085468
3247894119
10704782
3049383560
1119596683
701013803488698369
699064353803337728
3020549901
359942516
701001381608603648
2191142353
2395093758
1270595491
1837269278
4917660883
4924332071
44877686
2865965607
3247651765
18821303
245578195
251252189
3448700123
1947543302
3095132588
2476388996
3292846508
2835729000
85247688
830274494
2877578485
2263231928
20340711
4889473929
3796655309
62454369
32294229
29207026
251326118
41438469
2840578788
14415775
620465324
2440651741
270122443
138605904
700830597107724288
368891157
272030144
700807596194697217
509427184
2968279383
700513785610575873
700734151176007680
2380386530
255960989
14243986
16554579
350491377
1873274233
700775886480605187
21297371
190463085
700735710177816576
8022452
8792192
4830520414
2850022726
1895351346
4411614737
4563978410
474245780
3297334174
230479333
2584496947
2924795080
204139070
308033602
14704470
41578917
35138400
2630117820
700593793905459200
113945780
26408167
4074119176
700637870520823812
2151498978
497114843
1244753563
542543245
1460546335
390332606
2940474323
273638806
3288931849
2543544738
4179294202
26721739
15615934
4361954608
2783402910
428190299
281047466
114419583
700527140207357952
43440309
91925113
4872306665
42420069
50935126
378771803
3715927043
157640864
310530469
3171884654
140209740
4924018647
1565869518
2905312336
3610054156
2591437032
4897705287
2551262033
700593193243451392
16326319
700588928479330304
1334579268
4838933333
1417415990
700423920978149376
3335428943
4911344521
113829508
2899069399
394849483
85382744
4469391015
3266562852
4911699709
4918638653
431181290
47093931
3189076296
238223280
12847882
83770697
63862591
80431568
27937462
537534564
106734919
4918312706
517007964
2515557769
2975383650
700438213874286593
18172232
213775177
424513582
3305393093
4880094924
208637160
2424663529
71666391
142111803
3054413483
2395297850
2431739348
97444234
700415731209359360
2751594602
700412412206444544
4481391314
44285283
14062948
223245629
45884136
4046745261
186563327
246387489
4905994094
700387013896306689
2990312593
4914233733
700384819709083648
4928601221
110796592
4928470990
1626185335
77009531
164210414
2393934307
119368556
4263574823
2907239614
2229295439
168399762
4906203280
4928253341
2898701472
30060214
50127699
95772052
3034341863
14275857
4928369140
303316963
112948582
697427698860302338
4074669016
1379983687
28666703
4831500282
2920664209
403586248
713979229
464033442
105839673
3761387789
3531324677
51852696
4383198515
2224924278
700300190864011264
4438749496
2811083701
14054662
1568251501
2481870432
4794506954
700241020382875648
172071663
4923566212
1483348622
4856931005
2496520770
50940123
17813372
406508008
577104089
4925393313
31335639
22894479
23573946
131063488
3315564756
2860292138
2711175739
945839772
377909090
324783202
4740809294
3278329994
3261210108
228539376
4861260286
258528382
4925832346
1389668719
45807261
487091200
314516664
4900973354
3271309830
4923229196
11611772
3238370862
97303353
191332050
1039736113
1451054706
93552828
33162353
121109844
15231737
2317676348
225160709
23833154
37983033
36658122
43480221
3712258697
28600312
720563060
1537333003
3083723878
15390786
3099955862
73192065
108913736
211762118
7972832
2163919651
2905612826
194650971
2972577160
3548393361
5977262
4860241668
3438927009
19776544
304803025
1129851756
4917670087
584267822
163798075
19726088
357170703
296164469
106626190
42730531
50123102
80230199
4924413688
307587359
699195288477659137
106781339
23623763
19486756
1012148028
4107311533
16308062
4714140736
699950214094983172
4225183241
4050479129
210471863
613209721
475893911
475600344
3033388237
4861556470
2870364703
3067642570
2535362493
604974024
4858262307
3291482877
4830530769
700908685
571821150
237718016
112286300
42847541
426549339
41344768
19995253
2532582943
3277810434
3526683913
78390504
395055434
3838140734
438845624
67326266
571393105
3233692438
111573648
4890444845
112521701
94720394
14486182
4903702160
73394370
39761384
795592070
73668179
107222308
2574696150
4897935463
4918844748
95005728
4268747539
91030006
4791194116
2160305160
3968580929
77443289
4851837509
335557949
41103190
2534680091
4921584335
2284211090
14078600
4918489046
4866667953
3716324779
4878284771
26491528
414226159
4645761687
4187930992
17015603
253496859
4914813975
467421311
139622927
2537614179
52852533
4529135182
4835732674
997605978
4818249172
2836786308
2836862476
41709359
199946383
4920136847
321751922
314689180
4918856169
45554383
4052792055
4882068046
4653229932
4832592973
3050067289
3268685058
514974561
31147259
3110937264
21672825
4714284694
573659976
1036136898
4901292172
698539509697409024
405830323
4740372618
1596392460
4919660679
4919978644
546048060
3369538937
4085331687
943599402
19355019
2672758760
16466617
3244443373
26249875
291193983
4916176933
16555412
70407568
48681690
1391891
2696580589
79104000
271390031
2185390586
698229964991295488
178035668
3224967297
1542971786
260956788
4835652730
102629752
562224827
3380289279
840376844
23169083
4879930431
4821070942
4630294338
415213094
444605333
3379061913
695541286858833920
2730336264
2723760715
2355006836
211339189
4915474737
4871433454
253659596
488383984
2374172216
1148970012
169966760
15013090
749586720
31786188
1500721424
95155269
3186049234
15380388
3921700923
1115548956
1711221
197532648
4917782561
4903396886
4478196568
4906363992
4627349775
4029159562
225245371
2527801981
61577937
146977595
224256448
633950688
54475569
107526648
203728564
235102332
213630712
16943447
1696690777
1163453954
162657869
525733400
1396855940
4725029354
129661927
330619827
152363493
226324578
4915584899
1328790726
2266100166
1301835912
455359859
2352039218
34943795
248733871
1319252880
10282862
3311707118
4912842698
845898067
4048691
1413708686
984467052
3457747457
4915637237
812992015
3302790462
61525974
2746808700
76255318
2742949897
4911903832
111967305
191268296
4915185436
3481268782
25651687
50347277
1565859985
1384400034
2289957698
1401079442
2586347438
42196384
116853328
877409078
595536431
1275878923
42348345
4913482799
2612732258
47429701
450144281
2336373716
4914019301
20698931
1607326585
576141868
121008749
12825622
4825172224
20199629
153440528
489839188
79761794
2987680299
4197186381
2939382874
163889335
4839319229
3238830809
4891557494
8611562
4888573633
1324250647
26162944
537935948
185851549
1164048200
553636789
2910658959
516354606
560300077
200499720
4890157485
696814496338280449
1489799959
999095640
339068118
569626247
75201677
624733620
4155412349
4810325718
2188485847
123174284
444073757
3479509812
2566813746
4871178674
107095341
495982413
338301162
3168086082
19568255
35689265
139627261
156679965
2988019769
4911059325
4274687122
77140805
1954199755
90348229
4204156265
1438089554
796812625
241263992
2496709906
409132850
2784613905
4909902274
2434861958
498983675
219086901
136374279
757027884
2876336221
3764331322
1658183185
323922351
698956762066489345
2332577005
244024201
1017179180
88700190
2953158413
827601199
34420110
370628756
2656396160
1058249683
29778981
15670073
1367857688
4353237922
1451806933
698904904870531072
229461350
4909496919
478034577
3221119844
2535513343
735131694
84025876
2174444498
23474033
2383312428
178781809
4902862127
4909204721
3311888438
70850949
3390930257
4897591949
4765916720
4905041413
12851362
431456898
18740381
2429313372
967271095
31410794
82141784
28629200
532102947
118473849
28894930
111949690
2281127251
4905501853
1044887107
2307012072
4881369436
2155918376
264676641
23571410
4843279214
25331832
4901111629
1473857256
2776105302
4580640259
2466599508
261659177
10357792
21069165
1437698672
356545048
2877448301
31380152
196878615
236001477
4692076746
1191394009
721170470
4313763312
92403938
204149783
229450399
68481673
2280681260
102403725
2243190018
4794831146
211842159
43819657
484466947
290486892
2990179005
2916529644
4707912350
15721442
4903337377
346947069
346175602
1558426117
4892413126
503835278
234828944
134664946
535853518
131374763
980611100
229414949
4840533973
556359087
56696884
4896771017
128743234
698012231653416963
82359672
153352268
22174102
1904909070
310003049
2963283515
4890764601
3144974287
1002030698
143453116
551090778
3834280755
183580718
2422156968
4904554433
4863566766
4844922320
4664135608
3291664828
4893320100
214727078
826160653
4874339859
98164639
257203806
249124000
4896362013
4565360713
4884554590
4826891257
1934915298
3265458216
4832720576
480709071
4560885740
385107769
223121358
4415175567
8470932
627019078
350795617
3180176846
3195759674
105363417
2198794778
4892947339
88295185
2790167072
143550139
84118114
3182255707
45899402
4898050477
1032107821
3341303457
175613063
2809195540
507544949
561399400
2608493497
4861153597
698252911437074433
4872424109
4797208361
80594140
3741973523
3307366619
476633273
214685727
1374881634
3352149269
51622147
3257963251
2787201981
4898540639
2885159465
2891218715
4807730962
1677909193
849130933
374559923
3238217779
1275596396
2166615518
3316083831
252854094
4856356407
3304417262
4805398140
363479125
329472573
133925616
42846457
193596876
4892790358
43253646
188904944
3793299433
566319516
4850744849
4901682821
19787423
23891529
4874416011
12354332
425946073
3239404093
21038781
298886356
496198296
2857395728
4050940343
15634382
164657216
2479826923
16433717
10097062
1596964674
81113402
1325564154
4901320708
4901152581
876271796
11099272
61273059
549018837
2892864115
470174712
343497686
698096359862198272
631322936
1590670933
134337900
3122012345
4900702419
4220369294
464023091
740369234
54880671
131572488
284549628
788978102
4827877197
1588743294
4492495819
4805012712
24814481
34219527
69653690
16365835
2832123301
698014594778791937
1047061994
376046315
2884027166
379535810
14472429
460592390
2770828936
216031616
249449131
4643654293
133939475
4262034494
1671803354
3398460023
1360051278
24490384
71070885
402544585
4149245841
3259999416
32545798
2830736215
287405255
145868896
1442336756
271871448
26435859
459151621
9940162
265505375
3589993874
3875584514
45102366
35107212
28774666
172102072
481457395
58357794
544492365
196133382
4736536282
4860770319
4873264518
42539929
534569284
105992260
164569089
929241
144626896
204509430
3852099137
766414525
1353368106
4027267333
2255069834
3223167116
140122157
152188759
16316264
4719509617
35384209
3025427586
54028848
199684567
119291231
88710459
48307001
3921228265
4826559741
78771631
93058363
50036198
2842801256
4209591373
77619604
395607115
1283292072
4596581741
1851368982
4298813353
126961618
289536050
149716453
116974911
4888720812
4790134102
192850771
178334990
3938336472
4872990236
146466871
82135132
74744185
256353024
162326130
1875302533
252498160
3000105426
2915550234
437326142
2208232424
4866168839
4859842214
3239237605
363899849
2420263886
4891494937
4383833907
184221148
396858312
2884496633
117734261
18969177
389007124
4868305084
4688581165
4793397948
299309676
1895080682
19409145
18480217
46936985
1623231793
335641770
281574406
623006250
809287770
631631549
4896825706
71342648
4881621029
1230722732
184025042
83196461
4890194918
2193236528
3358771454
15810026
3311826264
792695390
734896056
3534571
4896462935
1461347160
523618509
4252577183
935053766
2442782994
15631258
2726301757
4872574653
271952613
4865493101
2924958147
4893952918
1396362979
615708725
64306899
248486278
926702778
113700320
3263621371
925779769
207108466
3071978354
2244021578
296777724
3065468953
108697918
622190531
257856582
2922602520
36681542
1277897816
4885279462
1943805006
53399243
1662469112
142117879
11174262
1652065105
81843103
33844783
4889523465
810511675
17030502
2864091460
622129527
43292327
705174601
2541650593
24615525
2447466391
2965364422
17085026
4878833416
78657384
53625042
17245378
23373173
201866577
579815966
331050369
602904816
736351855
2905376553
52921261
272366408
34936545
2542076732
373558567
2796189253
352586541
3205146580
104752340
3272758411
697378159663169536
128257139
57810700
3867595339
3178761728
19062901
2803468638
107078175
1595791896
226905666
4893860241
1902502152
1409366107
4394712854
2237817493
4784467206
899357790
4880795509
4843290331
3060201488
324376804
4886454077
2437108339
19171250
291861552
4893969581
21246245
320609159
35760517
2493133458
1463371992
4788054917
462685858
1722911358
4355314263
386225273
4824371909
1646352013
694662028305289216
3012011696
941304283
4873859163
697153907869552641
4893216045
2585000517
3182395124
281856081
27937504
60335754
2997648672
24021652
1594241438
696442251002650624
2850870027
2480714952
377037848
1492274702
15168907
453871246
4892836781
697134201993367554
270601351
2749841163
612181750
4892747531
2883121171
1004624568
17812851
40139980
2741466618
145183891
2879868967
55026547
467803564
3320318445
4830196552
94080889
860014010
1037895530
2876242743
3341954709
1125744180
275856895
2876240819
4843139784
75898294
4885247620
30058203
4872456299
3866081182
4824569410
20523873
4178711368
493634938
1601002454
4157023661
4891577578
39036269
430987807
2780692434
3214581819
15628616
4891438132
1228952425
4813895074
108207750
227963306
3359900412
262625419
2769503713
2671895402
546068563
4800423616
928199053
3390315855
64954718
258589457
3700674920
2293484442
4887208919
2679530041
23920597
4890895361
3193759152
15972291
1403346078
1362320312
50518042
119045251
128468810
4889754375
385060299
616773287
3890099547
2780385960
3296369690
4890610833
1025082104
4886626858
1903154492
4881009432
493447865
3314140033
23967072
940643857
2461420823
125960496
4145026877
1173080852
48681500
2868132737
64566806
2173542719
4626886155
4843910452
807852277
419265004
17918537
1416585692
64442297
1375602116
2194587906
247690894
1551833780
4852327817
18923276
239151478
3027731858
4853059726
1267337652
4889993656
1470020754
2939530120
1699152498
14595769
51577964
2280361237
4855343068
541709106
80329279
2316703937
4537530133
4725824495
2869663313
508017975
4335148514
136401074
4861063634
4799567419
302212774
920975239
552672875
408803861
4884826907
95204285
4771494895
252228471
2929749100
55337427
18620171
1113932551
40987875
4887892324
179763738
334326965
4783825459
60297958
212504360
3254464311
131836890
1346461386
2813786331
3233968124
61507532
460243152
4888658159
214945778
52720440
1728738558
1049734652
4872284002
2932925617
18312815
4866405863
3057741984
696689814905712641
4643397496
2906394422
38526321
3070311555
4844405758
50689321
20511644
1349247961
4869571473
3211191921
8920542
841976995
2927420804
255169741
113469298
4887608453
1584097388
137332696
1672554576
4853325108
2761122059
1002569940
2473948496
15680106
19461861
3142920134
3018587292
4498510786
344499447
31825762
89948852
286029688
45903069
3427422838
636051451
2983547276
2974004390
4886663331
123346443
767970410
3074979069
410107894
2734079336
4886547639
1625739776
14814258
3348086493
88503708
4826554459
3240465878
633493504
4886304010
440699526
62409978
108137240
1431530552
262051212
4878658529
391266279
77287526
829149757
1830719179
381865073
2285195220
437823231
19459860
3022910123
3068173121
4366694052
3217394012
4847652585
256519780
2222044491
3548908936
196682289
4872587583
552931849
2284381862
473711167
733703
1633209762
3438050326
98665899
866066011
14952382
4881869475
399478981
2973758042
28761234
2370798326
584678030
2289412154
4885082374
4885246767
3247807745
1542797418
4874445037
4794349999
3729778095
58647068
4853217117
464159861
4723667414
1388629578
4879141653
245384965
2726028787
4672662072
3011881242
476608156
3151862624
311400099
196276432
4671181693
2729657298
3305223384
52196209
103833698
50334836
1399862918
306422361
2322152077
3636631469
4772078662
4872748489
4743594736
2582451018
402582762
147201982
2810062112
1492174130
488823903
2382506796
4710820632
4851431724
238168425
2670951600
3407528283
1887369426
4626429339
15345961
4875212645
4862685552
4433148855
176826603
237242775
4878147665
27471635
695893548273700864
4384003948
544470701
4750633882
38243418
3242552935
3236486228
2574636871
15947338
4806096875
2874848301
302302691
2838795312
3198799295
4448640493
389577589
16497780
4745222069
2496662695
3030966135
248688885
33533278
1222447148
49560975
439648880
194001817
2675010368
479604579
2434108123
365422951
2218324838
909854250
81352608
2285203760
14641712
4881291803
2815464325
2402099251
4843010366
2202375016
2218487952
2384005525
350361035
928819746
1066740338
152796610
2538328782
4881005355
1516654770
16150633
1208716866
4882293987
3255839470
3803310674
3067983811
2619634646
2182792932
59129472
176424972
4749872996
302760564
1460295156
58141061
4849876481
2585684599
4881823169
1514587051
4179499461
2690636982
63387010
57589162
293564413
4363079116
4392319181
1609399279
2736664428
1125348132
1507947565
3183579630
121428049
4839620638
16953252
4659394095
1011718213
4460683893
4876354241
117512934
3300745485
4242671595
4833411860
21503594
4859652317
4880431529
170616732
3289265419
162803312
3426881950
176455402
269008969
3192036505
4875477856
2776305739
4477857494
16584105
2907898550
4880039889
16714165
1338479082
4856861317
178182062
4777749796
404128091
4833695497
4650652922
19960285
477233711
208722760
4144451597
19666599
253505671
4878856264
613647601
4879259919
68057848
81901215
3248416367
329598963
619478928
4879133291
71981742
4876988487
856810544
4428399501
37926719
4429716034
1691031096
1893384848
192371337
378279711
86403111
4878795675
618696632
231642103
4840834465
601294205
126395962
50137319
2788786597
18190075
2182495479
1567325384
626757364
414433911
311950463
412930531
31649870
2478618524
4857134029
4821839990
579330283
3369817749
2837847573
20674364
2276741341
2713414350
2893544001
2893157454
2269112941
2508920106
4825510663
20565852
89036933
4229128762
16569816
39324634
4185547332
2833419253
3114850647
695358952691757058
552981984
130439468
9834902
1220868860
141061272
1028712266
47973315
214533347
4733905243
271489041
961548792
223787679
268846933
405507858
1551020707
4864367606
1447072560
292601983
268807102
2990873480
1684150482
1262840431
2745526555
474140636
1112480341
63085047
3284422508
168760380
434086957
390737594
3307792891
407917453
4721857009
3527103502
1558021392
2368437690
4873269687
4725169958
135103765
48453631
2346419855
1463342196
196026630
386346805
3310912006
4758633073
526880692
42031093
4862533820
4862512028
11961362
4720270093
1886009984
4860976932
67431489
443314027
4861664838
4847534407
4860609925
2665248517
1325553894
4341954612
3305691839
2847362711
586086327
192674873
2369669144
296517249
320386830
71512963
3008243592
3287211434
42768321
357424826
3289554850
1859492492
2497545949
478285314
1490479700
2911511535
4860849318
931047254
77649739
7708032
143838987
2232859322
4877191025
4842641117
2825114809
4870673673
1212160208
185443604
33448060
557127734
2869162574
4874908475
3108529628
832478700
274142453
4874659929
2886721644
309964051
40078219
572853029
4876186822
16366617
4830889027
4859925397
1861767031
231146883
14623646
19052440
2717190091
2805776684
1591205718
56236663
2236606790
4817542033
318337896
194725267
4833631325
143930226
3311378345
16456711
4456042693
29636302
3333245068
861738252
47966066
3308375122
4859167278
1219988233
2869999772
204112931
408608024
4850058319
148701136
1716168810
27707859
4847744167
4795766125
4738563468
4259941752
42952768
153521578
77697723
117022133
861178141
4852073571
2891284109
4875895661
46864904
89169385
1905867908
306451737
623615343
4857831236
4856986794
1704346681
82797306
4875687232
2241815316
63925982
187781757
1397178092
2827730939
308617732
612297827
144892700
2337351055
3229431913
23728949
4139202801
4875284613
158392757
4830732614
4856678293
549865660
54020898
4777026135
4063740208
551477929
393445637
28118858
184788884
3676068497
18065279
4875027851
2766342388
632362569
1483560577
45628237
253434295
544671442
155351230
211461060
4229739312
259659139
3014583669
500365011
1660739934
48868484
1479833707
743114952
1418967769
2582543506
4858946853
114578195
4873729781
1324294208
2603993192
758101298
4657278027
2158832011
42113152
32206201
320716235
27767613
272930850
2827263276
307706758
1027639160
3219848011
14110455
2909655665
4854914899
4874195098
4874104215
38702642
1457671830
4854542712
135196829
260613599
1278036206
1703743802
4797207688
903670988
2898756022
4852904113
1437256470
404243023
3437961137
77702122
27809452
4492330966
64397963
1619521868
220677876
20175797
3059165824
2829985225
41510444
1088651324
123167032
843464640
2889738783
4850976794
3064327419
279757812
229709850
239902302
901078032
4853641152
217373595
3112555429
4844805448
70053
1915646671
500490427
368938344
50749061
753871008
4053074668
997937934
2871253273
4872347501
515534379
104828761
113387052
799785186
587563688
4838597180
3384900309
2331214735
3146582952
1623214231
225054930
104924438
4843009560
100527244
4719739273
153319315
76000663
513695092
3790336095
77525682
303762446
601798135
2259672594
977432738
2668293644
2520727376
2519144908
4872963382
2993782436
1570901083
240442167
178405581
29001586
296840826
389382927
33397881
4870595662
479852600
484325617
14898085
2899254729
572487350
4008402192
2860058358
82929258
1319236087
4872553877
4471775655
4842826773
1223751678
98944533
102967061
17350096
161116547
618162170
67029281
3299815567
18383788
306409981
4807395259
165833581
37249360
4850270660
154871593
2987241183
4827677145
3068702870
245124010
3192784086
2226682929
593093797
4872050854
34453941
3171149623
4482978134
7065382
16808685
2226366529
4870669631
2966027067
32882669
388757989
16083032
3735658096
120287054
1663188066
222915732
4275647534
4417916415
37377439
30732871
1030908751
364827409
987571440
472759914
2712461080
1587150570
253572913
2734111717
267144863
86432366
4285785405
4871157237
3047005743
379372530
4852586831
4871527420
119510349
277506905
4848555792
2761751443
2898685801
4374669020
777654355
4560254892
471337986
145905953
3122849105
498845729
3221414512
4845662180
81337898
216075088
14610086
2529898590
312279314
136941431
4870179796
102288727
472573851
122917938
3710379433
4259782906
2902372616
2962727296
14315193
4860770463
3274934960
328404203
911141240
3240416413
75786723
3398704144
49784759
1324326138
56651217
155857052
3218265641
185908840
91258696
304180324
15567647
483877253
4835416759
219017448
1619626178
57689986
1323511098
257148087
117077052
1449772130
1549751167
1286212278
285185933
1964028492
3423177959
61032400
77010036
76100547
165945322
2203901540
282673085
66490235
2503917037
305758092
2186093180
1054649738
26347355
3277519308
2616969259
4690937072
4853042999
190178444
112416430
718132248
4363287382
4695515839
74173446
479314243
4845419576
3306938050
59129819
2148883520
257467181
41653028
3036802613
87426634
17457268
1152018176
142998833
459806899
234778989
913797948
3396408494
3315268455
3240608580
306099873
429874386
31795502
2775224202
347797617
45598405
31154318
4432075999
4778091206
44462273
1495684758
170952224
20626731
4853545456
2907548202
17531919
47375043
144459560
821378826
3151051420
4024511121
3309512631
1534447080
2159989885
4724202029
236318808
598999538
2769613195
50962983
108064963
4536373767
2165432996
4868467263
4858019165
1319141774
1073371436
1932947894
8278462
4832341851
220637294
114307617
1855785888
4843160396
1515385794
1211995489
268143725
4865888313
579544830
4837329639
320311173
4838618586
4842765470
4842711380
4842727046
4832317207
4842417433
2836342426
255552541
47351335
2554161776
4779147901
100941450
4654786275
27213006
59361331
21926281
242865341
2431997114
40823472
100043408
3081791583
116290623
4551029774
4332963192
2174793189
1567832839
3244069369
3404761499
4867389729
3075953456
167558720
6687372
961344242
4867045967
222449578
3235700899
4700158236
4866638554
4311503313
2611665324
245307075
2821046528
1226657802
95326250
4866788704
382223842
4866956571
342792714
46153931
459464998
4556909613
2259301713
1943026346
276584232
4866890885
376440987
338027164
32902532
287900471
104517523
4244854467
2788119218
239577612
347944114
4854619318
54061437
105855032
1412411119
90719578
4809728015
1852886978
477603509
24895138
2331119732
174288012
1744276482
113986052
19233608
41916851
1220478944
4866387537
2341914318
52707802
1113854492
2953252588
4866526241
4845691647
207265462
852336535
135254707
106981660
4859998540
806890776
442550440
796541094
443990263
817764667
256624789
2795982448
2507242240
2505386268
4739097499
2188016461
450645033
4827280282
452758531
2362738538
2247783199
2596569746
14318888
2373560647
46649027
4866012706
4838396582
157624955
1482201595
2291390918
3755650877
4738076953
259197964
117419086
3267772238
131788579
1678579484
1891496677
2647817595
2866804191
536808355
114782586
159162106
4450270347
4791366202
956553510
4055274874
23789366
4835882684
2650918966
2755132178
83892627
301618504
304234075
445443526
369433306
4827563287
490880150
345159410
1452392221
505056783
29132982
74336725
158450575
2803413397
890758472
14895414
78706007
1702109258
274956060
2574549084
3395734760
278792368
1366992829
469241896
1405591980
66448234
2248760514
149576146
4344316758
2751742921
1142439086
376972550
539286527
3295561517
4835106434
2794678675
90598445
3249679285
4465638749
4863901738
1665232243
447702136
320464347
3034527774
2961390166
415580694
144863029
1425785113
808770378
342607691
413480509
18612516
4383400873
585809483
1386434623
4834666891
461357216
71490870
607939256
366374369
61090301
81202433
2983538994
74600533
26058638
2801857566
4459013909
1343009436
2909324391
4863058912
1095588480
79750980
21881189
29699341
4833390246
3053590585
82028606
630903491
2286311342
4780360037
4165506808
14164357
4581945367
591574915
361555945
623085161
370083621
140349576
18043489
2172680916
405269229
4343932755
2853605670
3267957980
2551003644
112438174
265895380
41397198
576609509
4862016208
2858822793
74834978
363207189
3573051
28846391
3004144507
4861734359
21204607
33879020
3683664097
4390157182
99190336
144685833
362799962
14170365
2595911808
3527715379
351472534
90236648
428227186
34945838
104220930
8624992
242984841
4692964123
2776350723
37085183
3020557933
3192422501
1350124704
1438465520
107953876
2155532382
278300262
2941597189
3277469634
3183911080
4849343481
3026345395
2809912284
2933113231
59570913
16324492
250119961
3901181654
4829940042
99199655
133764914
255563895
3908822773
260542708
4848562961
361840149
4786644374
3198342880
598700541
15196056
393266765
84424640
1307948804
13040992
220414612
4860083152
2450144017
4858859765
1027967100
4788326787
203772941
4076517357
2790994359
2331543212
142603172
3325427813
2590644787
65156015
35754300
3435822771
406136056
949845114
11458852
64764782
106595132
278889979
42058463
38278664
457283495
30086207
434838872
4856297349
944520632
3098305201
2571343476
176077975
1146102048
3105991404
4321190207
18076040
4638975435
30294892
1210548133
4826352757
20480944
16129527
2238536984
4804243290
1245356550
22290666
2965401741
46111776
4845505833
1191115129
825279505
4828017458
742876284
4827137600
2754965538
100782904
104280799
36180711
411277859
4851447525
52999446
544442858
127405796
336145053
379254252
3734486117
66291058
3038659552
4848336485
17818158
131179978
28445146
1665961746
563983119
1667162150
2489750724
1553354894
3016384765
4211439629
4858052067
299953975
407380583
4730738907
1080632394
441142961
4850882926
4857221999
254609144
72196405
132460126
3164477914
313498271
70347990
3100106774
32611564
947599339
11756432
3864002602
4857475324
18671312
1423057458
1225834501
3089919144
4842286733
949453634
224148999
4857653265
4727728215
82159984
850883040
4102072934
4825615434
2576995345
41061114
3947720233
73134171
4123724963
261837012
2163357236
264392955
72631426
14345266
4818604229
4803109172
60005434
164652120
4564821381
14481746
118659379
3111214222
145544142
2187220087
3978994823
3136982726
3222915602
283108027
37203743
4526593529
90651119
3397800515
48035272
91502026
4718736076
2375579071
2779170396
17270059
998973145
3112827874
382652479
4749310934
44187100
190409402
1069177873
271370151
4334167816
21360154
3777380532
3025085803
4856283802
1430126299
2411299722
2837664336
4709430696
128239724
1463626848
1242928848
3233411
17283149
534150268
3724385061
4235979634
66558413
3422792894
2155342483
4314091474
3034690747
4855751469
2871494150
4849414865
85611873
2975779903
4719915350
14726803
24232778
294319647
3227302016
3808057392
242025675
440509389
39526539
3239294055
4808465607
2293656178
563067245
1326769430
466438757
4771048495
85920325
3090178764
3965737039
3435462729
2874922126
281603436
3374782037
2262921303
4399986496
501177938
4822369006
4854884085
176239411
15062775
423944172
4763394602
2982418127
2751084211
2942734283
4854429232
21664793
317090611
48997501
436282327
3030553381
4853948110
105503417
4853859381
3436590017
1935631592
961284206
74580725
358203253
3307269589
558663887
3969100539
2700958579
2197130335
2154006108
301302537
4202452762
1302425288
4774578493
22836636
402920391
2827903241
4618148960
22415432
4853900055
98705776
4853679328
584525022
3298500384
16032138
4774663664
29843257
22633338
79356670
706843309
1378730876
43648727
2153211627
3020301317
4849599016
3715319115
4309496960
4733463315
350024281
29293770
4853221793
2561636438
288346966
2722573117
2787208365
1513492410
4853085039
4784412708
539257589
168747118
276477607
2341289062
4151380492
402574691
4048409909
84300806
366668044
548356268
3393972680
128136403
4852745344
4776924320
194772688
3075296069
987897439
92434782
351788858
3031086747
3208193830
42843625
2557793078
4344381198
37617002
766706816
1490733122
304840335
4571259795
4816738340
95609623
930306452
369656723
248023901
3291010518
4223462721
240344101
2343807152
1594122277
30743376
1206546271
4801095720
1266206492
14829052
2361383864
579387664
16060978
1057166996
4818468094
4288347555
521887073
4803581660
198044667
50040434
78793421
2809823370
4640258112
4851411557
575606645
3089389210
1530094081
1190463858
7219552
747392540
4818370322
4834321613
4846106752
325101124
2166950473
270526374
4851093311
4464064948
4695419952
3442541003
4850965763
220637508
4298236814
20183469
15033050
2293904521
106791304
141540687
267876222
560245242
872457752
2879096028
4784932213
69936529
14389617
2213389021
94075765
2784320900
4817608272
313803380
1393742970
422101566
3116232207
4850471075
3496448233
16700585
14223195
4764122654
3245789975
4822225145
4764087626
10761782
33928338
4671499454
33532757
3300535420
329356583
1913561923
4702167917
3275290465
387337141
18008999
1362463801
61299132
4780925893
17495853
1328979793
4816784364
4793910553
3083674647
4847573092
30431478
4816734944
4535140109
4756017255
813764197
2858472073
2194523995
14053497
1411898509
220852986
1418204666
63188963
4845639700
3929147776
4849132197
4849065699
2372394925
2827850282
4847821084
2170588898
62239879
4732991657
169564888
68213728
1570531478
2711501180
4769663391
105077472
4822906389
125364261
4756740816
2832712559
262763120
2872101640
4805580494
4801773252
4639038433
134372285
4757397716
2809806889
1323275580
42079200
1924505982
4764789978
4563537676
4094720295
243524782
13960042
3025781273
612009087
14224916
3071284770
2183392927
3837060149
4360111159
47461689
565516005
3932763915
2543773335
277170397
4460909843
140016378
2548432560
2827074985
941777700
289359879
83935223
2223950695
4847213163
289819618
3764847135
560951137
24896787
55094574
2461906579
81772413
2293075440
4704499039
2830550543
1295618108
3675258072
157672897
4697730193
448973510
767259020
2815795910
3937667837
3390122080
4845337684
4810582400
4229152037
1035021818
407018662
306265390
290434965
3020272996
541074148
22208921
4846123469
946220616
97136609
357906315
290939274
597146023
4324847315
260158603
1653414984
290599281
61377077
4798605874
28231916
3258387512
34670390
2259252914
2845611466
586009055
52455258
27306342
103933190
15319047
4836000682
141700313
3250056949
120258784
4389974595
8239662
4811364234
124786730
1065352938
18134825
3149072725
3610286956
3092715927
40395545
1228590079
1522187928
2496413479
2909782545
4838432055
32359311
2898163639
3975187582
1408524192
3311338825
1957241886
1067986608
4810952653
1184923802
3246031026
2187297740
88096391
1905019009
4826070329
4844017779
90988001
4747754297
4281657973
352001245
1348077080
4810285993
14061683
121372388
2771456908
4828674527
812417100
199005628
66987980
3062140340
16706442
3502238234
4843809191
4820174938
154880665
4624943598
423925974
2443302187
4786879735
373973137
86106017
3383141
343510896
895230168
2297039826
1179739992
4127813571
3453765974
317741409
41461964
3349775525
4625448203
1922291772
342468267
3425812151
4787108486
84807120
4104054437
4517902473
4843108391
3466739782
205254930
827016980
246236797
2199035683
717887103
2568700300
3894581052
476057266
391323248
234304493
367016883
636207953
45991505
3246958814
602660741
74738717
4838306459
4842626782
95114587
316585175
4842529971
2407576807
236480225
3040504060
4782231979
51701566
631755860
589778624
106227931
58875883
163918069
256786662
10553012
4811882217
3299730071
4834166680
2887747701
140242962
3129297258
2889369489
4690103341
4423067662
15694469
3044375953
1662977066
4832325807
58282452
188634711
72104291
4839704986
42845508
4840836802
21935819
3228247843
2607324068
2828607199
3150855908
147653045
24783042
4727328232
76435039
56878973
3300700607
4736695939
21111466
4807699223
385238050
4741638553
4702233973
718361880
4806176173
4735563084
14570094
2975523580
4746988272
838147040
4634596872
2298521375
821789233
20319989
238672095
3005690594
1657357626
2978279283
580551706
3080118632
425279832
499997797
907512108
195347967
26570368
4804984700
2487627808
16980070
22024793
2315755374
396756265
4410396502
332702742
4838465093
65763775
599334866
519609146
3370311915
272525026
399996504
259474068
814028473
15842204
2794794344
17690611
544266089
4251163821
1905568166
4839188818
4756325355
4791515444
4315921633
4217557347
2247600613
878558773
4732228647
275966877
2958095321
3386137251
37495816
55613924
976361305
4831993013
92358436
4033679951
3470547083
1290987776
779052890
190126543
130577876
446212745
4490810482
75843447
3033398432
3405620049
4803263593
298639069
2349046796
4756817298
4767500142
1000360088
71519113
4773353953
147610154
1659595304
18570486
3912839121
450051469
46506260
1548856404
430194041
49980494
15560221
2317996207
13060662
368763386
29861685
14825740
4591073543
216612673
1474734912
4801386745
1032579475
393971719
610713094
4345253479
4837458628
4796355197
2492004277
2223163029
108566179
4837328794
582484499
4801030939
3980485994
2334937546
4829807625
2436875558
2175079772
2764085700
15074101
15037019
38180571
834301807
236490001
241220025
1621615278
1405661514
858596600
1107486313
4341534855
52580920
290715876
761651610
329877347
520906982
21974682
3886261872
59748827
66993967
2890714439
4836040623
4799411352
2169160988
304016990
2160884054
27767198
4835814436
4820249709
325209194
3373738277
327388809
55145062
2800155107
717747427
47711280
38361774
4835603403
14303020
37750850
328645952
2918857394
171002953
304748973
2851613185
2530947569
14715763
193422210
4385167813
1482811350
3981347303
4797863780
2538638916
3405823845
7634012
2481844925
3207826959
2333021476
4665047178
2876506858
327003497
4214025965
475894716
2293025767
4758662767
1336703222
2230120660
4781853140
118399913
577261811
4724140645
16505652
4733069956
2394043602
4745804838
998085991
2695360903
3386586449
106526753
3686789296
218360350
101871858
28578101
3014586591
216312788
4829268214
39937311
4713129134
259646156
1076402916
231112960
26606765
361341345
3433785107
468528743
4834120414
14475824
213370664
346629371
4795856773
183703507
44048035
3260414809
3261964288
4833906058
3118188351
4833658193
4795575458
4833689050
217492743
4795656800
4808359335
109114531
27754822
233287886
22721896
43156555
717523542
58865524
2430216776
3044030937
192349835
175575285
1060510442
792095244
285960199
53949146
4186073675
22439449
106298288
304999666
2383983350
48122669
2189024030
283519739
3178793332
4794487302
431529195
912078036
113182723
2333774426
4817058621
4833380921
1442411090
3941996893
347782603
3007344131
3579949229
477713719
327071174
4825720541
40721492
35047167
3882427160
2534579035
3355127457
3947234833
4726544669
2782599890
2225995695
4828099834
3025838312
510921101
4832616527
22679370
2871628584
262965960
2875476429
3447330736
59248260
1212475398
162303896
1735512486
4788523550
3345701473
502007503
164718257
101883122
2212454553
2394392978
2937886096
3075987478
4832079581
2810819935
4079754734
68197059
17582525
2469440798
4661403557
4711880924
358222610
983421384
395516022
3294921536
2365851944
4181599240
1265506891
236606911
489634197
129198264
90737767
806298516
61017150
3301450162
2228890556
62450610
1544214782
84477787
3301038075
2189591168
3320765533
2277015487
1339862220
35672749
482135973
4655078135
861604808
280278823
172426157
3389839132
2379162860
4740816109
4790557904
110631887
237734881
146857632
4750303335
2418151152
206466484
17996492
56018972
701731753
364356055
3286660268
4779742693
3291125541
4781895253
196793532
4514374397
3221612559
71487848
307737117
734219684
278328058
518198122
91701158
3385897965
4770798854
57447012
232244218
3475490713
4418031683
143546911
22627525
25837078
111446195
1139863351
67580813
127635357
3313959803
348040342
38116137
813047065
409255403
267691799
221718728
2951315883
17733882
1242200923
594252881
4788952921
4753636058
385186057
224308887
3043114004
613474494
2989181401
2820274894
3284717048
3064698598
4796062533
522529954
218778407
319407870
4829028789
4829213171
208217177
28141192
58762528
1540390748
210211199
3238728004
3347318439
3065996805
4771921712
2262770361
2691150774
1355120582
733234778
316818538
324741696
4049118319
178767733
113247750
3158969942
285827094
3559068917
3456107060
3215295454
312708573
883741609
3386670069
1041406806
2470391426
4822832813
612355302
2959398003
774174320
393796577
348178641
87195344
3632346732
124643681
192694750
55100332
38270782
4827692835
346987707
1012062211
218393841
57209369
34660865
2789131825
17168801
555933767
10636032
26282156
3012465646
2212881421
4827769055
452080074
4264832897
24874432
3258989684
77102068
3275288768
2344982065
609559378
123400883
137555740
3237059753
1704988086
3318877096
3319273071
161691702
456719587
4782946417
4764561553
108029618
3583870755
861923887
2466476605
4782685910
226309907
4782195607
382564784
176415260
109577555
3266431201
20645606
4643980542
757608379
3705711913
868273680
106600859
1393340551
2269169039
128113575
3949664055
581533676
261992443
2680559274
25561406
67403167
20626247
69297918
94396287
1437495223
119242649
2236841281
450706132
15215176
4822281526
253947716
14116906
61447470
4784129125
4319461041
2194368020
231044053
44493133
3395538833
2953527252
1444345136
4546890614
59442779
275224819
3321075043
4425287127
321055684
1726953451
1328474880
267929957
1067273425
421628999
68268068
3166410085
3037297421
98714916
27962744
4514258293
2685284107
4826226903
4481011153
4826099721
14682476
3317783802
875575345
312261979
2316740100
19482808
4826092503
4774878860
3270298494
69025521
2543755782
4754205060
140966719
3163911559
16063910
20848117
34349916
4776012559
4710614779
117629735
84590845
622502373
88579495
63729822
517168791
4415929092
2213605453
585539604
43712716
243627415
210593241
20160475
285751775
16125316
3077129632
3097141945
60645842
64585797
3364345985
170476017
470001333
4197021747
1872692941
4825096935
3181410773
3316666567
725934312
14957522
4759477641
4824890807
56905835
4685868732
4824356939
4779387253
38895966
50029467
2791647166
24653985
14867086
625267763
2717207443
1660186639
768772
4660186939
4769179209
3562046240
1649847709
4770138259
1547795276
4824385053
1193573400
2805782132
252158075
385406198
2598722274
4824101237
3792330074
457632473
243402682
2930690570
234834602
4765182630
4824021886
4777028534
21862158
4657730744
4155047233
477083961
142532935
4775816592
20096567
2885444328
18165624
749100139
132254182
334783915
10786822
324355795
485550961
207287283
1646766342
3185644711
4555350499
1429884716
2895259673
4760119507
1923687282
271177480
1300573604
494380461
3121454108
227450269
10542642
414585342
103527342
2986384668
116501737
3932316569
4416025846
1519694515
4775996600
4800048022
119872442
540345860
208085452
4494861437
961325514
1545887192
2762903566
4617835582
204271159
202417232
4707559940
1256787692
46824559
31104653
37303729
4822287669
1006706840
14791859
4754868859
459053670
519809147
4775257273
96671761
390306855
2578510646
862772606
4804255402
74636658
4292067987
46954259
4621474992
3167516932
145841228
1623740382
131177504
463764234
2575080748
219303748
98341364
2168821381
3064157493
3502076422
2788949523
2352242717
3246555841
36622097
4821384057
2993386427
33200676
118788605
1107182132
4774085791
2508472922
185801895
96633318
2706888004
3199873190
106912887
3145777459
96983822
63690244
431855543
462115359
3016876398
249197290
3173569875
4820963451
12304002
22519200
4140453718
57888122
378774668
2212417986
3343066695
3193167396
1601834311
1628373854
68384279
107448110
75940765
3741892513
2894103033
4723273162
13506592
445289951
161336081
2223421238
25738538
313621812
49030791
4500807259
3160861441
297601718
4727557109
245130155
40342995
2222544680
3343518035
4131472812
344139335
94382432
400473683
26322379
38997885
546461757
376908349
14634280
717443802
3709760535
1273175600
2887849138
453343887
538594406
34683928
716363
4770033692
46585985
3804203714
1148764418
4804858312
594980236
2967229377
2999009499
270145445
2653708148
835289299
3298709634
3355945780
11095052
363864144
200283342
4798539917
3432790930
103018280
2732295103
3000913257
4333764749
265078603
4769880336
590183920
132931471
1073972042
2696386519
2363011566
1408524126
350858494
4798361055
411065397
27371803
2733767397
4714992795
487063135
2882818494
19456870
1952916806
239215319
262189514
1104111116
247149753
2760115299
1913039178
4665101727
14852204
4794863896
3065366568
2713667281
263585531
835436012
234067783
103213892
208272541
223119456
2871601277
2908832833
1035946032
397655347
3624658394
4787857636
1075406851
2833554863
312732177
4585547243
4121073101
4764633529
4256493913
3994492954
3844202133
802870760
2391440068
4767615541
385763634
4765116073
1917907339
538262731
887138227
2303934828
555178559
224987109
4748647294
2958983896
3383902954
364382082
2597955614
728937888
241245096
138025917
26035377
547522157
2657508936
1975122511
2796892889
4766111304
4303507453
794596826
132243629
557037054
17492511
3001633498
428654495
25925559
1085713634
4697379223
4757423262
3058223205
175452788
4723797078
18076023
33344256
2375414900
2152683175
41575945
42540199
96851642
4760230555
4728513017
4524968494
4753646784
3390101165
3216534424
2472272472
123148508
95259007
412226895
513430484
2893172566
2279548333
2420102588
121818720
3166964315
3312716088
129733431
17514190
138435045
1325874410
318434083
2830314500
2830552813
3870606430
2845972516
3075079049
3805368993
600181977
3016448137
45843200
4815702279
91412851
4805219662
19676094
2991881049
243292912
472128771
2902034302
2849391765
3664731557
4763352134
2886554635
745938871
4173746835
4794088713
2679920298
32233514
2864211028
3191573823
4689749167
43896067
3375480923
23813126
428310241
57340942
3761604045
45372146
2280561692
345933999
1145470188
79992468
4490670974
615533373
2853039728
519661938
1054806972
91204702
3231841363
60111729
773568480
446387821
3399696407
3280727766
867397992
228114469
4790351728
1705855850
3226702242
725385372
1939742060
1366244095
4094756063
4385152540
70669937
4711523717
3586897640
189466286
3360012975
1070491034
4322765053
4795099468
528721135
860534953
151436848
19652185
132211791
4809026237
40041662
2304389257
342946268
1006876452
411566885
2424298788
2464845858
489279561
4808371876
2922227104
19477244
110391864
96785696
1901991966
1645498512
3543920782
3193179220
275654435
4805223029
283242756
95757980
567601150
15433375
3355295669
3116935285
1356363686
940195656
386012352
716619795
84391848
4414121718
65393373
4008462017
4214589382
583826945
211601317
2201872765
67049034
88522665
17989924
34039620
2804601817
20764155
140433059
4793800415
31434412
1399310510
14603597
3295295032
3773421
3304698987
2295985086
53302946
2659959755
3792847515
186566182
1467605426
316707029
24905062
307557372
1152920143
318774472
3023047763
2412516721
2541932861
2615022144
240186877
595314923
273341431
2298689440
4754683933
1379894274
2364385819
4757128573
36523012
2803618460
963538092
3072222841
206744577
3556223125
2778427564
3934051779
150950376
4768529055
1188216786
578686120
562185778
183071232
81975825
4799551233
294299582
200356945
3183735109
142715663
3090704986
2986040831
234830538
111149353
7330702
1483234746
38056247
3101901426
242109633
3045336977
24095943
3202059531
4748648347
2263522962
167653647
15386379
3251866122
1572794473
3251437832
322131971
121857648
356628441
101921705
115794877
31431858
2282322075
27777204
3011898473
22393730
4798095171
6360782
2511320641
63333085
26587431
2898984774
4703240896
93194209
852329888
291654071
143483460
43964629
334875363
4771685237
4797118775
517434417
2252247919
2829367800
162629810
2173332320
636992231
14771333
3253707897
71850566
76681254
144683423
1225260685
3385380454
17537092
4227160214
375606687
170591561
52748103
62569354
1544322708
4753682174
159302708
4725884483
4732312392
4754118553
79472111
4731314851
4641889544
19982400
613816863
576030806
4752456253
4334638334
19643651
447982537
31635313
4703470812
18219682
295234507
1978918514
85773915
2914548965
165580566
1732973905
2379009859
111539916
4713224621
22105632
2218698378
4753268894
2664020453
2174953666
963117440
295687314
4097760257
2388186658
1088444370
30578391
2723859020
4752929132
2906403017
4723099296
4708275978
3093095038
4693123394
2859395227
725286900
4247223095
85869486
75162669
4426098616
582757094
4751116048
18908233
4792723883
1280299814
41809817
4075621935
4134099621
3775058234
4738270454
2855148299
4698218054
83598271
4791711741
1229278100
2610228313
4740094005
107009587
84212764
290974865
2393639618
166467575
4647676995
4745721212
2666911574
563927074
2452250191
4344696494
4209610307
32382807
26136392
3701589564
19509094
39993644
4639644589
5992722
4741310894
581438330
626858047
1708695000
4041211152
1293475699
3509751433
430676945
1093741110
602872140
227255104
4750754828
14246019
898242350
203798113
32382465
4789430362
45496039
3269229884
4656839354
4729552238
3896199493
3299384229
4692109808
4748888127
1603927854
17198437
352641126
4788391695
2776198556
2502713967
21239549
241116659
2455205953
2496151272
486413598
3254765291
241810931
17323877
1449970490
593925923
71806222
31182447
20017571
97880294
4686976884
3127820695
91402390
2741580652
2753276622
147717668
186311987
4755258377
4777873732
2724079888
4787605103
106327144
4762988061
4719997649
2239898496
2414832302
219101760
3227290460
209632493
4260851779
4787268598
483864102
170375711
4779567082
310566869
4749640273
15530598
3298545803
54017859
81339795
744929905
4740186318
1646852238
4256753182
170779172
4736807515
4499574676
2162489411
419663278
355056940
4785688047
65376454
2380842409
4628734032
1712754770
3131068318
4691505618
4749081259
28875948
3416175680
2469717872
60319420
3115598572
936901063
3261781776
3429227746
3432773770
2428477927
4748775091
282110640
4167337108
3308875237
4562340084
2807186057
3075772755
3252044721
3100337068
3292891397
3134067656
4784595203
4784317839
908256049
4757467911
3386857816
122064359
3240220426
108239972
219653717
635457838
22193292
69937475
235944543
402261524
58176333
100588937
555665556
283426246
341717669
16676707
934872744
18187242
85566335
69846306
1872237055
390725246
264099366
21341969
38286421
304933854
455538307
4440182788
21067272
4730178619
866543394
3646332138
4778488822
20132992
3222916830
4747219579
467474823
241806491
262859658
38737066
2160799518
2673958051
17245074
175065585
193108898
281649050
849445969
402185254
4745832978
4481282777
285619128
4341635061
4770371297
3312598972
1488785622
103001135
4703824999
102878312
3003785223
4751574569
627112994
16714879
1318685282
3044649835
1536913772
239372452
599365041
524137002
17621850
4035733215
3109508081
4648948095
314174259
2513620107
45584847
28674428
502017461
128454159
4745455646
40349273
46652470
23030413
586587618
4748931435
2683330783
37612059
4777166127
3382103189
4745114802
73633395
279074564
3297038505
143766660
4777826609
205069990
126973878
2776315517
3748131977
4744820952
19187952
609423947
133128005
4744690873
2734655356
3015728190
4716066094
247132229
275010506
2504302308
4704925710
83026028
131922239
1488262490
4737458122
221721239
2691162884
191481638
305862319
3007549756
1310052084
2292065240
3506012592
16743256
4496972596
3247060598
4776673035
388640344
14399793
4662438853
82911634
147536825
166317908
4559902400
4684436803
1970639126
276478540
57732515
28079410
3130895890
16132670
543780399
4559485763
300872568
49454356
4775734875
4527661161
3161327771
547062950
1011229080
3314900835
386160647
141340589
1291232311
22372811
4355328375
2625738359
187680111
2966443775
434821196
4581017669
4704708204
1219437668
2545077084
410753968
4774956994
147275318
238420245
3366148307
4775204657
291682660
4718785638
83608327
1656904458
3349118133
664093
2970126058
3397802757
3042472455
334721794
1239900877
16293704
280892542
15379585
75048053
4701619712
2722350587
18188505
4571048477
362930416
1186824450
16123304
2891279943
4740842832
66569101
2370848246
177988754
3034126834
63675480
2288253459
2340210998
20756731
91393945
21663959
240050117
1112009172
2796367200
291164003
4416934095
192554381
162462439
1334408401
2346819073
18895631
58295868
25840108
3168153608
449533801
2843174148
582151719
3639321920
39766337
602192243
25571512
34053137
2783414634
366921231
3308625661
2620187280
33328639
16137842
20451176
2185392451
272455367
386155848
147787588
16296999
245431059
376776837
292126988
2337293828
202635225
3948260777
118778707
320414268
