540885255
2902411389
718422820003385345
26439625
3338579472
718079953523318784
301465243
709406010327359488
36931102
3268364924
711918991019614208
39123096
188258310
718395952789266432
174501277
717827917170888706
3061350919
715227239412023296
567061867
1093078237
3233231388
402517026
1099487258
209867677
287800321
3072035698
4336952015
711629102445252608
718360381954093056
712185125585420288
10871462
85990671
718321606649647105
39791934
900265022
716902427203600384
341323333
4920497846
1121857009
887833082
4833126221
784079618
132031710
2933555497
2588824681
2590737667
411710439
917025924
2804366452
2664799662
2692624747
219149310
2825893976
469661725
350414422
2983808450
156490034
1055588546
66920918
56677301
19241017
2918731189
3193199119
807588068
3250167931
124342527
68414100
22198278
2163044930
2393668057
20182928
74960046
134765400
4861717332
714200023647580160
2432516365
152450038
2921395812
968581945
3377141
609376399
311239388
238024609
283536988
3006483519
111409151
1259727709
449707352
101363372
4112699416
3384528081
52573332
703992428
3086182267
254840101
385283460
718146945471086592
111418784
51008793
4196120337
40829460
2584863732
717345975795322880
416991922
717583670165553152
2468769498
211375165
85205244
1870107158
2457083694
1591792928
2460573614
3095162464
248327116
716650860231598083
215716399
3434415575
718094572719476736
261671781
3140752163
292069532
1416391302
322988575
448445992
32472320
1820921
167471923
2493012037
188434971
716709629674258434
365013771
29261243
438366063
286006241
320913558
715513086766161924
809262198
104513673
4804125622
362900564
3001537537
247323943
130772991
710449789607895040
15401432
714563157159706628
105579490
231210086
3076906216
569431553
12947342
1871095206
2581036842
1671421386
419951447
95890024
2599753662
930827418
159935374
160831614
3333433812
177936569
4838005463
2247071622
2537112594
2964381517
1502048816
569581606
4216722495
717945704203694081
717908117946769408
335332935
565945868
392766267
2891031204
716117233731256321
3147833695
390124450
717198840533815296
710985145755381761
22737233
2553672208
3817715294
1385782796
3148811232
46370846
15493177
268773625
1194928856
97342603
4923446720
3132392014
62753736
219490587
717424053263417344
256771368
533026486
485676055
846275214
15932776
3011315314
2501272465
707657599567728640
4925450169
109165338
4870379122
21639427
216516059
3993782776
20300552
141746309
229559308
136628459
120482972
19693254
66363617
210088971
40497310
715246148332756993
199343213
717452929729499142
713415261424975872
2895003278
310555103
1220796294
1572956923
30347724
41554457
1957554378
335301503
24518690
2301895591
714926880214925314
2866450867
40178399
256095216
225543340
392875695
2182680858
1384425488
317029589
44850004
2149413644
995900058
33898045
2276225037
1531155182
715644805104209924
806534401
1960694810
2847026542
585404434
717038789361864704
711946456358391808
800986699
151057629
55004097
324012298
9230922
48679610
127777382
100926361
112953339
2548742688
178157281
2280352058
283690478
10479702
2150722388
2490065412
1614642481
71633588
400455554
3080064897
36721311
54498988
596209492
1314676069
2839001751
559290111
582136950
700731358629367810
717675902709071873
4816429347
3970755372
3233365130
175707182
201310261
4772181252
41113416
612060256
3611710035
3030671547
717166953446531073
2573235798
4533518355
576101175
717596113570762752
1577649559
2261431183
2761515194
3106428430
205081172
767621624
313274119
78813002
3784860382
2250188425
2299405712
2299510262
714816691247706112
2784378588
14469175
128970196
178149442
2887397621
717049528176644096
716567434472198144
712125438504488961
1923739015
713433152404922369
2989417734
47756285
2180370721
3120226424
897958482
118947694
4060629861
150544864
164870710
204518028
133432209
534274815
943800272
353686960
38112015
3421896657
2686210268
392348078
58517627
3300619347
402553717
1590601603
705560385760395265
4717124797
716965011097161730
717415525471674368
344689201
717415251344494593
3089026545
3140585251
457034557
716996963129040896
219093282
709748825792057344
48028774
1292177953
60365755
38265952
3219997783
2599276922
2852286465
707314364005621760
67376981
716647974344998912
765653
1375860338
19198285
717358024843780096
272023261
715234137297301506
3072441280
3068472369
2378448144
2960140371
216595808
23460525
711471177705738240
1077489494
256443757
2768709007
2483993575
717310012457091072
111527864
717307036174778369
16630622
3450741742
43006774
631165225
50388890
716918975511179264
23740510
120418926
218853237
4264201882
385272319
14577396
705662499622748160
336406498
112189964
147665482
3115946105
696806079133573120
4823419696
2457523981
3295323138
711530190711619585
125725943
772003566
2868666156
1301288066
58429125
705127190602637313
716590909656141824
3271917146
95508534
1072951574
208590809
576088346
175166015
1587026526
245665219
2884538073
846188238
717141862939799552
103676484
3341135903
336236283
164447749
3035209519
713036065368616960
2473673234
715686583370964993
49502296
8259992
150781019
8232162
366100309
4121855235
3535525396
170296415
412811739
38905460
19568759
1873278907
4520010862
3280422553
3708269656
34787058
717087298953682944
20963681
20668565
259923349
206761503
397456377
1894541
4046717787
586500514
2744904941
2498376385
717038703902867457
40216687
252660860
21489016
924686850
3032686800
243602760
334929767
19991332
717030134809698304
716349346703286273
386354145
87889682
717025209627373569
714921739495546880
295595374
452713097
1554272780
65942837
1001844758
96712479
717002319217340416
2860279675
716652534807601152
2542692762
716986194370945024
2841802192
3682793612
2830166857
65580304
716968204669689856
6624542
16821772
75230458
60678404
716939268158046208
77882740
2834139318
767320063
15351270
19717943
394712000
60506896
20768553
1300326878
295623465
260767654
4003791138
714653501188493313
908541325
196731377
578562930
595745894
854934133
68717248
283699794
3136630969
4187776342
1721637096
745933388
3525077237
4737257722
1289133542
710464630787842048
148982696
3748529056
3103278814
1083435270
202821624
17680581
700393047981359104
708674440154845184
716759791779991553
183280531
253750616
62852771
716740668094332928
313460948
716434341992259584
2980342735
56164284
709227988961730561
74919828
3377367952
778810867
712164267064053760
716387382258442240
2867807272
158289418
174949417
705506423694880768
851107706
2694990044
834206766
232894874
476350475
339066780
47027141
950747299
714635054681432064
4633868602
159137403
3687200657
1559981492
3310861028
380396029
1627047523
715136245836328961
257917157
3067097834
2627502148
3442397476
3892197152
2578157408
94834276
146016623
1608918109
46157703
144114921
4483895542
2865765453
2774800744
337419683
3052599956
66103445
14912109
4850984608
112383757
706368062186848256
3523854680
629146421
3131384871
753334321
4252975354
715213919111880704
321905563
609156496
1124968220
16871781
707248642952802305
1421345646
260773335
3365817635
225453721
716538472232828929
4906048989
1125748909
48575497
2260407175
3993650361
1858661394
2861694143
109736946
312334014
4431436512
704805285634969601
3648005299
716462837145673729
703455646813818881
161637050
570402250
317944896
2514487693
388786586
4248418113
938239441
3312045917
704242162574098432
778109336
716334812785577984
701035669985034245
3171064658
4646905154
343175651
617456964
276758862
293771250
702443737876721666
268418917
709001711734624257
579048438
2721560710
232305065
2279595619
3120883439
2472596834
334367722
1161069458
56276516
712640705261400064
2846099956
425158361
708218801612050432
716343889385426945
3406102498
52579407
1499409822
746192376
1130555317
2577908802
2957095087
716315091319201793
17965354
1575461652
420761568
3384844887
4120782741
95645954
2984481269
151914590
1584791990
1485994687
28575986
1449797568
942861236
23182011
440276781
1058423304
3305356056
15971978
4517260882
75581797
13109312
192088662
75213094
77353529
2326057482
3179522525
486486586
2284420313
1267836421
716231491886456832
182281423
3458100437
70850395
1512909840
585000307
4588772477
52504399
2312936562
159995182
2475369877
714497486199463936
715877344292904961
710260972997500928
716163182604206080
621006024
716192205824770048
3297264123
232092920
166097430
2819422749
2982122578
2609099661
356791356
3256160306
32794234
3152235705
3239279338
2919568088
859462903
1657924302
3196194138
275425880
1396883010
164963903
58218455
478681500
36261999
1390558627
582883156
3031285575
255133757
625898729
4871729751
511136109
716030387579801600
17040567
3384148695
588308823
27336114
516788532
2206464627
715995036702343169
604672049
2515542346
115645317
16189970
386051079
472547221
246660943
49482475
21311879
1151395788
343081385
713052698598367233
132065267
297638975
299549551
92988616
3506647872
14718315
299764372
1951099082
4254110619
4150432173
706014364973801473
3375568199
2728411841
142086949
4173430839
710884794427510785
146919593
12984022
197116461
51159895
3278974098
2833215204
35751952
159585857
2581601767
294517853
2271206276
4508285476
191113742
3431161163
19811781
2788996121
2883136248
71366133
708319246028316678
17732018
4830197282
4225119554
222181354
15431907
62079170
305772307
388858518
4445399773
350042673
14492915
4012521134
701842510377783296
15969678
38112984
715719055328604160
224257840
2360757186
3182105791
103529375
308419898
1606360939
22140838
1341095288
291187247
3025379722
2284747939
955424082
485463227
27828962
3094670113
108883169
3282809988
303916286
14348618
2485130017
134718110
59122160
2800408626
3244638589
141116753
271948459
57049445
3770617274
3430077496
2448079418
4874945516
2467662320
4862706819
110465506
1042914295
4461815296
714496995814080512
1723396758
2317214396
714217729817972737
3326910995
2296926613
4925579337
127534040
505213599
400728834
19898941
3247448357
745732855
154401746
715625990882467844
3430534415
1175351023
2894283181
311492063
2936080296
579890798
148001777
715594579018452993
1331352908
2524489544
4590922276
338095169
58210300
715595401856815104
130932004
588785587
384276023
54383377
715581350925864962
33485159
120504295
1679889355
578152915
234828728
43400304
564537490
267510939
2592084074
184973004
702863264053465089
707229524174331904
2654304680
45840182
2790149160
17742703
715538019961274368
4857833249
59504491
2243709605
407518004
199456035
2197412485
64854121
141189921
2614751342
2456595710
4888181885
819700772
29502172
125831851
3410062048
218287045
143036790
748986650
221071581
1376102954
3093798690
3539004493
63170610
106898939
705968771605770240
1315292378
4907319918
715279734637133824
18967077
4623766734
17946005
2502902966
110918045
209438373
3107941176
18055004
67254536
4888681221
110345117
712178393656066048
4806214823
252835084
183685231
12980072
23787972
715031875765604352
1130525688
3184970473
715342971265093633
747903109
28265061
256132052
59962891
3694712956
4904506224
2407941865
2244698822
2827523747
718111764
122688300
915285690
712696971153244160
213737353
799236925
2897958516
3648330135
189911895
714345607947636736
2725330015
4888118195
2377959026
707169236
378900823
610405259
2697947041
2187381452
12040482
2221351512
2390095775
715259376634691584
137911759
715251591066947585
80762055
770994889
3102508591
65922387
73426133
713067505271640069
4912535340
41617932
630338402
2843196669
715244141467213824
39839816
120957858
103170057
4408712475
3906200412
712038100134969345
2782746577
168428027
533430771
1377564866
40015402
2781129260
262854184
2797565876
715187745153388545
162651104
11583742
331273215
215301896
24878882
3412299688
763739544
118476316
405588593
715173657753096196
3514957520
59423329
584852175
37991552
4713870931
3416336944
4889182450
2239436712
3393472775
714389911042797568
39273044
210221155
60030765
821619240
241275053
714981943432097794
165365770
85819315
715122258482737153
712584154387456000
3838404073
2709927283
715105131788910592
42132977
195327227
180913433
302900429
715063292025147392
4853969883
3170886640
1400405784
4182629234
4071484098
2356428480
4808901803
3792514398
14607832
3056586880
4856676039
52706119
2323788253
4839069799
408657951
2400324422
2855167542
714952183595278341
4635938313
737027412
29600694
493575013
3011543627
120511075
1920200431
279858593
710112452575432704
40143417
708694626333495296
356965393
82566287
714965525990928384
73136945
2192841367
157164007
14797033
31526969
244122454
15764230
2246294942
713099687247499264
96196741
520773602
331273950
3838344252
4776529420
754025118
76900668
714533861095374848
114453923
19508797
21875483
462295634
112583595
19232373
2832746824
529532005
130905685
3195527419
105084017
580748308
58041634
25526071
266459432
626671004
1417651196
2984916956
1853074220
237051517
4852390654
4819035887
2524477857
2215464435
4068208523
16257582
85719459
43432968
2194325586
17365043
1590645420
145350228
85410758
1975571053
243144610
1871709877
4880584385
807051259
269595856
565868095
710926281563447296
298598251
709382318788644866
4309619172
4878740440
91853535
622920195
341955468
83145537
2822417649
220615524
167711050
1970446771
714713803628421120
524266119
2954935228
2195354904
707497994191572992
113073040
75325848
712318397502066688
714708765824651264
701144094417022976
1215840996
242821981
273546586
534659255
22407714
3247216258
1873782577
4217848697
714444343478583296
2355896324
2649426932
117180375
240090958
700816476425486337
631912020
16542013
360546614
1253330516
233643709
714142929095368704
213517391
138047733
3589659319
4560414646
56627591
323293110
714423722048794625
17448377
3173030915
701504780930187264
4830153513
108463403
4845484533
415104455
1067340660
2896070964
41594587
378032462
4116802497
1397875110
3427062859
1006109593
95793472
27324978
2984663825
583537540
306786564
4062031546
179928888
712785548050505728
705517941379489792
3301025291
703327748132114432
52709309
714486235000127489
2876396695
68935090
45070232
714045678419361792
3377325497
712388839952793605
2575210826
2862762733
2763484693
3076001836
3241669540
292948347
147832653
16570177
16183852
111641523
392788921
3964216097
1708992241
297021335
3158120449
602106111
113471671
3167204584
39092173
4445819961
59704231
203772184
19522750
2856812202
50747843
712730804187766784
4583131499
713815832384696320
416936743
7028782
709474184431321088
3247007346
81772220
111282808
2721385814
4881657309
232033010
119363934
2463154807
1396827889
4711220421
713010512351608833
352113218
4756562266
2484281
4842952675
419497083
209507190
2999681905
207908052
3440925076
2904248238
3192580723
706977000
252015983
28425116
1163345310
582032297
150587485
23605834
3219920178
2302082043
711747098643976192
4132752245
2276883440
24858472
713993856379826180
496273158
428811213
132821052
2751918216
1928112720
43420818
712311666759888896
1900450404
91642739
4814649987
2564386116
44540474
712954624144195584
225556481
3623679196
254100868
4151619074
703748851
17580504
3760599493
1100498694
2339475882
332950232
208142926
3281005994
60624624
4902282646
3191582031
78080629
1494845532
3997224724
229855537
32925165
194468695
30257446
357192708
279933691
3189597702
171948052
4813430965
81824860
863896938
892360226
229384729
140427929
20924180
3472736174
402472174
85621908
16684392
4913587719
4920485600
3233758050
108924458
3236000706
707619125703675904
709681380
701818897289371649
53012601
1428218623
412567776
253823755
95446210
249813566
88630970
487843299
237993366
4355906112
990451081
1674059708
3178839087
574713087
4896183980
607038875
102620222
713950161152516096
589790200
713603268711059456
1645947145
4491591492
490388345
2658124985
388914467
713915059748081664
2830731439
4306439301
81950074
2290363975
252140099
3783971
4184481867
123866796
188216395
154390178
2236917098
349128058
94395038
704787795475214337
74655347
711689950564110336
3581476693
4266056548
3254093756
23929317
905890309
319783298
383680317
118986888
704363747372986368
22573355
25406344
67028260
66083622
271500210
30633528
713796003988684800
3440425994
3397180468
80725906
62041429
165332194
706475647065935872
140396036
77878005
4044846794
2149127216
706098453395468289
22856103
4451003183
1915192669
52176911
1142839334
181557418
125393507
4690847677
20143307
271183722
2762712938
91797748
3130921143
483191393
121875808
46693773
194661889
407038235
4855927216
2959693156
713706083970252800
19203997
3692962393
710121457272164352
2981225153
3079420435
340219019
3163700870
2423487595
2785639519
974323290
3131525379
703045003673624578
196267413
136141288
309850079
2240819401
1468557031
90354135
1893047185
441637158
805249987
713633309863976960
33783592
1121227442
539213081
51409196
3214600138
2290092550
2178068354
33260543
3117983063
391279964
3341811429
5581052
713134893140578306
348922445
713164024548962304
32271477
3065278360
3494802975
4247650198
709501654400368640
2191925779
44796203
1029251227
16250976
1595131250
301745033
30767850
197122028
4380388453
83582439
2481242841
176155400
480868505
423919259
1422201842
88908454
712397607440654341
2879468317
709808677612605440
1131765674
2497810172
703634439557894144
905018041
1319712962
129314213
712639899598360576
3054389084
4756235750
16989980
397185634
713407552273453060
4619992514
218504069
713411785068425218
2743834225
4654176514
265665912
281046761
192294867
986682702
34741260
35950442
26590391
4102612236
198999347
27085792
230742745
274266148
256674544
3240302854
21121554
713356201136889856
36429958
2269335822
306845538
2918982732
40666978
1622318749
2998264254
24007130
472680948
2456225436
2832734352
3973823273
132054607
3766547654
450550923
704322811708510208
711960900190785537
2813130301
713291625695326208
713021284305666048
2608320865
36478720
468581081
234448614
4722925022
107278550
77392774
189190234
29591639
59684508
704856119231905793
1586150251
1233099967
3244485691
2863109151
1904189425
909584641
3307874275
40000461
265755732
703166445333512192
708197060994969600
35582287
924171205
709747934028374017
1075660922
9001742
2240912743
280752129
4746096907
4456200220
78492828
561659204
712272069178867712
271615340
238506896
712789301638086656
4036420655
4674892694
2951485234
2160450967
2678537724
712854476592386048
227606539
118691903
3884319027
17431045
2876736718
701952586971090944
60703229
172650918
45828923
3189838478
588235765
713081502356094976
15086663
1262422897
244515990
59519000
713069906355425280
2773356000
61044094
371983505
713069558916112384
4852783600
2185276981
713065525383835648
337899873
3402530593
708865826565132288
85114816
4813490156
2965644827
705962972057698308
26247653
712641869956579328
109379611
761229427
553144410
19385209
710852704696999937
2924792215
96202961
114277472
954141248
2787595931
612919248
66042677
45838491
712862257861025792
293631389
25844535
281163918
1601059020
711957116844552192
123948149
591297737
127851798
3013782942
7542402
14545283
33231027
772735
329288514
2850328812
3284944849
4913354112
18492291
67362500
447677806
211183013
15381862
161278012
701372180802752512
104517871
1958507456
4036935317
273264217
62869839
1899492175
494541712
739115232
340912316
155513313
19793376
4125905733
20356374
89359741
844700298
137278672
1473816469
3263374436
173756929
2305962025
1164516805
4608202598
877578992
123064153
282411471
344467598
3195259465
380667749
4360666033
478387478
1916046492
711803566248165376
98610735
3041874333
30603039
3242548279
712820687770136576
45336841
2804935051
712768344357806080
81425654
140653526
3098039918
1957774008
266515742
2245075547
704004915539152896
35675576
4469715743
4720395082
712631478690177024
116437710
1479642524
2694533732
106362349
164794295
3359309626
21805132
2904884726
4813939477
176656257
3003853967
712745471052292096
712741084212936705
4358774233
578582471
15181510
15207733
712398789433303043
341114298
373214836
3188451555
712722362400006144
711550764787888131
712764558
103035093
17117115
712698208909205506
326878418
708924875352711169
269521294
2327133620
709898547878105088
712689820234072064
43259768
4388064380
126666524
403052873
1024328665
4415420295
9829952
235417948
310155218
4776673588
3684620803
69320592
712619642196336640
712578499442249728
360568375
708634827767943168
3166101401
2530052269
263361375
3557862274
165479603
10179622
3238551898
1868703884
10866802
69276545
96327351
703097489004453888
712614555986202624
2246510689
290980050
2552880187
711778559963041792
190220934
2601189624
229834312
2960921471
709328783589773313
2578531536
2519825855
875498546
704621421360758785
4020634152
708164244617867267
238787286
2414216646
712461301507694592
450480481
1052285270
99998402
558578072
712461336526061568
41720428
3994520293
2509949562
579621548
49054911
4780643783
209911863
710508311477669888
89734285
2892725758
4564703429
273016407
711685994488012801
32790478
224809291
707711243998461952
711321081592811520
4700141486
1363614180
246094150
237927806
75193473
4013706555
14501955
43002559
164553498
2830209709
705040642179727361
2900702519
2704089552
39916645
16675924
72163168
4140446412
4851337683
703790624428806144
19644360
600025000
338055919
351089436
712260869250363392
2299393752
343551903
935218920
3835802531
4491257714
4321010187
228405168
1000880526
226013635
167502579
1365508424
529658528
2932563749
2447990245
257495546
4790489013
3405327969
409478691
4914792806
3296950221
4701801253
4038
3104806752
4707078222
4535121513
712026494726311937
39894729
84720252
325911596
711469728167038980
191488506
24954573
4826902343
4874501352
707322333552226305
2850782997
2776097573
23084440
900601584
109527577
4764615572
117577861
111068038
45312166
52053853
2320967875
45597701
2260033282
211109518
4210017448
99876337
2876711010
711426120961429504
3096822691
622715511
712124723862196224
1281243054
324935082
711635827328229376
4148534112
1928828546
452678169
2790576139
207342868
2831292419
1568881446
711419082793459712
2674941708
2364313172
712032438764085248
17964102
708743507289219072
436936031
20235645
3248429223
128996689
4855157091
712003918528532480
180892294
222688052
3311657539
61742547
706538257476165633
4833385092
2218495207
18566109
140433660
2311030285
1347638377
45933730
2312697280
42350547
4376950289
1854371100
123494727
490761762
701733179711815681
4853192350
1287248642
3369357394
711939445126144000
4917685477
26303964
2689739690
120885122
3590492842
22498388
711898071899226112
121375532
2482294513
517718153
711220642843070464
380837973
3582414616
19325000
515870617
3294410993
712557786
141957261
559507622
287602403
704907353741791232
103003732
705536987621662720
2647789910
548869874
4901511179
273839881
457394695
711230721092927489
14157306
711793127342940160
41140566
364849729
1604322924
858615666
2705474406
2190500012
19910547
711741982603878402
3063812035
285721438
1090438544
41516193
14874437
47346324
3398181057
73695679
3110719588
61327794
241727324
63786845
366903492
710204944809336836
1610472607
97013365
459494425
3173123817
3331540295
21056346
2790275389
711579611562377216
4461075202
2398234508
1252696596
2806997962
710960584460623872
2803688252
110782540
283067745
534856413
108125888
711078130316918784
3310204387
406185601
446769043
904996650
417436992
2650901850
2884077017
2924213620
14763855
2475696506
57810829
3438891557
2197676479
4501249593
563069826
3404010785
4708750939
4837408820
826736198
78322157
892553712
94973926
23943998
3267124058
2597457194
1500597127
110983208
2437648646
3250591970
245748681
711220869335416832
711044764624424960
1701719040
954838004
15868460
3310568045
99905198
2151853957
707309258346377216
707164809641373696
2187523716
711362673561067520
4855514487
35518862
772549766
186956653
3240326585
617716490
25137445
131945643
3196826209
311135631
708811100809134084
2429786422
3008213421
3130137928
46746220
274115096
262705531
50978936
2455140972
163103609
317888774
3158759720
406923325
18485100
26082196
1147737504
3243813491
708815364197462017
574070927
19733782
472101073
2206339458
711172782898302976
1226222563
704132251177480192
3089711661
704972221563998209
1920643207
711197419950706688
703886320989577216
260341054
4829730671
2358445108
2468420174
1422886801
2450743020
537395297
25374295
36698566
3395770313
1073580283
4590236717
2957765467
4372132821
226182064
1007946691
18634260
710383698017792000
43106959
711096561317466112
710899989841580032
239993121
2287622472
165344591
14340633
218148006
3796251914
710712484127055873
141919150
3455252600
48710379
710990464657301504
35167663
2989026403
707729476235476993
102228152
576293221
3803637977
47422228
707393893982212097
327423703
36618747
891550920
1362861098
705149894361751552
4787012382
4886857726
129639149
703713781336027136
15412758
101846489
15297636
251487220
709471867887820800
708112284481028096
3843933459
134432411
2543619338
142955705
710882084651270145
695926318861565952
3372594935
2732531
48345248
1222880149
54513574
4833435196
178895750
280844729
4009071449
91227914
2983147266
264178528
64246625
85371697
2323107021
3001056352
3663993676
917727631
1029493664
306241217
710800152462757888
1524872096
163084081
697864158356905984
1455213464
2231362423
707847074839203840
131400367
2887819457
35557747
710619111106158593
3407120747
704931216
702058318462853120
710694692447330306
4859653505
2446429262
3675400042
540235801
3268713408
297633700
1312300423
68356691
4190140395
225366715
409832726
21956261
4831227028
17087241
361345741
3335298724
4858405920
710617688859615234
16126004
756135270
2899682709
707593665636671488
229003125
179080143
17240943
1136395650
245928975
710611544128663552
234994674
3006452645
139958967
553294124
405391373
1250923957
3271346334
15508377
109354403
1604055109
2972957417
349854783
3331966953
24567046
4927767357
710551409830273025
3608937257
70473477
2733404002
333585673
597305718
710544513811537920
3167923560
3534429315
447788463
2214648367
414224943
2357038579
2822474620
3009959927
1931639911
17000035
61019376
16693622
845474106
985316299
12552922
2669469242
30760199
710359343573504000
2828969886
710494517166628865
264098533
302839554
703891254971645952
304383194
108921485
339913214
278009274
3033762083
4824441567
1309034348
4757231008
4546168456
3979397895
63487524
18509203
708217338760470528
133913054
37196568
709393116441255936
4505850868
220706428
2651156994
23607778
3009331169
2462134800
239302086
15306890
2665040976
1549087892
354021492
16095150
395740519
15178679
2215159598
704785867265675265
2203583072
213059556
2742764694
513480571
3396495347
14647343
613036762
21658169
66030119
3438318251
709947775845150720
733002404
700457951295721472
38346592
64749746
2811694952
390575291
228817794
863571998
2322687302
1145680802
514487018
1274648502
3169053674
4363921037
2959923806
68330976
2903700285
2207421517
3970533739
215528840
102843059
62924826
14367221
1754809729
612672574
408960806
3461380096
4425708136
710178557255876609
3301258869
325807118
311202906
71356475
141128889
2993437952
26101028
3036767052
20785012
1686569425
4225804994
18088834
900219044
709065815606296578
70881631
1527850152
57505861
3152101802
709790901669924864
427091884
1933829496
4716829937
69426446
579172074
1422520424
179408933
3311150619
1546143230
710114387013402624
707898756939829248
705135930441465856
2827960175
207505157
418093184
2203547028
345284170
21113475
2344784359
2873519217
3021364199
2725762723
24364134
285201321
1610975449
14323214
4709226162
1269204422
4363368732
710063095855452160
4912540241
111177182
2752138027
352061452
709870663952175104
708471423107538944
3117236407
4894192404
1385810426
139517549
19661061
27879818
1075142688
191285820
269471213
3279728203
2912273728
303703760
585535653
708464725953089536
290741822
707218628308025345
707413819581186048
106262931
38519385
2801087537
450071289
709220335317491712
312451615
709937096560140288
877554469
4848208437
56710494
709935895118372865
2572773632
3324210992
263953784
1727453324
709917914648879104
3057051284
4906099797
16232264
2234599420
2234656143
133375859
1711222777
3359612902
3904220237
705469386266513408
154866177
709722706606997504
2835418439
3183873530
17678781
831189012
3380428606
709163090579951616
12702672
708068759248965634
3322690469
3655162823
4861096244
4430334322
3550749023
13058682
4145257994
87957500
706172515845087232
510419360
3269302034
373348874
4070165644
1477779192
721026606
1292098238
3073067568
528076428
1721189251
825679338
2207344274
3190590544
708396470773399553
2304898320
2749423770
709345226691911680
708969387932274689
23065950
855921942
3194698232
16988450
2731307204
109578733
431768795
2414863818
707902291962150913
166183272
709195355364007936
2400222433
707193982573535233
3346180715
175184080
162470346
1314786373
238780918
125294114
4300990702
263957697
1122673591
507599706
154530419
3096799108
708161116816343040
2470510645
4802919864
3240507293
233758394
4597765883
709449615775551489
704738862405455873
4329723239
709169202561679360
709215149517774848
2152530524
169845652
162005955
151711959
4099028236
3277742100
858969595
2351483202
1437323484
18042610
707197633807458304
133526034
2993639532
4842377321
4837960634
571716362
2953755301
330324281
4081650253
119953748
709566633837092865
3944024056
3368078819
233362255
4540013160
2377331894
2282729623
148218717
4805359168
3041720618
2856827945
709530341921284096
1587222570
311824456
138136064
17389324
67023416
3903255792
189585084
288391812
3128825567
141416926
459673944
20208707
708914251319025664
2185230348
122753861
707589521261473794
421428094
1695303012
4839672255
85890804
709466557991280640
700403489378275329
709446916858372096
31873106
540127117
510823964
37363614
573328452
3423609543
4657149274
709446517950652416
46163138
704558037143588864
275504478
2441738852
2687224819
1426146962
21929586
2474015355
708661721540530176
95671626
708338923773239296
709166850790141952
636792660
4687843578
4852521202
2920114092
4237013248
709413988937945088
4892832259
289616919
709265349095522305
22425714
45946939
4709203508
38145905
2344101858
65781925
3071876109
709391648007000065
3718154953
1053301920
107999252
140569969
3676167983
288244037
71515683
2453218495
4471795876
165737244
420586848
708601529591320576
3886746984
72352359
2889444996
709129286586748928
2160399925
17059561
4337913974
3099597406
903713209
1230117966
100742220
425767756
21939131
705122992397819904
51674826
706711654625456128
4908478465
4868254487
401672682
709217360985456641
707881010470461440
707477420119490560
702029024369856512
296126842
2369199240
431018216
387390868
490987456
4258802482
2929722605
4219425503
631656904
2317656774
100095559
709188562462314496
16638981
709185160642764800
709155945272745984
336663437
2790492042
290241235
16090698
1599857766
709083530656137216
227422505
72181907
876085279
3109449094
4277998949
823938620
2986586194
162077907
4217008589
3058781597
701378854338895872
771749377
2880057378
295796258
998056568
2328140636
101012904
162317975
705009755086049280
368519714
2838053242
386346582
1201372669
705903868190838784
4797199053
1108785608
2494138920
84384491
314710033
709073565199376384
247978087
3046950548
735931394
2416904480
4785809063
339775433
280096138
708890254133088256
59647676
3206863966
3072383809
115790055
2198722932
18082302
703000634581196801
702226921027932160
26372922
4128043287
812964
2373075085
3667209929
3302601664
1321674344
2507040638
19503725
284490746
708707168745291777
4663757488
84954793
352297035
2780899692
277629692
2585358781
113642587
17383979
237979968
708938936907931648
517172422
343529425
914744160
1443106136
1720913118
513682008
395635301
4729161312
707487520792059904
706583297468571648
4770679079
62885871
3699770479
4157619138
3667633394
4654704018
1942448138
27774966
333827247
708510941273530368
446366986
452496908
707575267343073280
708799845767712769
69250288
2999609328
3003543772
12168702
90877902
4826115834
334544061
1575730070
470635009
707757395079000064
404203494
3035110695
708317619741466624
537956021
707676161783013376
2270848321
148115309
203070597
2800367058
708749377616089088
4636994002
2472355074
731291480
986949841
4635611541
707980362169905152
138293342
708205311795077120
4913866879
708708229103132672
708333693320957953
3022163865
708445844752703488
31677274
3419483179
842473627
522510552
4903003700
156588272
392233134
3536929946
1605791300
1488226322
302749840
2873863090
83359209
708693800915349505
4909432152
708693290342862848
705883529633210368
705029070984245248
1694371003
4891144731
3161654047
3240327412
4638181956
4883508446
2853061312
19402010
229322172
83353354
4854213239
706820310507642880
4840539064
32843865
4901332163
1612844539
152999773
707957558330441730
4739176495
2681860916
795083826
22760585
247409552
343761559
708073654165364736
48416985
708391295736279040
706706516372545536
3290936005
4838022419
246780490
54649597
3409072942
2870629218
1721169860
706750846197854208
295634862
1522239806
497630870
4747315316
3273701018
363638522
1642494176
64638269
708222675060129792
103913735
708461019333468164
36897622
39110511
878152578
498286434
79916098
4786937970
81007830
3105761
4833878363
2388894476
705555854716641280
636522416
94369786
708347363337879553
708077361443508224
4196005348
469190324
705066707715371009
293668136
45692935
87301883
3229402212
309512467
3254897568
15284251
2785946501
17061080
2559417622
15392932
1643782369
21442456
118128662
101703945
433480500
3216324058
1640624425
996818786
708388558554472448
2722190394
4108714826
967126124
101228730
3043458399
24301178
444467504
234353309
2673197818
42601966
2548611186
26074694
3017196941
171034451
43764110
19982298
4115916612
708243542892634112
837928388
703566988082335748
105235661
129173944
3278466950
196420134
2587922141
708195933553491969
704717374478417920
36686779
707212876981915648
2936088567
124150116
41066265
3811807277
2742626970
290024700
11990542
4699819477
20600353
4912623953
2322483470
3313471366
703233164953518080
230554375
2550828770
2250424213
390734023
706613042864394242
261933646
325285007
4823732069
4836387317
591567502
95853212
24192283
442376579
289281111
4167966208
3075678868
3031074811
4279050921
2348317030
486703806
286231123
231312599
2261769390
84070974
372731851
2540414154
3237499619
47382678
228284186
225544014
3239173971
2197859852
192372542
130883004
155478333
4861368611
4832387651
87363510
4752572017
1362017413
4848033800
708193714439499776
4040140456
884836171
1518041755
378097330
4900808021
2294101411
708125628508151809
17998414
274162999
100073246
4625536577
632153728
2494287030
322492845
34294566
187361368
2915230937
385665317
890122740
4706627628
19393242
708095888011362304
708126746743152640
1295853691
3297335495
708114805907922944
2314397071
15197656
2825622096
2279994048
1190044352
2398258494
82910801
1384143624
4917025002
30524235
3250987165
17666968
707897862701580289
261523101
875168222
2999728491
4581039017
239148175
283172776
135762499
3247232869
75461307
4697942340
2392954098
3295999314
3357934371
5716772
24617667
2238188537
14712463
4839364419
609206849
237847512
4267175567
4839992657
538432773
883244629
1699517893
2367070532
3389684717
3818685886
38070361
2950528951
368861925
707575436960780293
1855914938
591810164
701489638674972672
3297738620
1008869503
19680306
194047906
707967701659025408
825017594
1109341140
707957823653736448
18040514
39778186
2343757904
4714580952
1523482370
707960646634250240
237738041
1481529006
173912470
107160443
61358656
564541760
240176546
443020862
244830549
707519066035130368
4921174817
283924895
707912175441068032
167067911
21792440
704437785428680704
251840653
74021003
20272845
2589531302
14866012
3322326547
2217271
3194988800
611733436
703725495943348226
2915583152
289936333
4172860042
73926831
1065961044
2699170761
4074023413
867319891
132801657
4099522574
1281245456
2393868687
52017349
4746692894
25153244
157264404
2441685621
374136562
481859136
4332659959
16535455
270180165
18299902
706555706992926720
866962716
234050484
705867888398245889
4831431555
3439471
378737569
2685638976
576412089
365710103
706660441607385088
707249854624309248
24891860
2374551474
3249658173
202213361
101476428
46069738
707147470640435201
705651195033972736
79185127
4871210962
4578380837
3017641915
4525113225
707361613179920385
4875430439
309071901
4845958921
2350367508
2425033149
700853778392571904
2614569724
865527781
4723381753
1005033960
80793536
29653568
109550596
1295478852
2881505734
703623520178335745
25069768
2881073894
3305394355
4832433261
43821173
4368885372
2327417954
4785747382
792158486
603220856
97621760
63826204
16840372
1183413048
706201079638323200
4145832792
491785105
568782432
3063733737
481506722
321561827
332330873
1888536302
189244913
704970545352335360
16834784
2178312678
76719395
2483987593
2371932741
145345927
700665490474045440
3666587422
2320750646
701830594863489024
4288117635
3882827663
64985534
3313469730
4469819953
141922309
3299554680
431432421
430168934
2808735090
2278208572
4872068086
33105199
2150723647
4827186013
707356469512019968
849626299
4876033846
3655898659
635446751
1694597970
292798157
2740312688
379124821
273411514
1606286334
1465193810
86012720
410135931
3389730125
4132526296
173906484
2543181858
3245904559
705090681375686656
901465920
705026130932277248
707277703725105152
217780920
703669261340815360
769787988
101521700
704604429513678848
3653676912
245948528
3013492585
847139857
4843347793
104578668
705842245686136832
587212316
3063897713
1666059986
3500148132
3046768227
2849202791
43480508
16711103
60265337
15181301
704488902212452352
501633881
88404360
276007464
696879618402418688
3403523133
4691358409
4289710096
2434059975
27898126
1326886986
1270499966
92862310
3184498403
512578989
107557032
707326561264013316
226332824
3698446638
707302306161803264
2891602320
241406951
1379720150
702177276482428928
703176536229179392
1355642666
243803705
4797995482
1729128794
20931273
1123628940
706290909541830657
2739800198
3006851958
58478114
47192703
198116050
23946667
2881613050
1979348029
87148760
1596332809
2785962910
2300752830
15016902
1576921921
4887618916
19603555
64167462
1549630285
867203370
10644602
3331328721
75650816
704068775197290496
4192933992
4871998288
39928650
29034130
2331044274
128081645
703626560268582912
474338671
2965439812
4461704115
4421777841
12733522
254872032
219550268
3294602463
22561979
2981007892
1395691592
457060270
2154579463
707204302125846528
26650187
843087907
414468814
27582089
44693147
485288847
122147573
227352983
247325829
4257751289
445997390
844124419
564104133
377940126
701772244998086656
4830033417
62087373
835222903
843622896
702522103115821058
707150133037813760
131872610
3302210124
2925824589
1171209217
2755981984
4865823749
1643240144
2567787523
46602617
1400007925
704517454752395264
2591961536
53038543
4830404721
196022151
277942691
702203534381416448
1140328105
489892067
1551057361
3072730520
132458041
1245390782
742563150
187791955
137570551
550622146
1251916728
2563665258
178884347
4727873724
14973137
421489227
3976791442
2883147250
2987707582
4838763018
705333480939343873
702802950364774400
707001018752618497
349169926
778901480
191874589
1024851787
4895995745
208721700
4203449472
445501673
4219689874
29409178
266784969
320399723
2460711938
16376595
706892360198836225
475902848
340627384
706563727982592000
475266589
130072042
262951838
192684288
3837081315
41557782
402895813
706954455909011457
1938595584
700721585288716288
2283145410
2988336802
4332142340
27499724
2517831192
711189367
38890040
2860690228
24170455
28086931
3600196335
3292113913
37761279
3816110003
706921058461458432
387304445
131304162
706728335846592512
1165385834
39622717
2365080862
491577955
3099467935
194791998
2978396208
4039156341
219260381
706340077706858496
1568715356
4645907379
212990526
40329450
4209287057
706859621764345856
4819309594
706788869535109120
384992764
276558910
80689116
145886482
1172958954
68259485
2515469162
301112818
706825654113800192
508798903
2922691415
259307129
595408514
313283998
705474799250841601
3101497539
4905357989
17733551
4092012813
704211172552265728
706765962754785281
20429520
18684455
87848594
2179538101
132098342
796762724
3432845775
101965236
19975600
36735913
503352364
3966375326
3092301033
252244111
4579297361
16405116
706726947947024385
706607427664220160
251441686
2670828739
705333709319176192
119299617
107837383
1652151852
706639247483076609
1344901711
58648285
4871886821
706660480551686145
2816270552
280185401
161894044
2798778110
124391242
2959545267
3283010910
3152370646
904187262
290018485
3124030897
2970079345
4729093792
362658424
4658588762
3126274967
18832531
15224779
3930564553
4767480863
2277912269
704766840795324416
132867420
192895854
2338358162
705104132432998400
520024657
706559271547211776
29113654
1646190612
475983745
151766371
4690361958
761608502
4899790348
3023014802
15705637
591586835
706498634779590657
702968304302882817
1297612962
706407698972151809
119453165
3154991803
706475032902389761
706209915073916932
934302463
224417434
42525767
3039089276
3320337162
2975001357
143526150
4398160702
2979438791
7679512
706289720389705728
345923441
273373786
329206661
4901259213
703819007523217408
176790123
4766680125
4821479933
27759129
706129474115411970
26403196
361497765
36763662
706338511759286272
509976648
2254561669
407555218
279332407
3786006987
386854622
700679025321070592
272414239
3320821304
4878163527
484590752
1657842420
2990526989
1290037364
397573135
4915954633
114302438
1850516341
114315301
753356832
703778037150707712
4089817762
703723190544105478
3913849169
548326900
273957798
2223357540
1434280800
379757474
2340812635
93711775
4859908295
12797402
14820443
2391510218
37895059
18119930
57929443
14521142
160416513
284476283
2500885638
3175105838
37607738
815750192
3249810930
412163142
3283107121
2591875609
356639480
2996182420
2842034569
57292184
1496841
4808922942
703069584740347904
26404160
2649224773
3164419391
371170202
2701870537
1144290097
492939970
941179196
85800744
2260161177
66586274
2213656585
31936913
2751230475
706111899507666945
17300873
701766688463785984
936490028
706102779882901504
105766812
704440437029871619
1697339898
2663365062
706062814574727168
320933037
289489359
4906479773
706054457214173184
68333255
361135196
705902277291335680
757452504
4414568434
214821797
706022084212731908
4830278979
2759960040
2837119797
100942376
246575811
476024525
2664988614
705998063718928385
23075095
15233254
2895029683
30816591
3307919449
632451984
701812039862190080
50529279
1475676546
19918275
4696148125
4796065645
374514385
2191658460
700298894
392567396
2532132929
4656121755
211658948
332603400
61231226
1358110896
3493744286
729752353
365657857
4822543997
705886394460164097
2239144447
316377093
82178277
5620022
3185367490
47118391
726746845
290079627
705432373710725121
2649184243
284316593
21849742
14852408
287819240
2497058828
2291605454
410030876
22814112
4909293029
167685247
4850343332
3064017490
116909087
2986009789
3191563817
3299556321
705729328022163457
705777548710424576
1640902974
3420563171
43109413
629280260
205410817
824145067
4902219372
438753700
2488269589
382753573
24715318
3854393129
711523621
1054279718
1178846628
705773515140685824
3888382455
59771314
127071570
95981832
2749351030
264384552
267355210
82276819
4063992329
3252307184
3870746247
1019310320
261181287
717715141
271224635
2662586196
4853662677
4164410963
844019010
3088361835
179649543
4850161083
93827445
319644377
2752725700
4023207983
702876548290969601
174586836
815294640
315227144
1429287840
2631389451
2937628496
1723317522
192354059
323907576
471169942
2335826660
59106096
58085530
3424728232
173105346
705568722099027973
1340778919
2524874953
1079572201
212305907
2380786724
2310889406
229556858
4266479021
2391279702
68888199
4627905854
1729948970
705032098998956033
2236676875
415288146
322881335
2674885669
3107980105
531411785
704701980850126849
82467442
2975825704
14464451
328388915
221829606
1679718553
3245667884
3347405140
389889165
716887746
507151986
14549277
74267971
100514508
1905102073
342298215
377431232
574501516
5999452
3379442621
2354465522
148432135
2796111784
1160810875
18958303
705213171523518465
56808022
198104420
41870344
2909967123
2375735130
703970955786375168
85134419
1457806201
4185565459
3004828592
65185254
1945897958
52766223
26850448
462356571
2297107609
359838541
258837354
76928547
702057232096219136
2576971106
2583256921
3519850817
2470212127
17592291
701574621984858116
701962142837116928
369058251
497559303
1487426268
1363103442
19549614
308758008
4789397748
269991547
1529375629
366264108
705403344622202880
239307379
4120752855
705055227536396295
19245655
3305181368
243298799
51836304
16089486
4417288827
22367762
3604675755
369715445
4924177245
91366743
705393400477044740
2330245609
185977718
719882547
26504164
76624639
159966661
3772612115
19556318
3462727036
3406842779
3321024600
3063796347
705308779286384640
697108739090948096
230130442
1457480640
705316915690864640
94788099
705311585741512705
582699838
1651615850
4160427494
4640819882
447797335
2574102978
704398417762652160
19843944
886716829
16397766
3966576259
368677925
182800239
3405050652
2340556682
2536562036
14806290
84201876
3300310352
3313817786
4411840647
3178038088
2390016104
987062437
4049477900
16032445
89724131
1264563859
24219564
67271239
34282186
192761243
174031713
31067612
1002215401
16107471
2741929683
702357390105165824
237570901
701789313693048832
4874296547
360244555
2619801108
128541976
3017826997
3054919804
282138915
317310228
3312568663
705106770293690368
118997813
2987792446
4147562723
855963462
371229607
3320838816
2166901021
4707784636
47836238
358886112
94115305
705114726594957312
17745928
14595625
4060041493
1359258158
747838280
39815475
8943132
4896645742
1135843496
698876806305337344
256111413
703291281028415489
3684774615
21329372
588842370
704852049179996160
377280529
2350164163
459589919
4912514660
3153680392
3674268973
295415054
788324364
2412873188
1883001919
3158373769
14842917
20685292
704371455442587652
178512372
91128918
401280491
996912446
472581416
128870400
404386488
3248855714
329704465
704680369812054016
422828615
545123360
49171065
129896692
3850134500
1694184314
4704777867
18898143
2471818790
851059100
318723816
4894999145
132365758
365092300
702324497882304513
2447070493
52485499
53318351
3686502802
248209417
51424161
745616473
98178073
801375037
198966972
1371293688
62513681
1305650833
379582965
293874953
1145908364
239460304
4794409476
250532108
3992228005
49993441
4236556036
42454574
4860864225
143378383
702527004256530432
1363793899
867683990
3886360473
164734324
1468619060
462828134
43784822
702595605034471424
704393242524131329
301551827
2252840102
3190229594
1279256066
532738408
703593970895622145
4850179229
2349447824
703280500274827264
4235566979
4168325134
15889760
52781200
700721848565133312
1566758227
4800247815
3710555178
2806515729
17017116
704803846112026625
900233611
704273079413960704
120896130
20258357
730666412
196147311
704743172530900992
2153694222
704781560826953728
3131027195
14871238
2448094970
3434812151
557234082
139355989
202640173
127644060
382380675
2213164467
2554176868
2615895266
2575051962
189630412
1623418002
866587050
3805023675
18591711
38536276
704740176896126976
34202384
2263463562
2398019466
60986611
2172066408
1487621972
142696768
370825803
67781756
473989101
703281781299146752
2899798458
25310914
44719615
2535793490
243875825
1523577560
3241035612
4061961333
2964802148
4644064035
4494617542
2365306328
775940299
704665770177884161
554389101
4809665796
14090704
543344600
3495273797
1979112368
3113239786
97949843
704367689142312961
14160609
1001438300
3271277600
1432744717
1855475424
1409986519
394572442
491599840
3328158302
48057115
1452199572
14242279
81105451
112125155
1610129995
2590969008
2556430357
19080023
326186558
4040186293
33416762
3072406013
385432147
286934029
2553606164
3269634583
4635619294
704319345023950848
2990455866
761989890
613408657
704416480646012932
12991032
58341086
156998767
4805076672
1115307811
704362859921276928
89221236
428991209
4211319340
3514870033
216112991
1212894655
82425275
701903066753327106
407107913
189395900
45967593
37767199
583547993
3151642239
282878481
2426847469
136654538
10184442
2849497292
232923914
704347194363650049
2565527574
3369527954
701767947568726016
243092843
2365506807
2381762070
703027779940515841
4840416193
75264060
120171704
2795971896
1444176506
236222780
17001988
345984790
4825458794
4924786648
4819006355
704283746011320320
704281043780546560
3731694255
16667053
1768061270
220942584
53410060
199610312
58760143
252464310
704054306572537857
277666242
16433341
39164189
607512414
3297043688
3468673936
2173511346
701875344920326144
2203576803
704191366645977088
4620960012
66229939
21330540
1154878944
2575255807
334191313
2481595934
64799424
3140010804
46079560
3252317221
1055546978
3295088122
4927199135
4709547137
703675661651722240
252372629
545286820
4151290694
316596356
2318201283
92800879
348605796
62217744
43245921
605329574
253223870
4896270143
4821415901
21854609
1917057259
37309478
79794592
703984596556369924
2719263898
702593552816197632
257483658
1542508394
329683512
55308446
4312641317
4881868094
218252239
704008312459816962
16395378
37395389
2267189843
1725879830
4461061768
703989072197525505
70821668
1324456879
4884978795
336458551
85959946
4830369226
703964179296681985
584451697
418879650
130354720
56624159
2827371716
3144902016
2386797157
1063078332
1887119378
4923756016
52163030
4889371876
4793238632
458407112
4181506168
472921279
368962885
1419199544
1577679054
107493001
123497924
326067532
2305586533
3347329241
2912184558
919366068
703847408124342273
617034612
4621381114
208640778
703044629353123840
304979455
3870596594
703826950742118401
3000892689
797626028
298138721
30905151
26591458
35042660
2199658587
173346752
415199903
74901337
2942371340
1898408904
700905024692486145
4875387784
14212419
4736196589
1412241468
703301331025469440
703751922000351232
4559412081
228412875
4079232077
2708600252
550659171
2863373332
866476286
703094588269920257
14362448
111711019
4757187486
703701131910881280
77416271
703678098617802753
1399976196
3732774795
1246512134
2354929148
4094239272
4783874342
2506167599
17463229
2328085928
365326052
3018915216
490148538
398445698
3768552622
2447118056
702246214356566018
703645381020815360
11122672
29751856
276196662
1255035187
167233933
703364915822772224
119686871
444528857
3481501642
2882186964
707901224
4195738753
540191109
74772651
3184931780
20053340
48448141
3229526737
174801091
28559710
39956799
3321414541
3864701247
2883388069
584965542
3307338858
4768603577
703513342896427008
185499362
387071475
703511832322043904
2851888637
17405428
135526916
5475422
2972559528
3046961118
160253463
703005936877592576
492305822
164668763
2976651682
39789794
3232399441
293580300
4847334674
926356712
16148428
164107621
3321499783
75832767
113921044
802734907
264389142
60882116
59254966
258508915
535910746
339315018
3632995043
2214528672
50363057
18178507
56181693
170346722
1192660650
703343370354212868
702232497447428104
374610470
137590128
563162404
156706876
4272435395
2463120872
703204839468171265
2202180644
2196201121
388627312
2954596791
4854471334
1949483760
1920624397
4804582937
386489047
4642795223
126756149
54925667
3444410356
300773562
1136231
3829182797
703287125706407937
4219086286
319017354
703288148864823296
2151697758
4756960356
19389307
527604685
1525181250
95518547
3574292475
1051420446
769480662
66726833
300401629
51953194
1487249858
3313650740
2422003314
703257032602710016
2233028948
3311037620
703248802744922112
425857273
1568808799
498320897
1366335996
2458346479
702748413679509504
454857075
32936738
1562550589
3254786634
703201367687467008
4772914081
699952702072221696
16406442
1618318910
42693939
754133090
52491532
1135173182
4827348765
243806959
355440804
74556865
2951884496
2450533314
96588432
235177465
112467783
379670036
3913948933
353381552
36209976
3005665983
31606257
759569792
4098285387
330340760
965561906
83627085
2348404436
3190722238
4914507034
2431380389
4846291553
91263565
4864781912
4582768932
246378575
186154906
476372088
264550146
16485606
1418101584
700713782994055170
59589540
120976031
695307740772630532
818756761
39698803
64342019
1899035112
460756567
4444064675
35261616
261781734
39747099
101839679
4811749795
51286781
1189633556
74637646
4878888017
16813783
46294090
1551827880
262071138
2427482752
2264325139
51776007
526800804
347449538
50094286
304708759
983590345
2153178036
1945102250
17258749
701032720596647936
602179437
702933580931006464
702943533611814913
19423704
15063307
3162870481
1608230922
89453201
151801472
288701920
60492755
44730332
214056521
2440862929
468158430
543431602
3295661486
183315047
486226066
173449951
15047501
2844454494
3331526734
459647205
400070001
702910939927076864
815161184
4817703132
702900262797713408
2842793526
161418508
372018951
785407284
210559885
702517287249698821
297432054
4887057365
171658051
701225293839618048
702887575707451392
790728420
3131049611
4303794553
473861727
4757279312
226896186
701564762249895937
2961403242
125381769
28177543
1337169733
324226693
2392987735
4744892789
291601991
1104180608
552410408
2381862926
60309187
984830162
3073549435
2572919934
1327332679
4684730990
3622921043
3350507193
7161532
2597580116
47225603
199576065
2515625837
626560088
392926120
2279682370
172283067
3289727265
15040988
621366615
4829044132
313318685
702677105113329664
3314525340
1338626952
756472796
1959008438
4726196574
701750652179861504
702759654422609920
3873791541
4702112502
579493503
702727220930879488
305114871
2884198946
2931879014
700704559052656640
4690321759
395248156
3250631335
18772434
3265503504
382903249
2338068894
39748169
2824478079
3844325721
3071268497
549676310
36451275
24294247
483154342
1571294227
527109779
3054367889
78612394
4855691473
3233195491
702169643448832000
22037712
556940295
702632900290863108
1385081988
952551607
246102798
469120135
701737059527041024
636322945
262884967
219727619
702597473454305282
2292341419
347553967
2753008380
1930883262
4327577355
620256616
702540554794446848
1125771044
4720190541
370101487
702471054690803712
2761785008
3176999497
381912027
3447727036
25461832
701840376479531009
3310417490
4136776839
531039904
4842699395
63288331
2375618076
14155668
1267842631
2928753903
702540705806340096
2482419432
702540138686107649
109536335
1493284104
908149544
964670298
1035880526
47228848
701793268108025857
594796356
3098202620
1484770814
35187399
746504016
21320757
1208988649
925355863
18138191
902386069
26669457
702488039508078592
1381068211
2881516021
4886284102
2576373735
700817655175843840
150109727
4210180877
65648689
139791572
4213698372
794954306
702481989409107968
518874045
2789157225
1455639721
364316499
116544997
1034272170
2802282554
739822537
2445571125
702436933318926336
812715367
1117737480
3273079326
164815567
702402820377595904
4309314014
384395084
702042816646664192
192612944
25815471
2520047184
4575809543
4623394281
4920943761
4831096809
472338290
128264762
157614436
702340941051510784
2891372989
4852520459
6189732
3004464612
4735748480
1194012721
10170612
11779022
3809547921
26391759
3857093001
2938301236
214745863
95117531
197252108
1365230070
16253962
48673404
3233632088
4834966714
3425788000
4291803919
260287919
284827640
201021156
104160451
3233300341
4914931145
190082470
14520004
2479582500
204412577
1286261916
356914116
3003111968
545104509
52808713
390643408
4769879210
241215074
166233460
45015844
1370473087
193403294
51200060
701813429145833473
277350541
126699899
4863819341
87146903
17376604
347379003
700538723008516097
701689733429096448
59250392
3243352848
86779081
52237757
75246484
4512205281
2219057436
702157348354318336
4024028483
55937788
188609066
4888772414
437093853
702126772368908288
568245580
4901350767
3028109706
570829411
4200743482
2811548233
2199884071
3415255564
321518475
2798130868
4062303433
403262058
1350239814
19424262
321976908
4567072397
2577650773
16936092
1528949166
702099127434420224
4114794172
4673472745
132102778
2481128116
702076603644387328
409957399
702074548892672000
52915154
4841481806
4634090573
3523937782
702055083576524800
40186602
4699941552
170989927
702049779111632897
2371972218
197354350
269286345
597894134
105011472
2991947960
702034384145133568
429007702
3934709721
4774803268
1296000488
523947062
732482592
279797683
453258892
4869671920
1923648516
1630131175
83132660
44699661
32690263
1366026409
700053123994288128
368033202
7139162
3252803906
701292869810855936
399594024
4464000508
2817036206
701959761298898945
2215150003
4048559733
2453903065
75568077
701815048877035520
3342297591
235873544
4405769412
18468819
722493068
166759640
701891217588486145
911224694
16349849
604018433
1569203532
3242654117
2821471775
134918500
18451086
2647485583
701133542592479232
19249614
14268795
2318164039
697230898509541376
406788031
1202238535
15753429
516664616
2389889588
14192293
67882120
3812674221
3177150263
701857576321949698
781024615
33382873
1137699775
701595812581797888
165637683
3622977401
701843136809607168
179234331
1949438508
100219660
3411744466
3631615519
428351213
39570047
201064946
187884143
79926103
2188511504
234036742
4855317694
701802311941824514
1565504688
1336540412
3292752547
1042310269
19047073
130280603
398085171
3062040794
3729471319
271246039
302140258
3332930363
2516305230
351804065
637319832
353726692
701782025590558720
2832102350
2365146812
300322012
3296385342
1154815538
4835065156
569283254
591215822
46347086
701690852687683584
