723444783608266753
109891660
111329417
150941936
3023326657
722509916137791488
434465453
705126645544255489
723240390451671040
911143968
2303549619
722476217778184192
26004321
175418281
100866633
722447054061105152
708980796359622657
2832807313
86131872
2196045548
723165734503743494
494696022
4128540489
125306436
1317081752
2264114120
14173412
10909652
701376985738694656
100968939
3127136451
708692701101760512
3814647574
715714292763365376
16986861
3372679872
16350948
320126582
119897839
3827411369
