413826270
808087
99396924
76072453
86582414
48122609
19560135
432161934
54840509
78543820
128298699
636966258
636972034
4307151
558084178
468578606
460522355
72376042
357533417
139342166
593638028
206636118
60227640
103412271
103319582
42037126
193379984
336686661
703172358
75833025
703015842
15673595
618364443
132650433
168265016
18271367
97353769
17291236
80528081
370970090
231632682
91558311
14579415
635602131
385027150
555125889
385293570
82312086
52361730
29736416
57418836
4845461
84721665
78908400
45546241
585723167
41846637
337588886
70420195
17764408
635312805
389798374
315078434
195391348
634619900
634603108
39504543
16692717
634456294
60396007
628505929
476045917
414322042
15191151
48146902
91313730
92575268
322691409
178300472
109942340
21620619
19912171
230222279
377255759
568662798
16048894
175530217
632880150
16068377
28309530
14117288
131711392
22551073
368696221
234299442
632313275
12060612
17012156
42675044
18189807
222008533
15839249
25819498
9596912
51528950
22496422
155826171
14455855
14347165
371358590
17022681
58406552
108990476
170718658
617758196
20930152
18142945
202437528
628419651
16017258
373315492
102964374
628131194
380819670
22258699
11868792
44072418
500042035
236372471
626693581
17988073
98174377
258307359
204487465
99763292
810553
11649392
18239820
614983027
339650010
211987024
625881345
606494615
121305920
275224028
619896633
251709329
14067249
342608815
164624943
567019981
375396197
203044718
73284065
109490992
466963615
279705472
45520510
16581896
219601276
13199862
82351595
19135276
131980621
622577584
619948159
103158836
142332427
167254287
434849581
333893696
563676211
581404691
194667592
38648098
20942256
548622484
37367357
420209704
456432155
14952730
16824067
174586288
408343706
603105355
161583376
555925517
74132871
238523516
616524022
35773497
164509432
133401754
19628290
4389831
621036427
378319255
25672120
304941612
16040108
417659531
536459565
263174790
22757153
218539166
11667772
42403225
32429620
263687176
123866614
275031631
69531039
568522238
19176184
15601581
39444786
182652971
109059525
14877682
191202413
31827200
338920494
21244112
80269263
41855567
11187542
17691170
60511190
618695941
436571061
200854596
50414146
618206006
595420218
501812839
21410256
470591160
375026574
417859501
89009058
316116840
137050553
30878503
47130026
21189453
111978746
545518041
561776678
144110738
36064258
381746313
203974908
614517812
614523636
527589034
490305397
89679550
423068929
569100761
565733382
207992730
7204232
12262632
477758236
231944278
613120875
52953023
612658553
288205823
22115369
582248079
59326255
14266902
173013251
19331620
58447655
18766610
611292181
440595105
610752060
124832043
14549169
436174166
370587334
608206499
21650765
609269100
337073415
398095729
38189485
14436769
162531350
609105205
609071628
607886114
38498665
193199514
271645539
15843581
14728347
125112041
69670377
509427317
497026589
431675674
606935624
117522695
607583102
607494750
173847764
312690351
39733667
169990682
16078955
5024721
79763955
156966901
10704242
602681536
90869257
413967813
371133749
104947769
104747180
605481323
242580230
94895240
226957276
604469696
19988325
29679506
226319963
22792511
525921415
161969818
33888623
428625814
50677038
416504200
214068931
601440497
116184804
9681182
45675292
130509785
191606815
67613051
75228255
601539218
14105374
15622033
250596471
564486759
196226153
138401057
121257327
12388422
84825820
14315860
529389049
114856291
16805015
144759266
40257064
17708953
20770861
33534969
293407427
598525937
6358432
599382936
451774950
244170056
35261748
53346831
56353785
46614977
116036370
75197971
525327011
80084393
25027490
4027691
16609555
285615728
596371286
71515209
17190993
21300475
86481721
411374733
24058351
71693265
15618872
114392061
30431719
64731073
34917373
18256713
95702853
94880488
11912552
594492172
206157730
593774592
40445218
82262202
573900764
118867219
203224616
178243448
375824009
592103247
296988592
459757105
375582058
361670096
274367271
508705193
230837344
533045663
314750405
171326177
489023197
590427362
10601952
259058478
429993201
410639063
84834124
43986470
179966602
70407836
74297440
119308579
54667443
14685052
14616940
56642918
588995944
39469695
17420977
469721015
580863891
498620694
587935926
141499562
537115159
37829715
161274232
128336249
58183672
347161912
15572119
305909212
586939074
586773146
14048110
586739617
65088830
586612658
46376202
486045481
266258866
586263551
45807592
216687624
482687248
42449115
22911528
585929900
542750772
14350575
562958792
185757054
204120258
245875445
423651058
272568064
558286663
46218469
259829192
18732987
292878698
266717019
22959416
173915569
131684189
50283988
14616257
10273742
19106419
318344280
17522055
582127250
44103370
302720882
575720799
111132986
260441178
225474593
225558900
45468356
101875963
83759822
581787478
117430197
581780122
89406797
394361724
24393869
32289435
581208540
580918561
14889079
580101659
580188969
395375274
577935118
27869895
551573501
17744735
529162636
17026055
12951512
175706393
170763911
578451522
278494068
371118809
54799639
577706729
434803882
545845565
151610523
392923745
145192517
18615839
14355337
132206211
48396896
576700723
436216026
14147410
132648235
16674972
576310677
576189388
576100091
5490382
74973665
575667545
324231462
109350625
537308114
575141980
42377291
366601946
400038679
12277202
80225658
491575167
205141203
557156587
166492593
121857764
106203285
89085563
108896520
109599414
45091448
111801012
162909739
268064926
354501960
56889460
85265766
14801936
15820292
36013232
61141291
45334536
18526231
19021632
6764932
77898630
14584866
457002083
570973609
14589673
305468770
103094976
487964618
507113037
418972270
100176694
546533776
22387926
38913594
344133739
48435275
264176272
14882386
70901652
412281902
98379456
570007843
9335152
38679440
39332106
152200965
14784022
6721942
7854192
12660502
359484419
159548897
516584976
89150929
16191752
310262540
77256567
109023651
55240367
481292166
343088821
95864561
58523286
41434615
39351049
50785438
103239562
556010047
36761896
39296973
59475989
41083110
385454866
45299453
14130482
70386250
524547359
22494089
386009886
561272695
54423181
214475678
521742909
563773071
134056293
14842778
87023592
563610459
20971274
50757768
392210377
549643866
93032099
50405210
397806993
75777425
55784377
169649071
34388787
552598329
14342921
17701674
97214278
561864731
151198849
48342167
39771332
112407622
47315535
560494749
548965678
551633072
560152605
45385408
559671940
244131858
18445600
322177679
83874070
477281722
287319241
28760584
17927804
229902248
184710946
558085409
335834503
148810032
20843260
32181669
272112719
258411515
216994887
552118059
45695901
14620261
314130457
557501404
54819928
107598413
258597691
556766272
556721103
41947578
279842636
14335682
525800699
310065019
545347659
79280515
54137694
38293796
123410622
555288141
15950881
115917681
43663852
107018760
58314360
121132085
7835212
518455844
476792652
104205202
83820757
7888012
14541776
235658831
21219917
228113580
498987036
546760077
141162008
16599626
553344667
17843597
14158049
58887091
14897899
552982155
245291015
195877120
308640789
843491
8442382
14246442
10074022
506255738
20469547
514723703
67949018
178771483
282703282
22576160
94087357
200887555
551724311
94524331
127824854
98969010
285644567
33931578
11443542
91386703
539139219
97217082
405809781
79766620
87640016
329591791
29426398
138398656
14466747
460031149
550420897
88162945
7324472
532725734
550305548
70020708
45961498
538044907
222225187
544819042
382008657
64039045
532538794
11835032
14835486
15099980
548380551
89199180
285119639
122497802
18707098
493415561
539922340
190574292
49776078
50354536
312929159
400841398
6958212
273230375
322665837
544228706
546087606
545972410
34965207
95909893
545712275
541487618
494273424
545627832
327881391
370621875
35711494
252611441
130671727
445830219
398969188
15212551
70638204
35724043
179907817
188717331
212597336
243158427
20148749
544432474
20797748
18739915
75702589
155488934
544366703
42278560
21381563
136727336
94864169
544144039
178766921
15149880
525391427
436176925
335906775
324789380
28575006
14425176
339709734
193270170
481624163
539021355
17753874
46666007
541434123
332684392
523913650
38910906
538233217
374496076
84084861
180375721
49842098
76292138
36168009
14786280
540520678
540389251
403036683
18864591
41451616
29710921
70943770
165901409
23812841
10851442
267141348
21388548
39427001
39755262
221720202
90183171
213077589
24146751
129303510
284106769
24147641
80061014
19718152
539344249
47323030
17801161
18218287
16586311
14858358
77690378
534775102
78846035
101684576
363583168
261342123
16120419
20273797
10317132
10920462
44579202
176841973
59520727
276132474
262638053
33678057
60160671
285497448
187989343
88122933
15238828
15045495
536367884
52028702
533562819
181864947
535668614
113344451
8376592
28327805
86566579
18015172
324020854
372137516
14214804
435315175
90306518
16996308
200209575
14104911
53322509
5652252
23575227
89488291
130136926
14812862
25405539
44116209
304434083
79036062
84619906
68449164
23431383
153506820
449159368
113942741
532174027
1486371
271998877
531963176
178412256
34467279
66830698
19727633
19240907
72339909
526209385
531440173
64670190
115307213
355520204
445844730
111904771
43326699
51888696
217320287
218011357
138481282
101095498
66637916
3049901
90386414
214383634
284139420
285215642
38933637
74206444
523896559
245468475
138400395
527208206
493474486
527285732
527037354
20514882
374426868
500657919
526237160
125867553
131462459
220742247
303256181
114781827
281431920
45586680
112867796
28520857
193798558
471850496
184580162
37887206
84412522
16401823
47650061
524113907
520422079
524290223
424900103
115719463
191985066
335352612
27937514
242459763
214096463
299870940
5720372
523195942
372669228
320890086
522720664
14170673
141765867
26671766
190674924
23064729
14430437
51552617
273969501
494951973
161804729
317008975
29162601
378143130
36348800
519885095
381056001
158784271
14633986
519519312
503405317
82355781
193188645
90418742
326677921
518780088
518333884
500831242
39672825
14291876
511540952
20590204
240177239
14881877
507723525
476526732
517403812
141488662
513803461
112192691
85790766
15062090
41560850
95377326
136236445
349798704
155495457
13872352
6599972
162136883
305608496
13795732
514572777
219273318
9587042
9774392
244133862
514237688
22159630
406173737
71906943
205768650
513515754
507900118
433521644
137978001
301374771
25497530
512938457
7670912
313672128
4994591
45953069
10693462
32831232
18248426
203390878
24881744
245800678
73162966
510496023
38107616
23835158
26186409
14547057
15440630
777616
15423915
509210329
21763288
89169337
19759533
27510878
210814207
73356223
140233401
29202192
74043694
13648972
122717995
10673082
18331650
79853747
54735339
13244412
505927234
75876001
46352055
415292143
300773348
278430828
504413742
45013781
307112223
503716888
165663768
14201538
138823511
20577064
44866620
120242706
500295774
499823265
491162294
19766283
25080628
265675871
188375670
501125614
501097000
69195139
73069243
414072859
16809007
403449723
19850395
269696564
25359615
136868260
226893333
500100927
121590542
29819227
68566596
14975155
148661048
499497294
340100964
15916431
18722145
499037040
466034627
69851197
2202511
17961290
498386032
407215129
294696997
187553557
498144518
120008200
276620286
494335139
304305081
209287087
497718319
497694047
199319290
14683102
86751298
22674024
496876344
495880053
387027617
366501941
496081467
214505483
25492486
50432082
37379687
16849356
156499303
14351439
122560240
332681317
31349652
328461539
14180876
109474215
494709320
479035036
73925874
494437874
401741632
405795035
74771110
14731302
74720796
94336714
28328459
14777090
17473201
76905167
69860626
494063709
494015264
90612804
236826182
324746604
25841247
92761519
493502511
36358110
220396494
12067382
80369252
112749247
80915273
320983153
186478511
107037752
177540041
493015158
161027056
126566244
481777195
54709713
12978162
25661098
60128730
199649805
19920074
20429282
50727534
24909107
2730471
18874107
20292264
47060633
31857126
307239591
11063
492046900
86774164
169238652
135099767
14586849
130929838
20011718
36497295
251716184
99094021
48648978
110720741
41364733
43778839
249416740
186863929
96454192
490497749
272598809
163036168
113164335
18266650
29574922
371408397
489532561
86596063
10825092
264363504
50655413
39183609
269791877
274273600
89150071
488330270
415499445
15988035
345705082
55098456
487960883
290641729
256143724
396818569
123408351
347637090
26469016
343451660
137365926
290503604
18240225
269254151
186459027
486504496
76266898
340128277
5555722
485974438
296367257
464774116
485639577
36843549
485381498
178554850
14490866
485193670
386106936
35620763
482293424
116448096
7681442
43657615
484036094
60375872
442859742
18073954
248309482
195929134
291138869
136976940
61136657
150927271
482575317
482331783
25658974
11416732
191603883
10623572
432816917
267663712
17496707
59586924
180109230
481528878
113115498
18835079
22788858
455976183
40818333
92942373
12133302
14460963
17538879
219281229
300944134
42008713
111246207
95244189
280515856
131539102
19981856
169904266
216990935
466973642
16453271
38421105
167535486
22150654
21922436
88134837
42127167
339839195
726253
62307333
475185975
478854357
427289115
142978631
1310701
474366869
438315249
141200039
305519956
29526849
477642201
269325189
204548284
433186051
159472936
425228511
106468554
218133000
215994063
125007124
128181597
439351267
26457640
412960478
197174002
25655371
191259686
40651419
475203995
474940820
20817870
413803820
473599925
195305996
90547757
16543568
410241788
19366033
473768214
473763418
336796652
172709552
246997156
28980772
27677118
215936693
15207703
217843343
472248559
362757356
323124969
299616815
471405496
28325209
471082851
197407685
5760182
470897117
463825603
45719648
14322325
465021148
72597099
449878663
460448281
468630168
18430540
404829730
81619580
82563845
462202045
6841772
50028523
189841948
430934572
14201878
467985386
152850848
17943434
115089479
28643629
195044505
91076295
444122357
15304140
14400022
454787576
465406508
394572063
267735968
94527580
432727960
52457814
453787949
44704718
188883383
456577854
247339691
200500313
24322996
19106385
6628862
19717779
464728735
321209287
460341894
70227021
16816363
51941920
463968656
459378868
262849354
15155703
147439903
76257201
17907785
458402848
460045442
159741744
14962763
222448013
460440992
156619701
35327769
461904453
430947946
14234387
9778542
18676263
367674752
382781213
248720680
416160443
173787844
382293428
125601237
50034675
14948562
809111
2326671
460996309
34580638
250310649
460288737
459418125
15645572
8972402
460063827
1991571
14809701
441195437
40634286
15467160
270530763
16029089
280088297
14990252
114289306
230248682
395395849
108572380
18109198
15083553
16503454
157813790
17647388
22196723
56924553
66651296
16914273
302079825
24712329
22442411
456855681
456661070
455682291
343296755
8448652
30515524
455858913
147143505
193289708
455724656
109690809
110693212
40202402
69144259
443548325
168867739
21110040
155945268
140060054
9644172
135766702
406963700
19202536
402639053
57280437
139073421
74539071
453308337
453024444
452646080
431790846
16259570
422124313
90817380
287012834
451475982
14615105
395340305
434487031
182841512
338490286
367812890
423475992
281986107
277928176
91079829
26590279
81252221
106571736
49254438
321610743
352419449
448170264
446536758
436505753
17553616
89720934
88924355
440092225
41353387
47273812
62819273
255711761
14267436
94808188
22529891
302540941
436131888
443623755
438398580
444516963
186685345
8397422
238169757
26371479
55343815
99745160
443744164
174248329
333025694
116128604
12987952
14384859
443414910
408550650
388519391
385121560
301319904
29189137
120869800
353574144
253725515
49056427
191620735
58195790
92555335
265633888
424874618
14078917
55494847
441692935
134954443
441636026
200884243
124493853
189214955
49976029
428520129
18682262
33521578
296271652
440309740
440006187
230338681
375217999
50346063
64693527
60737347
254466111
23748284
421190515
14611024
438664905
14903380
104276509
174167816
407405352
418928648
23157669
19213581
93874372
7118832
91184042
437568418
123526015
435312466
402662808
161584131
56616595
12147232
435866768
363754856
351970556
55561206
19070622
436743209
436659161
55126314
152155222
297240384
436321866
56180601
220097930
15406736
277147530
364207058
14858859
27435606
44530112
113901010
245265066
172022847
435363258
101007340
72903375
17661274
6581492
317274235
435140475
18113452
415357109
7127552
44944101
18729567
428742866
429837974
434810046
19513794
30897495
321134993
22418984
18044770
187658142
253616496
378981687
33083424
27844460
38408132
433506346
15652709
109010584
82234876
34608520
86416843
10113452
430308209
8300182
86614819
95296129
380244795
352178764
432800115
214893675
302626780
100718280
7855092
374529519
15855585
19026324
25685469
23330912
209168328
145407193
392527914
263929940
15365000
222210034
242509671
67437007
216139236
76643650
53344136
212659359
89195548
14761776
19911908
418425558
14496366
24249058
287609221
116090050
9519092
127243025
7521822
17912290
40418024
234882258
26325084
140116434
104682768
29188319
135920874
430259479
10171262
430211789
78930505
14182911
219396725
339660190
72630003
153081462
17977607
14543931
14979546
419475861
182355622
19213229
82303000
98650835
126840338
23933832
44837780
147919972
10091232
22769911
58788487
16979139
428206208
394834338
41773115
95907922
352851608
391388175
65841210
52011111
321820122
175152719
38835431
428343970
41156126
173705724
53977539
14784295
154134271
21102467
16778019
41316149
130603323
10849922
3563271
267705397
15192478
36907534
121048354
428807464
105899866
403427860
16496930
79387831
427636548
48361505
29440388
18763649
19844682
191383876
29400646
228761133
90044353
104406413
22750955
134075683
318323710
426505311
227284851
10352942
39815999
35772918
68047912
426283260
250544414
395562814
371723693
173259556
14347579
89927667
14305367
424502831
394935213
107225031
89725897
14090982
117226321
401003042
424425323
297849316
424771439
9160152
11634462
14694724
111388130
51768001
418556834
16567886
72296898
114820836
299990239
55862576
307324154
422301160
20487336
259833383
185157891
89519265
143545601
160843856
92234449
89406930
408743085
156208760
225011237
63112559
109634836
14998684
372918480
417790750
13262602
333398615
260172207
109219410
16884597
163875377
183138647
130328144
364706059
284948903
419361535
90274646
326845813
15976609
93623753
113153733
250391513
34582209
412467681
88930986
27500097
250033383
12459432
21735087
274420225
20699376
355011134
321479138
9008592
416980344
26404648
22009165
12821252
108245046
18385596
21580367
55531403
417546388
197751596
383927117
304012402
7331832
415865872
115276737
20049545
149780040
14943648
128675684
239280354
112475079
288127985
414843138
208138482
269817278
32357673
16778442
414574993
323389863
19132489
159355313
122791447
132155610
413047685
147655980
15091110
14732917
69961155
21397272
35418101
24426956
60715169
41184056
91206786
413315513
413306310
275966872
374538747
403688301
137302095
407827097
373854301
34207917
39969216
9454282
305511622
297824282
412290112
412249956
25054457
16576270
180444717
370671842
55553172
4017841
72388450
17154727
405272442
411203655
19387532
96639636
16172667
152812235
299891397
6765752
102367932
206324967
12867052
137249432
404101920
409840643
73605231
197169549
24157037
43839405
25647195
386690686
83620631
127533175
20164983
106692499
408805981
47576274
26736618
16694482
76926124
16949221
72741501
104834133
408256971
289119145
262993156
16673041
110429310
111454955
101866277
15005481
406164425
227376963
229936642
370299640
239444975
66952145
14061110
326765691
17547640
407587961
73245259
48144253
119491148
239086281
400307381
23765907
22044937
16145976
212194380
41081308
341727504
8335182
257021870
351478596
290970364
175089810
18226415
208012491
405779988
253730541
405704112
359263024
249682734
16786511
141990242
198107030
306249000
9028872
65854418
404872779
18023053
402790093
297483201
385673932
71888489
221343764
404393083
110733673
404265460
261745667
181862144
153832258
19059366
96970249
403851428
20656014
37268145
397403560
403556904
19750849
166539651
14255640
403497632
40587655
403327813
403308647
400129342
192210439
37482567
16022582
14740298
345528036
318646723
15930515
246882586
401568995
157033508
14622373
111374855
402243470
402060801
14697559
384438625
402001847
84680472
394178322
401680709
389150497
70743026
44599060
16511000
14585247
400986950
398224666
27669649
19409322
281580218
52191875
282201422
300693439
400307894
113248817
251592109
144168845
14332927
399913099
39964151
390335534
39057477
15643437
26848680
398641219
14012112
227324349
377414520
5509522
399255972
19972875
55575727
20806452
7573032
98902466
300285610
322595173
15260440
379218032
398200046
263872372
75827419
398002186
36037713
397844277
397902451
397893584
14567175
35985156
322685480
291116274
261256915
10774032
14429142
16238719
69706412
26574648
205428465
245896663
396807682
104996363
234686483
14301985
38124559
203377811
150673567
219563320
95702402
82113000
770138
19645092
189625053
17498676
392099969
395960436
395944232
244060342
395775389
6948392
72867212
150596522
41542755
10099562
15429271
138699984
25214476
14678881
116484532
395367603
97508662
395352612
34503508
7160862
88427595
14318261
357589688
104232032
395240254
6498352
395199751
46863426
73131175
75540025
27941876
394777257
394723318
9998022
116871545
231878711
267578350
362218435
14255228
74953658
29232674
174311531
390893874
47555134
90241071
13043722
44597954
392736398
18159539
346412447
393484906
218512585
17313104
29327801
379150128
393424857
15143780
12389472
3323901
393185374
393184326
392161486
68951779
392700035
154977562
392681972
366962390
186180201
15628708
392179518
384768639
21719213
381095654
124674766
279911654
318925321
79827285
31596789
390870501
180937932
19917763
39081975
252254978
339425264
75994688
199233003
29699527
36666598
92546319
385116888
5643472
14021992
390303811
887701
390048598
116296474
15079035
78972151
191777748
128194863
364891751
34955599
100789055
389641099
22489115
389387147
114652210
388789803
313227957
381033077
111374970
40386574
388021856
387987710
387865176
17221369
6024722
18671739
160246526
153220506
37374137
93460493
383055113
373519678
19937715
100706559
386981622
386880644
19896093
386745261
328291673
386483974
95604675
122639627
246707407
386311874
22767290
14622958
386036065
315100933
25258815
246584969
385717006
385689045
17078519
11447172
18766518
109045238
18425797
144517781
72831146
20478903
385215290
384307208
17361444
31128696
193392111
136670959
13367992
106438058
17779943
104021201
756344
334329192
383271232
75519416
15672080
111619674
15353068
18075094
16361799
384438445
372283130
11346462
291897248
380512987
234696212
12001622
158859746
211177021
383617044
361472162
15045821
266116086
371215152
382969434
45119688
381237708
382621992
222433714
382566145
382414880
34736916
142514889
273415595
382117673
316336423
381980231
26810790
110491351
9826942
240038349
99696624
1867801
260166338
108275592
366440748
296655269
16783847
381321551
380631844
120269446
17217545
260716257
355438797
39234902
172060306
17653651
51440222
380699053
100837221
27641962
54296328
40586736
83534229
163387854
91930517
376978420
372282961
15070929
377265710
296728310
210817395
357736899
170010983
18996095
26461393
14970354
379029724
378649801
378949280
172633574
296040277
378495492
16039225
378478777
267397933
12239942
34384914
320179995
244678757
377888867
377883428
92837997
377744268
26723970
340353776
218469534
83685629
97754501
364791794
371241179
221429373
45848011
90835950
60346647
315023697
114764844
13885922
14145908
377052536
83701810
36135219
21198604
36028559
196259272
231981381
376848531
11327162
123969553
357534348
107108152
14866450
275895941
15107020
195809369
376435933
16376876
12897332
7607172
376105095
164970128
30620778
247304215
375687220
375546209
375256607
375162796
39102778
57587717
89726250
372905066
374480430
331477547
374453035
374450100
205612344
374101195
235508600
155864901
373850082
113035007
373838987
26493071
39877685
372529943
362723137
373478508
350183302
303135041
197435477
373289715
20350357
50370683
137219253
370457142
278103
50991252
45473645
251274747
301295981
79310805
364440195
100738868
15217979
18212441
187950120
302278547
80128643
22045750
372603777
86563139
49825284
230866070
132226489
58433127
28789301
293505120
34909124
220447685
228459409
75649512
372431579
59973272
205339954
19524086
25948201
14337564
223867718
14682476
230825195
22362141
15162248
67845401
40044288
290483852
47571197
125195080
226762764
41900545
18949724
69656882
68057149
372239513
127528126
87952171
185709169
82862935
264440258
148676107
36935393
371565047
34156388
39262566
312966082
226780516
370828868
14859372
46416547
18211214
369947212
76707175
313439714
66698245
132519793
16165638
106827643
18260446
369735457
19898303
15280515
360489386
133372918
74314850
29679522
369909493
369841997
76409038
121958184
369137340
12892462
369566821
22750030
296433771
21522788
58850852
189619871
122805277
18586110
180331946
272962115
77958276
368441131
368398963
368344646
368222600
148615673
165263372
367887299
338024535
263132351
251113347
26002706
355620291
348915407
7676252
331779322
366565845
363126103
5917182
220145292
26567304
9545752
366485941
55206109
40499639
7351332
303896245
366145985
366100309
366035228
111684387
365910261
147054760
365704033
10315202
210800954
317012697
365443882
365338548
365178958
76392246
365053788
364700607
160607191
364768611
364766968
364715888
93666728
6617262
364100941
319533168
363928312
17001968
229003477
17250242
87295344
14293943
60876959
72593004
362938135
71506818
362906055
362782255
256130479
45109247
62252986
52817260
362431097
316340999
219870524
111285133
361895811
38154550
60849489
58208657
310392216
25666935
14765704
217026598
361751986
211188184
259378889
361676104
73372844
357233224
353192900
294477579
361406684
360685938
354409049
15934291
361190024
117106876
360993838
360933277
24187870
360698006
25554839
125317676
42610063
360560469
360548137
19281754
153339497
30689113
45527147
21573419
360389560
242616279
119886290
14564490
259967724
359847015
15365930
24664475
20939632
141034527
359474234
158486746
359416525
359259347
68766906
207168814
339208396
359062438
91573545
358912760
19179806
336519516
89637519
26422642
312548833
55138010
228508610
102799398
40709823
350525613
216721077
109478524
176368627
117999219
17104193
19476865
112427227
146034418
347946693
225199877
145972643
332229731
355334863
356975433
20505655
39550728
262644615
356717717
86272436
354798506
105991097
15218608
240274001
305987640
18713802
319306459
14148434
16293179
198445722
255026585
26777952
2805601
235548079
27886897
317486425
347322137
89277775
92486440
5927412
314290139
355363136
354791909
124534677
148865393
14379376
342724235
354754547
167694747
243988194
15935584
18167357
354301992
354285974
284482203
312941130
310820214
354199434
79128653
351520464
212812450
9087212
95819882
66202136
74702940
31321991
298861904
353933230
26053664
251809048
334300060
118917819
149127046
349657369
343980608
353584257
222926917
166692144
321518546
121512953
46690881
59216831
26488966
9345722
35203517
315583738
342701019
352173593
22238038
90978225
229283816
351848817
14735580
266356181
231862416
34687133
297511119
57349497
102337054
328363075
351074778
219976707
13881312
124064388
157947941
350479040
30283422
14713702
349048687
349293254
162569044
305377237
208603412
347862813
134109042
350129505
314247963
348252384
298367595
349776268
349680446
160186420
15901361
26793062
349531778
301305032
44620716
233499382
25913271
119132087
61717486
215783369
32550045
334276329
348884443
292545052
102398543
90914809
199691987
337998290
20353551
200846050
167897288
346513638
321401120
187106825
297225534
83109879
193566419
77344885
101241022
145003710
202195725
331566349
17459825
132855000
159320477
31987257
196709759
197569542
43474258
49619018
102746671
216630875
322105607
222747004
344667616
347029387
114680356
336378280
335562472
346985684
345340231
229000811
27918200
14379944
17470199
346519438
255616187
346495800
346489012
101719945
42389867
20348457
38091658
78933949
14973708
16600153
88192505
24264237
110403298
345888507
341683909
132157162
345537238
174738995
344676394
14796711
345188415
344714103
321192177
345128061
124179873
344962574
338348167
344719833
344230940
15077524
6297082
293376025
189853335
326888401
344542870
67951551
121669526
304730627
53757962
50998150
342103398
336088062
35503507
223179248
343897144
343851074
266213050
343724423
59220759
83545623
126953500
343335109
47399819
14687979
223262669
17330945
343079796
192698398
14697160
29825728
16457953
91193872
337063576
258752414
342672654
23531013
279750254
205749261
85287973
336937081
159554417
84080318
142039335
342077890
342049928
23921884
117629475
341836031
17750220
310537130
278034615
44463693
35823443
163061967
341164823
211875072
188075524
340314529
323765806
334100003
159324036
284733179
101400972
49805985
119907592
174159870
121199347
340125308
23513169
339898053
17172744
320673673
14795870
314278072
6314642
255720086
301326287
339080633
49444249
161628222
239766192
17042552
178873824
337742124
303359565
338542887
97283671
32336209
320854764
338508013
338458122
337416379
153051767
86656268
25715392
28970655
337892768
337867544
23556016
102057299
5821822
337667496
336519797
91373082
305211553
8200322
21845163
208863193
130123251
56658153
39647070
41111952
334710907
321515216
303504114
146148331
265053888
336199721
335477530
15287607
42482528
336201861
170101688
284179717
145988822
41138942
62563135
255882253
657883
335664519
79531940
68318306
14551521
315394258
42493839
282962233
110714898
15573097
276862661
68420706
14196286
65068264
335177761
335168023
14491627
10836712
169854996
334799031
202125982
54187544
96635115
131155225
29163603
28308234
314251010
14463119
168387407
334263708
259290793
109257481
334090835
330813586
227453652
114758167
17005439
202916346
333337657
199596259
320009226
327267685
333177252
329751724
333066487
80995009
160906528
54434819
36598021
320195716
271918959
332461674
16661641
41301655
223079869
222181295
316962100
330673373
308614104
289373544
84528214
41635944
28673911
331500340
67232946
324724500
20215362
123154335
113381486
6056442
330958495
231447250
14171394
330805060
133943843
32458627
218246958
96599552
12885682
182470950
133685294
302440799
290283601
237367881
8926562
316356543
251814401
181431720
34557743
247231241
309827706
252020185
84178417
329489651
315623183
18813597
329218132
162017588
29678151
328972287
20761175
267365368
204370096
228003279
21380002
328795498
24730971
39694727
17677502
328294037
680743
328013956
327995691
266862263
302353188
114695683
301734713
327499974
31863724
9444192
108050139
224005952
85015611
124105506
64683265
184388727
325500578
327186720
16840442
47468479
44819103
12112592
139483477
109672970
11072572
128506646
15108354
139776836
18599564
297409625
130759073
72318145
320233218
17067630
22042683
14084636
122304237
256850950
302148361
320313153
1731241
14247664
63660928
120980037
776490
18743249
26508367
18626471
24175067
14117112
73125965
324514732
217442237
77822608
17038758
247274371
324071512
323998881
323657607
41343112
323440934
197052639
322618826
319054901
317903854
245501665
16658455
142178737
305704528
294747160
221733351
108288804
16405847
64458423
17018404
10311062
43750403
57281318
63448308
244442016
82903486
309932369
36242841
21742701
312613342
306035480
105401218
70120654
78966381
64035032
816950
320831144
19313437
170700315
46104733
320684739
154492540
27590155
98135121
15904182
259137219
17308645
244525652
213911202
19751137
147329171
14797576
133067599
308500982
27106747
312863402
319039732
319011456
275617481
306426850
271835330
210325350
233659330
216331025
156948806
191146286
113583118
308670000
312504724
15941819
6226192
170813819
88878867
62609752
14136760
198193606
182434442
315266675
91238473
4327271
300774631
11047612
311852606
315610140
317056579
79257280
139339571
200067805
78445083
27407563
316413447
253072121
82125459
7091062
221269969
315342102
249336504
49623694
139268756
112652791
315151354
315053260
25213898
17564547
58772576
43960663
30424356
20787079
314297937
115488524
245944044
47758897
212332161
314018645
6213902
129182325
313947621
58751825
1597531
127051375
184712738
17696011
21424610
297446573
313118676
180136580
312910866
17290228
96579400
270333721
7171872
60054046
312468693
15267658
232938481
183375705
196341790
93632383
192568440
311825771
311677608
25696262
307619660
57652748
311527630
309121068
250213411
311307191
311267385
74082655
86609050
130557104
289970696
44144966
126601155
286334911
310146787
273303094
310093445
293852649
17943055
15228718
24574312
170663345
64658883
147624446
24140182
306244275
9307922
309435850
10837672
239046542
164773753
55742903
222374894
243077523
36369837
267784628
305425809
42785968
179537194
242438178
39026989
61937182
283224964
308443539
305496825
287879749
253758593
20983033
306905339
90661145
11372692
307688020
307313945
164407807
14400653
226130342
54895224
306647910
223371674
59840420
306254918
102000855
140441979
134548160
164727184
306190299
175371048
290736747
111540062
305737431
305733880
228855022
20159953
281167810
305402678
14146294
41997709
305162601
40235936
195169571
68461055
300746523
212350990
212513926
19417375
250764975
123848347
290968655
304860764
18119460
171568825
281403135
166843709
135596731
303494748
15784290
304103684
304591712
42887730
271229094
108348659
304451243
191633083
153509589
304341405
53858169
285345961
17196824
290640048
65607306
232820747
251704050
24585490
24346780
158930808
238642312
146867865
60032121
35702544
303711606
303527031
303435776
303396148
303371572
7834692
303224984
45322702
233946015
19869694
102885593
37469319
17376921
87422403
63139245
24788188
15246060
239572828
301578660
192504973
168717881
219554845
14336130
111667491
41847390
16710694
284837721
17448440
302061869
302052422
168273727
296707641
15344831
131681448
69304989
296230601
249326837
47091755
25077476
7229532
300192435
17835207
301060176
43134573
25777538
301001565
13849462
203345318
191267945
263648955
20231872
44317630
222107162
289892849
14006692
258071190
122138665
300694529
243873950
272944978
300663696
167858703
15221262
299676617
43067661
183437638
5674572
300567506
14910464
296481400
58081403
113463882
282157698
18497654
14449370
22212018
227426101
15306127
21164000
299250877
86736720
299081297
277667536
7459792
300239213
297753051
15430523
255730234
16806270
39230287
24676934
296792235
194490971
52621702
243027234
51099056
41568047
177593987
14746209
220655373
239420205
41396790
218235231
14358234
7098692
20724514
272410042
262207808
291690454
16201995
29501905
234778943
299617887
299610676
296169436
18902814
20920084
158006197
14474020
80520137
299121098
21299370
271845801
46394830
109030533
18667883
175402494
192863063
18062941
18621976
16853605
60691016
298175294
298056722
298012694
121635701
294732256
181279060
108235476
297872428
126633390
988801
89806080
38950379
78407938
241638244
40663578
104444545
234876397
280444518
132326383
243353076
83870849
253608727
26061798
296963102
230800920
201931155
23234155
293879548
36246793
237259303
206185525
208959351
296582410
18292170
290129179
39960813
236583350
228787888
9920272
15328584
296172453
57025296
266232637
249040736
182867284
35745050
191707384
7132052
70149047
295793939
295777947
15004932
9426522
768012
216746806
91814617
288585735
8515972
122919530
17000147
18659856
16984740
51899415
195062040
291888457
147901786
15821538
146172124
28188916
172049810
294743239
16916893
198457813
292753769
86585371
139652485
294456029
133303497
63107021
18408839
10164092
108805392
211156761
63451213
77505390
14897923
22701817
146948976
293369027
86281154
7923242
12989012
181214200
14247208
53014162
283620143
32309826
86528704
78851468
49369331
21149947
11074812
261390168
82068431
263502663
21996875
39019781
14925466
16621059
16927915
141926298
111899683
23370452
19525193
239024973
17396313
289845647
9549002
292346009
224695139
273359888
263227947
84464758
14737866
275934592
292460081
291695254
278410320
15390968
222957935
223382624
290214732
122366079
220464900
291709665
132533067
291698253
278562447
16422943
290354874
252215945
291484756
291449751
289946460
190230520
80353472
282434556
11154632
290540534
205275974
290472331
101575955
222517171
8762062
9345762
15974576
288015372
165005708
17082001
52509124
14798960
53450932
288732538
289510429
15045359
24846521
32563461
289348331
137367825
14360752
289239541
47154155
18630307
112302299
50104018
62247353
243684811
288956158
284861973
16866517
50008606
125291744
14172694
36685457
237267877
286911822
286824721
288308704
194644095
247625774
274536440
18066466
121104363
59178656
207195808
13726
226067697
287906587
130131628
5397802
14891607
1361951
287505945
78850385
33683075
22502918
210514605
286777211
70008687
116525117
108542086
169840578
15587130
150110152
79566551
219334804
92247221
14482965
67348441
16149336
117701681
11799242
284987596
267346833
286153648
19836861
14650620
238264575
116817094
286052974
45658101
18610666
78000743
135682342
16602328
49370482
49825448
181219555
186375757
16665091
137475811
104813666
138778340
17415957
285263433
62124672
285208187
90135840
14624151
37872324
130928324
53408720
39950418
52329013
41797556
102330349
87911982
28544899
11105042
284746831
94058120
14584710
5982502
12945842
164701296
280946988
284417967
9286842
18146837
164019927
24884994
16777827
71540277
26369311
153691347
16184854
239093261
157093599
218399439
218150156
52567618
282699817
280396131
126750501
68652518
204457266
6002862
41178075
13671592
34559914
247692439
13450122
25731264
14295321
113258591
154625260
127202995
282053277
281904356
48275721
281828883
281768894
169594145
27924326
281135674
185612753
56792961
194018745
27959029
37896561
8046982
193228340
281234552
109161188
281433303
14905640
122005190
275941779
48818223
194854710
52344006
95411905
279464734
31404441
16929554
42306142
12287402
14842694
76905127
171789231
81564123
23845168
200470064
203097744
14077273
206174415
70998375
14123394
263985657
277546403
180136234
187122803
20385658
16031109
161826350
17436614
279084545
279078602
113661584
279053734
22080420
49308895
279021027
53015823
16326326
278904446
128083937
104224370
115752617
92272873
278580012
278595594
18447526
115700725
15754554
14286844
58140717
38623140
110947527
272209609
263773790
278207043
278164266
278041700
278119770
87472546
40704797
207943293
277851273
5139871
29415640
155983614
46700284
15720007
11785542
224024870
16818440
27427216
220997024
1187621
109568501
95451289
33074753
133031120
277332645
277314761
275654108
43596506
182745291
8262132
277134873
277036521
8964642
19393944
61761815
131090104
30130030
68737174
256502172
14367796
14894286
276344653
276346067
276258287
72528343
14394427
64352002
107316328
121744592
276038387
71862491
236086152
5483242
7549382
68258705
33835994
12120442
15574256
128236186
35496449
7194752
15946571
53151642
40073342
150427442
274670263
115690407
53169976
122824746
247945904
41155595
57756435
17041488
32000283
126363150
155671668
215366318
274027220
24742031
43058276
17091351
146336468
214395797
1645781
47255906
31347266
43426386
15115010
14731549
273129080
273106976
140956995
19656793
272962966
267047889
16735723
258277915
190055557
8618462
246330995
114490821
115152160
133447625
16654697
42648916
21990561
271879142
68643446
31896143
191625302
45854268
106344340
241075481
108689014
15622871
16529240
18555525
27837282
115065221
18672097
15719758
15030871
71089109
29834672
256604613
270981261
35685390
186107950
259191508
22273507
21318173
153337304
28988745
91396896
71586114
18943468
4003751
8061542
27621684
97277627
270210743
176376582
269910339
269420973
104781394
21641892
86044361
15101845
15807340
220186640
85160896
183234699
269431798
94984823
27837261
24581634
269133003
44307316
15130491
133851683
62832287
215035329
17209259
53124671
89868558
37450049
54108898
730
20853624
268445684
234135743
268378493
216097338
91861298
112495716
263360500
268203956
260337884
259616245
131768911
46083162
9810062
14175907
261889330
235621621
79183608
15029351
224281670
21747265
51218555
145689672
14747497
49891682
253924943
266885068
55238282
266832249
54909393
14384847
21808447
266732475
266491470
266486772
14557099
114697858
66978731
15177704
30903717
108865073
93442247
34011085
264221174
2915691
144504452
137806295
261937484
102815403
20690060
65435062
32155071
141617588
259721406
118172199
267143
264812467
22471656
11078782
261702872
79788991
22828598
23976092
165208414
224723783
264294778
264473986
15440136
259185975
39240903
15110168
43565949
14843827
131250791
263830348
45796028
99591805
264052684
256893700
38809999
262503576
227755781
219248854
23797516
242696141
47351278
263618124
155636714
207676451
263509144
14099914
22826515
263357186
258045659
263199731
10701502
14845167
40380018
263035344
262150387
35946031
212045428
175339456
142905329
210332938
15136731
262237011
210410099
107736417
19448595
110990070
14564095
119407629
14383777
196485875
100032404
43627507
30753511
20373897
11938092
21861152
95716377
15488823
260628160
18805539
21250113
237927803
16010261
14418698
226958305
251811031
52226983
65980498
17855319
151148385
103319233
124654236
14053932
128850282
53090655
40840487
14424353
8779202
114683859
19413679
176393125
15385681
37297801
22006201
108598135
6283712
14073165
87524520
17893023
31757762
37173975
91047350
10806802
70327695
137759643
228098859
7749742
51696792
127298927
18724758
42651196
104918136
43748521
111580233
42102826
119422814
164001235
255909399
256494877
132228616
256441100
108301515
255627744
15925663
179305666
29575905
23363816
191132389
37897342
38144006
40826921
19151985
20797854
17614100
192863696
57080190
36366545
255150277
15220853
255037805
254737618
86322705
18866779
38487783
42603319
145184269
19250058
212450890
227686273
252584502
56702743
28862294
103742781
253188736
179411821
37387015
17619758
18782169
24864631
19092616
111706981
42045722
228246769
246926937
31202973
92012438
16999113
6212552
20666933
24418275
127470286
248627291
11852912
40694923
111568310
250106938
242265097
8914692
16580180
25325561
251886711
251205605
215637891
227572217
83856327
250642905
52833519
60547614
15247341
77964690
69590747
228317729
92488598
39261527
151386194
178499273
131218997
49747759
18678091
93971092
212495555
14747683
14030932
249884472
185626259
35063448
15335402
237889982
147204564
19861326
9153942
31426124
57300084
77699247
199652463
123971546
249070762
17709510
132303650
110745022
218621499
170100113
248564727
128237526
241137198
166548216
244043820
25206842
16944310
19673818
177666490
21524137
239967275
29675388
65620794
156976897
14423173
189050337
240832067
19647427
98479104
17483697
192441608
27304917
29973994
124149171
14592172
40846092
138355537
30160502
96320763
94535027
178808491
245937872
16524911
21918969
8538042
148627806
45567944
41502900
6894992
244184947
20943322
21110945
799992
14487012
37214917
242888574
12702412
16282131
236971741
178121511
14367182
244239106
21933139
163558119
91454394
127038979
236969412
14243973
14000452
242023804
74692169
52758297
62532991
122588264
116981443
200277220
178341475
118057933
140792580
242699093
53117170
206693442
80366162
105838117
68817226
16285427
14822824
19813342
224166898
65887546
69728095
59046592
111769908
16465880
241386738
29965289
801912
119056391
16308353
45436181
216742631
16457403
113340380
31659470
240658783
13128922
27829804
20937115
49674773
89444221
43868772
36276660
21803358
40751128
239786442
236303074
231209732
17422471
127041813
43081625
218409356
5788922
99167067
148061589
215716197
127810264
176067084
29510172
14856736
236108906
115744061
15432620
83440898
36026329
130461922
25815291
237658345
215389621
22815612
36102671
21434179
237053548
15694261
166490697
99570575
14770373
228748801
35024959
15778578
178283316
24686693
177503797
743113
73671576
230559734
79244214
13834802
67282497
59403243
14338755
18319235
114820252
14365246
198963125
15085080
96924357
204263029
162283
7934662
196570905
14139010
231453740
104121376
60609897
113657174
176467773
7954512
104125516
217099640
124126073
59981587
28448230
15131705
233071090
14435817
130010735
18212206
25583
212281641
232556529
59454616
229996504
31410129
62418232
232137358
231859120
46024466
17856225
41653400
215124866
209426981
86257483
66315572
105984261
228468409
206766949
79162578
91552210
230141792
214057126
20860188
25641590
224230872
14964737
229563339
3802831
80340370
28763060
15984777
18532825
169534133
100751841
15333627
16286560
14869964
27391673
82141784
15487731
77283609
228601577
51673738
43602411
82519928
227968861
180526199
15636451
15570526
216628938
60906577
104719868
206022681
22077087
174519285
39037834
11450032
14543331
7560872
128921505
43893483
227234925
14094172
43034964
158613813
222402065
67699987
110648798
224931664
14293312
22048025
16908620
67250614
32431874
85322635
103625729
224627202
92214943
8069962
9970382
15205832
18449232
142109862
116440735
19331128
20989537
134647397
20944085
59066589
225691137
23780478
82874321
145381400
39168533
17842396
203868990
39219215
225310731
14320649
38807382
10179222
78632512
59758809
60543014
17428597
18004814
208941801
19276649
24580640
17746721
33634587
16200286
22601314
16499278
66788945
224953926
142218083
153470322
191345235
14244862
818570
58664845
20673258
204341229
81385286
14274203
16439628
174349128
47370019
19583492
138625581
224177035
80591271
145326802
78991122
201377866
80126969
11536372
175632263
104470389
28506535
61034028
15229161
159562343
17479851
105531784
16945521
75276619
224039786
123543382
24368810
54580889
83919857
15738557
1321321
196268474
12021242
67926128
87148108
8699642
15280984
720463
109078377
109860940
144959634
223179616
16903419
81920874
14279735
144850840
223433909
52063430
14166246
201833882
216369155
194420163
223305818
19470263
15050089
222775135
14604103
7390972
127885006
874771
222426184
33610839
34594819
7561302
64442220
185303482
15116652
24708280
15303970
6192262
222393410
101191012
18412468
17631758
26779699
48658277
64334340
36963740
95316530
28763881
51041587
67897878
221812415
84054770
3338021
41353635
99303690
14872195
39599713
17644696
17424196
79051120
20719537
14719905
11367492
43855059
17043809
13820112
24131915
40927521
14274175
91464009
105484919
16423144
212968390
219951393
15867319
21902426
149531155
95688001
39742359
219930338
217535334
16949181
27090319
219621093
18649498
22134789
15381261
219520463
117835313
75167896
172295704
6025332
219238490
26154628
120216977
109433140
95896894
203671753
142382525
43188611
733043
121720746
218717110
7820042
92068135
46231503
185732409
96740481
218255663
38725079
105522296
216768585
14419328
217912238
22907632
14432732
89919290
217768744
218083389
87479392
191161126
174546498
87597428
21246373
7358572
16119952
36757012
14819072
69867413
89144151
139332669
86097452
58504466
47615346
137794225
93099089
217548530
17039454
13941892
42871162
11863982
208427867
133174765
28543824
63417796
104968314
15930917
211882310
216905468
12316602
204355122
23338796
44664129
217030076
14686676
214814264
216644114
94300390
132667183
44294221
31489988
100428861
216978749
15844087
141176790
20468110
125383567
65289578
5849402
90638589
156987182
213216081
118485206
