83575434
104245484
20056624
18922648
2788423323
1039739599
134528972
190110918
92960699
1960517606
2589842473
234306110
89662342
45319368
893737771
1561329410
610866298
202982675
374924047
15008726
15278884
2808815405
164414175
70773657
221854308
951245143
2248288014
1245212389
170324462
28506818
633590226
1770971
1679086106
2871056069
128141754
809182094
894250412
2351418740
369553348
1401029202
13269
125986989
560149640
99845372
382524531
49582643
228479924
166979992
264983507
272437591
53076110
2478325998
2859972468
970381886
2863699415
222575683
1427724546
114447129
138095441
158307216
2878783624
711053852
2832604052
561764704
978772477
2743175301
2535461669
2879010089
1249832240
14119550
7524522
1364288238
113339106
1539653984
91258696
2873886341
481863225
573065252
15529338
66622913
113469829
242975479
1542865694
2811098631
2876824804
561034268
17995014
2850978081
854221183
2873474116
324263393
49827143
1917412339
102578564
15817820
114664743
134426140
1029480619
2899714796
114240408
380568006
67702556
19546772
1119566690
553881752
14947981
440889996
50903836
155124117
866260110
26985523
24669461
104155586
371367854
134801354
984366732
42400850
1560731214
56548175
190357497
15851305
219608496
1199146328
147831046
31625988
1552751689
24470259
229321731
2559140125
372771405
868525346
555723982
16376371
380854575
78035525
357647049
166226883
31232763
55268387
6106172
39990008
84858822
122119770
446579386
364234216
2814328951
302036886
108271302
268611698
289482010
19729449
18409454
2841296296
188518447
144263079
209156982
60372240
2388582912
249298373
30069645
2874688588
935675694
1430145338
22146197
2897930844
2824683922
14814493
88379499
14861238
2874192681
2874139617
863698922
52342995
187677747
19140828
287248731
199209052
18510107
292338675
275694946
21265695
717921578
15808451
569791647
2871116500
134704026
571138877
539946626
2558782488
2831208933
14611072
47327973
80941837
258032124
7779642
1369151570
33527644
118279685
574647893
2178612270
2859481867
74242977
2331008460
2565500309
2834010100
2884797566
288156948
1380051529
2872373427
61759511
2506459266
2834126872
571821150
1963779312
2583318984
2753281104
48858407
42276263
126364267
126719085
2868745107
100076128
414562586
129883401
701119894
2256951710
874336958
2896214971
1968801906
166510723
2287011312
113339347
227681477
56411968
442725922
45668981
119935665
254048329
2868943731
429266171
2787833668
2178291475
148633506
384154265
474110030
53359049
13771912
518628143
2895097207
230559327
234602457
409341724
831748544
1116347581
244745676
1414982647
22026325
2704959732
2519229230
295400659
2868957388
2499145485
39701136
2868889744
358726634
2567680068
518212699
2867812871
1029157074
104932274
104644156
70125496
96470192
301165731
1307080386
340970335
2794608634
2801908201
66735594
706661425
350165792
477660386
2857519641
2790052018
2893836403
268480776
2380019898
190199200
33906303
317921472
2569280564
2284433094
49140393
2861916759
396818786
1560680214
2867438017
292450940
500245751
97033482
25729086
2636247721
356605057
487051428
2223061317
2390570748
2285182472
312888702
99542507
45522608
23597896
44574908
2385242504
2158629534
476734686
5467132
1377629214
175163225
2519788741
53290354
28669089
50008204
2480199942
2788011725
85847904
70705730
2882349756
2875807261
36612083
2354335297
564370001
240750182
624573170
1671096962
76594980
465097879
60533765
2839505572
822894032
459342650
262699319
2204481877
321099845
18850047
2863696606
605914430
962647903
1240615256
1450816494
28021027
102703170
163575393
6060532
208735363
2376935640
293453220
2436258883
627959480
14452919
2868992935
810543398
48933129
292268917
115366111
2858947773
2840808010
110396811
60546116
400656638
36496133
18052979
140210259
139170117
45346823
595457888
631222117
50919276
2281729145
191001299
1966901077
31442560
57917202
2861456032
2851703669
14328611
1229701910
2590697875
1689733885
12746212
2825891266
194943086
2856231962
2561998824
288850300
2599274635
15445819
19101620
595930833
2862742852
1650989911
19925559
2845348486
2336616873
42746940
244701386
132771124
91131026
32855063
817780826
30459081
90644470
14047213
132566114
151357770
95999950
2374363146
2851538724
34608627
968518970
1401181730
1108075561
36184421
44927501
63092465
143612995
413297129
20739556
2314956948
17671839
1421407057
222061644
221039212
395875645
1328656472
46361503
12446952
2523843274
211129204
70616120
431265846
363294235
2858519675
1902398702
2543517098
130414009
2825901045
2860935369
21756246
199303573
102717478
2812152727
16864600
2837992812
1243181335
34907256
405422951
355752488
499205094
1568312922
2853117879
565390058
19790036
2433563268
275028868
419024116
254721024
2537793176
992084335
100847569
363367071
86304912
332329951
1439611866
169043497
14804130
212940542
856068660
37399783
105535133
27112997
1410772182
590783690
298929468
800596190
432691316
2195711593
2850815583
36409371
217352792
389579639
6991632
103277529
347741955
502174262
19535289
739020444
16022836
333246188
20968287
2806632909
2723919786
2855514665
2855203985
334173923
2756531712
66756079
1650781855
85095785
1349631030
2876544420
1471364406
2852087559
2853745991
240352190
241900534
41105632
33905417
772703172
2884401752
1274302201
21173476
15293551
416235843
2716842409
2853425278
844317661
131684537
162380700
363252487
2842602178
866314638
14872262
71072038
527065041
2884824708
19840785
309521111
1490427246
2881484934
245236498
5886232
264133500
344523643
17791881
307007368
579122607
2180192202
139734220
14525549
38438628
180701492
66340453
550189704
453082806
2841458434
583131584
41069423
144241329
320202874
74547337
104320621
1431997652
53027052
185238726
2851099853
15230071
15338533
13980272
120713586
2839417667
538166844
2629237750
25714126
263612682
250688787
63422781
248262475
2849518175
1854040645
2161703035
133823051
17949516
9057562
2847432857
61488300
6635822
2602172809
118347569
194066925
1573711442
120152280
1171434468
2818076130
120946649
1280009635
154605801
13851502
52732827
211169987
7846052
2601291295
2848052037
136680148
90777657
958571774
489950223
379071990
1113901922
17577121
38048603
161699824
45811977
972402342
211186185
804359474
2835498997
1063974168
139498174
1244398993
231196886
428400588
81647276
374398474
2847147951
188873488
2847093172
16125686
1966903974
22202196
17736755
15865005
11752902
2319524540
811847617
533086715
12140772
5862032
19098229
389329958
36551851
2570213790
2773119895
492317509
1104749545
516511823
5828612
2839070769
52414261
2614175996
388572744
273140788
418732130
808548002
2394136327
2333895667
486296483
586165559
14880332
238756141
2266916120
866293874
210129358
325170587
71095780
2787024591
39830947
53085892
357101983
2876630748
57480945
2862451081
251737710
57558860
2864937570
74798121
53996830
2864700702
357779748
82904801
16429122
2872982515
391866112
353536690
15344433
76671718
2168753808
65584674
2162206938
2429178444
90459187
2842567253
2841809091
183153897
22940682
1272859183
49373370
59764857
1928168394
1240277624
324425950
1296296168
94917513
20396615
251955963
251929090
995626692
2688030944
2718030771
87986657
25265158
1717837063
2841865545
854510670
154540291
2496091837
1903337412
21243261
266569152
36041828
111031638
1850315502
214115369
138926791
2872411530
821931824
2495514590
1439387173
215967466
73483810
28340737
68418552
2780411845
218970296
498072533
448243887
23089758
399007188
13218832
24123152
2424772030
2295384565
877466802
5425242
14456811
734359315
61976947
2237538438
305486106
2863046768
22880316
52699527
2869750464
39251537
471712179
402727952
2840646328
280359503
437319762
13361082
2746656826
1184410645
299274716
393293342
5908252
2811077699
6419692
245322967
2432053553
2832082568
18222298
465490783
45895974
13083932
126862524
371191914
120031397
461779275
18971857
259244476
2804552043
26985483
1606295761
2695047060
1017571548
15015937
19183630
578089733
56185521
746202313
1095846788
864314113
1863443858
237455886
554601974
62566871
1055903161
123238672
2813455636
119892116
19923732
859836523
276978356
122332123
1733892710
6065092
54460287
29610000
51781779
517276027
206217410
32838748
414331149
408026170
117384801
254631562
2822573069
2859825793
63842806
1975083458
189983579
2711183156
2836751026
201021028
1265674578
15128951
2787963605
2837578392
28523513
463569595
60275452
79125410
158311615
28851310
26567895
128624207
51714292
906320442
2772318461
1416280904
2835281650
1903997544
75141421
203052139
272556895
1278811219
34141881
14410826
14881570
154920814
819483384
498590250
2784447908
2350713446
459564631
67974715
312004572
600415505
2859739020
2602604167
1277316228
205362543
978144744
25637354
359211338
2840773297
330823692
151915684
546144292
153191518
67675187
165024037
2726471580
971627635
2858008951
15457198
1482831
15085073
304065544
84926421
2588204954
2850540361
8257562
120197710
309384608
31464172
16845164
14484375
2663058433
2564646919
2838451358
79534022
2764020549
2801803365
191095109
1267627742
2603068297
74986380
12674902
32838320
1071314250
47363905
942640550
15287244
563425231
1159331400
52022188
9812342
21260810
1900125697
594901139
2552804294
2498312552
125952771
42202098
97302789
166552052
2725830174
136645836
1193238781
917921022
769012260
2800410081
83553693
16225420
50225517
6667172
161634948
82458086
2221881018
573601597
584644771
74076878
455839555
2717568588
47899890
17048107
19883397
529485092
252798146
2217518820
89897970
7002322
1187737916
103032700
49317287
218786332
368263217
239530291
169959424
177879959
224294375
624270154
464980285
856895714
2827854921
168498617
98732570
119659278
74922924
175828156
132843392
2537160868
1723596427
2404543463
214842734
2587336963
138228418
412255821
58996147
2801906786
1703800592
628764296
453541290
2581141558
101947675
2800559663
171924965
186771761
51645343
121339525
219849001
251267759
1596478280
393426140
1550433054
534685448
1520322540
18673168
35749560
18208037
25936668
1136695148
33498399
574816200
336317777
14094763
779041232
831500401
19640442
2712083683
28417999
14952606
285267709
2710475443
2571647472
158488473
15014481
2611341594
2374397948
18042268
2830044840
1239998612
1520379122
2820424323
343315952
254706838
2238196338
2151478441
319154978
870189662
2152963141
267343503
26051100
445110783
2373825625
333692655
33046274
14512839
110449855
2353243933
2379234794
1389940021
467531372
22481261
190479680
87767922
1605239659
72156896
2513076756
384943777
16513072
8483862
190812240
11873632
18684725
2815220381
50344590
20234684
113003544
2804472977
990031015
243740371
1684851180
175284047
411972338
596600259
1039671
110228777
2753199545
18182173
2796618662
17995914
1707547969
1307081094
28584753
60799179
274900491
72825137
2826225582
271433529
142719130
994688564
225727917
223748587
1480459458
1844850564
1577933887
232543072
65177058
930320856
84384634
603629302
1392758629
2784789429
2359322275
31394014
634727552
169621878
96946831
39734662
395891303
2842066538
205691448
1363443768
1543482342
2806668675
1335679369
175122018
272141779
142842348
152758520
1544969318
278452637
1957528892
602830332
239419729
750813960
359304099
284871316
2806899061
130178656
1708257410
293417769
329868327
19016698
2806151465
55807485
389706167
1360292784
63448061
245930143
18601829
206645598
21167776
131879276
2709888126
49381792
435292477
400557748
314466066
5989982
87576610
7884632
42631475
2466464815
1873749535
449220348
257158329
2750319373
290832564
106768025
609868527
38646642
617494283
1859612533
2792859287
188908829
733443241
2838933236
33970715
30302607
2787206368
849393937
80267837
370478486
38499715
1594818266
1571510227
150827604
16747183
1001117780
158719528
1340285136
1482313842
200693692
729802513
206333531
143223587
1070386242
112695142
1133388524
86901511
1391006898
9579952
2799582899
557469065
2202123371
97417440
2351061444
324073073
36043087
2466178136
292897689
2507815383
1649685439
73314138
969724470
1707672199
257034754
257694121
129488634
191189231
1144010052
2836759555
2435920907
215619981
220287815
123242896
97163976
1162697970
2797794772
270257284
83098230
433323643
263547494
2755825035
43395126
1115627665
432747422
164364495
2796407907
28304752
91304265
1267153182
2688313144
98684102
342438046
1346881742
603762483
333407195
192849013
225867804
113630327
6373232
406787518
101958931
67857628
966010596
66350115
160847370
84374247
108086713
2650712713
1352365532
208670564
2650749120
2791863394
383680800
2793711167
75238871
2793436835
104818073
1513638823
2793300491
280896712
16556957
14482263
2741550716
14378210
263753782
51035666
158411916
443120055
26535578
2261391169
92864490
2434797403
163597057
5950652
73306892
117501631
110839305
2789992773
2197993982
323814795
2789904507
347251848
50127588
2835357356
298079774
2169992292
162760041
247861969
142893552
18230801
2835257832
173470881
495901348
2439620948
755466727
2212211492
1298656134
2822208510
2386474158
2834652888
12642972
4324751
570143878
120848598
173226355
2824499688
1681600734
1556485982
2817909878
273439264
39405381
2566754953
908915424
825072722
2363356805
17800116
90547548
39108995
2172129030
14304730
270617964
187140732
1321231946
2571666867
1260273301
2785748232
409364729
32959266
146763434
244511483
133060927
50117940
113588704
2746486602
156889085
2785387491
52011740
13112752
1672661
2785095316
90416157
229297753
2533170320
1955435114
27838329
235024233
256818499
2512250444
2770188965
1889209214
1490232871
551182016
25072848
87008121
2503232148
14192763
14056197
2820247651
2401298450
267588629
229009304
1407378648
126969433
2781309691
85267144
313958943
2829540722
43180499
407029503
101275513
245777309
2714385056
279946184
242711958
77084374
812407254
115892529
2162417711
60117788
70942260
27521207
252042311
66955232
611541304
44252799
2446330160
218032532
312219560
2814642066
219316355
22346030
53686350
237230121
185095587
91557825
869601
2726982852
22924453
60899871
2814513084
2782141209
1117336916
2309341748
300820585
1621983967
29193620
2789178590
1058134568
1923877831
66454074
29312188
118812944
2489261874
250188103
100264137
18843461
161828669
11132982
843505068
33927071
2720117193
2554473764
95253581
447009172
7905252
15332211
2389539040
13260702
482620223
525127407
49730473
316355674
1568324550
79341844
1629846396
2693942095
2496834715
866589110
193211891
116338791
1172700996
1657088875
137352386
35481085
22837777
123209462
89457761
81226929
423259922
327421929
46527162
374302180
15052343
204535495
15190498
137704841
2238045722
42908969
72918901
889650230
503525799
545410835
15884566
14879880
2291969875
506558306
236896242
29685725
1350032826
433107152
2778398656
424103882
65631003
142300870
2400483283
1686591853
434441701
383334828
2804305016
2580821563
2695275788
2775008254
2188485847
589181811
2312542851
747974785
230584788
17807738
97318592
151100896
2354293381
1291608499
2321033437
186040514
15295221
34246099
514418395
358295448
552650430
48200242
19832811
783295273
145940446
918511183
78103256
14208937
90938225
1908411049
625353101
2783092082
401564430
497210664
122367855
230304626
503496533
292510848
1164842220
944380650
70396339
2813632020
348581541
467706776
2778223260
36036403
415028394
2643273238
17448269
217212382
144751424
439577604
17463687
44330787
64920207
19359729
2742064364
389588450
1073890933
1667400589
2501140676
2499409787
196170000
627166362
44325893
15206350
18611550
1410091838
17716646
1256690335
88195214
20082933
261265449
159509695
110518841
2301438031
295744945
391128178
367198088
67840935
140988775
88679503
60602548
254963148
386975439
2432870310
274659254
889472311
2504605385
44617157
1636320139
305121907
1491832423
20792055
470437534
1938909985
171386343
198638701
129229357
133193047
1618378614
14242891
117935349
29344668
369084179
117321392
134908614
2200848534
2591699321
91761277
144677235
2812988130
50080108
15763455
2813013355
482126898
2811550902
2771943311
68115112
157176056
325573145
1688800201
254133797
331116508
432061168
29018615
525659676
261360724
15773026
599214090
2810162610
2811198186
2388402521
45567486
19223323
286577312
70112414
70647929
169613143
2317746912
8313092
718324280
19859939
15816026
5590562
2810984119
2653134363
19708386
141134184
1899176102
99031649
1901438324
2310897188
2723511038
234271418
24541925
900141673
486992070
1848277560
2781222325
2809507364
16753832
18365633
45930982
2692151767
293012075
2657335188
878585412
392336229
2336267243
177719005
2806762448
18053091
102996379
199530435
2808574824
277633680
2247648409
332668746
50691924
2602799597
352390233
1700651568
70057560
234983959
499000923
2807339749
454249359
2806253840
40448749
557625333
2647465568
36662551
2729537484
51782634
15023779
2802465132
28725079
51518286
622853435
79132844
14663481
161809482
229329505
10983222
112595606
766378988
12580982
212674817
86738392
2541753216
212356827
2799203946
382853075
2546169978
97912420
610716834
20146383
2716085619
2393642906
221275956
2220547634
2685804061
1454461718
95423427
2741004091
158121172
2791426596
93257409
1562902687
597363912
117374633
282820646
1235207912
288940536
180091701
123794297
802225
79122023
107759450
61311399
310589967
23418878
4244411
398466811
35665267
97219676
2504722656
483334276
1911702782
18119438
2751513618
14867982
2791828796
102650238
412107914
2675515668
2800756982
47707930
539184404
1037547642
68201346
2438587400
116245985
14421686
300757910
77487475
227681610
2737187935
40568160
582846448
22479488
24803648
216483150
2723736666
22888961
36661767
338855580
430710346
356725466
106870895
2798447750
10010452
54566563
2789247091
57367458
570504804
771637754
54409810
2797420430
36952229
45060021
839982031
45862596
1132259563
54343602
270372998
1726817923
183006400
39713294
1017187128
395320054
2317563993
80234160
53891649
53039983
177986504
2561515273
476613511
12782982
286304963
118703935
77493972
42897147
2574255979
1852218248
370677296
329170265
214172782
2299964976
332314193
2739269681
171180676
150230061
2361136747
13803882
449060975
48301534
38597621
60623460
14721326
440987391
146465351
167087739
189063139
15286691
229814584
2729386032
1948432513
255208171
2794173853
189579706
15878807
459791499
49672492
360005025
2717334553
13174052
22846922
112458407
16600179
2794291597
54707930
20915359
2557347967
893681354
149304839
330840563
358130594
301932965
7558952
18672633
1665671514
2757844193
2748426431
234853547
135498889
1566012356
2789698596
968267064
499247364
283157095
1209941887
17660493
308038386
2791434102
47346969
84146214
2640715437
2736671683
572690356
2678426359
50360058
188599289
61734080
81051553
10178192
15758023
2681449033
2722519670
21996210
77945896
35193504
1572401857
549242760
158909278
243354786
932006070
2700609258
38910938
2293576672
180678830
2589021324
33155556
1367026393
157293415
2502122862
1463249383
259784125
14288880
356712701
355446058
305432500
19682809
2152215925
270237312
2734434099
411626381
137646304
2433333210
14374847
121705894
2787264362
2189440207
1061983800
28817919
2786435071
1023574465
439137499
2582092687
2506236874
16083515
705488087
17618175
2494025270
211243219
105755869
2342161622
133242097
1597175563
318926604
880914944
2185306815
341088483
154752467
2346460562
319819931
1578601999
20435973
364088654
47962566
2485785343
56375876
87169868
274038598
2828151
303106688
2361591165
79151996
741000120
1729779992
2778941816
218531601
52576680
1934198912
15871808
1376623124
275440121
2748807650
28316388
420822979
1671537739
58784453
18096107
95671635
2311127418
520353272
1009274041
92737032
384867603
80920828
2335500609
2332058426
14865298
777345564
6430492
62510943
15244810
579741621
1232230945
288314888
773069539
57027430
304303620
293482370
1412469756
71188326
118944874
2335718340
169512260
80472598
185927453
2778970622
36994148
196728785
35979629
1437731
18428373
6886162
217484806
2590243261
2766453391
2692743577
1678751797
23196539
21943275
388111065
456489877
25403
320735718
5476092
52170505
14849163
2309422507
24237229
113337879
33831341
15297393
1348458854
112251262
770316686
2690901336
41164719
14438792
501568102
292475575
1647958723
925476895
2774256740
5464252
1269001644
867802698
81787955
2773317752
561038053
2772864763
1379715132
637068597
2452656661
207041651
2649549813
1353706892
2745380651
29376149
2458875912
9570312
1552382425
928554031
65674007
1963004768
2227347476
165618586
45728988
19705676
171992676
1265340355
1288007256
516361125
18376338
16194896
848727374
2533446565
48083804
100165173
148251819
35114717
92168892
16844348
88228003
437749436
20234085
585175523
15684879
334185931
2718588433
97773740
2590200469
380003288
14513538
2641208909
49578877
91589048
37462479
176562653
297272518
164168312
1937877546
459075927
481457338
2525354684
2181008280
74735898
220687834
1086957384
82326959
711361754
2759821674
39104882
360232292
2268746881
217885776
552683137
703038464
48131303
432522659
2154411843
1223688920
124783538
291651838
52451354
2474644338
448476368
75775027
586719327
78094624
50295771
22009858
321991598
2758322910
510884186
1376285604
174821044
234429177
263240770
2217106309
15340574
110176562
128496777
278622586
163525062
175022505
285470075
96630615
1439298163
502675778
119770116
938143706
153088809
222991928
368879607
363524307
42863244
532896351
2718427254
121397814
1876831728
348027221
42808587
54042031
144028938
727353
126899010
1663072824
2317470594
712547626
17656895
15366474
2180895523
372877003
42833830
214040962
2751709536
2617039224
369444141
2750919374
1619652050
102404099
370539170
25641088
33564353
17958609
72809784
1187902830
743979672
1285898863
491904974
14640781
82613941
14418463
3457381
316580045
2742874689
14236527
2588901696
153388138
2479641361
1660521589
2616771630
33311135
233095598
96537776
15372867
1523201306
14236273
98150147
406191170
91390346
1040119076
1311147920
309264876
2193640937
624612511
2743248103
217969786
921567229
2742819699
14236178
141658907
16541388
17034068
2311631490
1246239636
1255945440
1307586253
2664937423
125406765
12767612
761281418
2655259237
15554861
714543060
15934569
102647704
2565749017
621862710
1835589818
1880260358
167393757
64652015
16589408
255756603
1436724740
2601581216
1006745179
177018050
59312421
133882921
2738544140
12603172
946350984
565861292
106933616
99136026
1892739913
14407218
1114603494
7242572
450004802
440895884
1453060328
2636432600
2737606746
2588108378
176455512
2737939801
57300250
2273393485
1074585468
76565741
33840920
1472276364
2736953232
1684284918
20212841
35897018
211594729
1335983718
115504340
512819202
2735974453
14413240
224984062
2429140572
256830111
184587045
330845374
194900977
2169634655
469697486
2733419562
275225687
14339798
16614023
6673772
566806387
195975930
109800003
2743106626
1381666537
145042832
1439675502
1262767470
305244762
17016714
254276186
2154664903
1425773755
40718432
131502506
2731220022
2151450484
152610974
18041115
355892667
2211062843
518900747
22292298
436595087
51801529
122918091
2636416404
896505049
16025996
2377297091
2243570179
19033457
2726953658
43304970
29459580
2586926359
165862270
27202557
2154181612
111337434
668523
1595595848
2591017898
2496413479
40605125
273805344
223286138
10429422
2716507704
44070980
88164545
99575487
1482363498
411167499
87695807
51082723
114223776
116922875
15318832
92012711
17343895
244821115
15277310
15740270
76914458
55291096
2187589163
384990618
46721442
2290255650
81703890
74126822
241107072
2713111488
1166641938
321406597
249192197
50626360
1286336016
403954892
38144165
63110112
2533705177
217751792
373193906
309538338
2262830606
53808099
2535346996
719660685
23812089
18456186
57050272
549628412
168775020
538505665
2518457492
567286327
905921966
785924233
73853100
2721455180
2608858472
18751303
27396351
2255827563
83175181
492686490
2704669148
1493631506
1076526920
1534138040
312337105
41839904
25719182
133554346
167718617
143461746
46290445
315309260
15171289
15572406
18723439
2673734803
326410372
817586312
126324887
52644839
2577291817
56455753
25333931
335521664
27029945
15855598
53841355
159092360
521087912
2715844232
2971701
69325874
1562921276
1425868597
18743312
2483518002
1018698572
191000792
234629746
16520821
567328566
322813327
63974000
112980059
2501338934
102683866
314015055
55508425
38642534
879715190
44607456
213185517
465107811
948521364
82099356
2671362373
2733895203
17656772
17086852
552170944
2713445202
115180657
419008284
153451832
11768182
166565158
2346183918
905101513
2258878028
150344475
252487074
90767220
10354982
80928308
406123057
428954734
116427730
51821847
533930478
494511580
2556978385
592206999
2401738770
2666863760
921543996
148255022
470012127
61877583
45087253
489873140
11042642
520050474
2189773659
25980159
590277430
2435272621
19336295
158239940
1852336459
257397791
378405505
918834979
188640269
2317853732
1331610470
114140844
1617562262
443086561
7487652
36830219
2696643818
253028625
147119391
146485661
328954730
22376609
2703229513
19773011
5688402
441852583
47699186
400815721
723888542
199586068
193500232
2323296994
76875692
1718162918
2645186604
18805946
28128041
632734026
29690980
134759609
757732494
2700119376
14850995
453367772
478992357
2430310302
465646482
2659454311
16178334
575176364
2414955776
14408716
18101688
928513664
1920841759
2602567910
555463578
7429822
491548898
453134179
70358256
507368583
757320583
158660886
239254370
436722027
112222613
479653496
301446488
61466844
869532385
148467448
2445835026
78107884
371263755
48117716
113610299
227058837
836015844
2693314843
2693076648
2480000552
2386743132
194465003
17805500
2691784116
8764442
2685359678
2691052446
784573626
353577058
160562576
848711
448680215
2491189490
167127250
22666806
137294498
621133
191008866
1317178730
2306157375
898428144
168104421
152365115
1607099238
569023129
2267451
7005982
2573384022
2688163873
60568161
206976705
80886133
16526423
2445224972
246189243
918101780
8129692
2310670940
918498698
82135630
146403998
1667701898
54018936
116296008
78555233
385188135
2289150068
17567454
1314579037
254031400
16821236
335759458
34762934
23698269
2684385216
415414896
33427748
394231642
8627822
1011486889
2725846577
2725711731
58475374
2434199335
763115760
16888299
186123843
428794957
17775294
2434701102
20086660
10369572
390595816
267750784
2681259769
2257239793
92115561
124428175
91715672
153882302
80410541
24702164
259306883
86167548
201397679
866230704
219150322
1435448952
58443141
1624759975
14430146
1460773141
10245732
872345881
36638939
322281966
284528946
384102975
613887285
605376091
178055768
1324652532
435746291
431599308
105440217
2580924938
226088423
836547258
2664777066
2241296156
125915890
152264298
2663491591
391513615
1349787636
42704750
79192779
199410094
2434332290
257197311
2526451819
98430415
104514095
42587296
1668795823
320222257
311723143
109247901
45373321
122466098
215372737
133024938
7987392
98974118
96338584
15401369
52402656
399098157
82948894
4367911
33230709
233340782
223265095
86157609
2670243745
392613443
13725222
17411373
2668223767
80903380
1608999500
2354938339
2317624730
1235040654
703009405
2510538404
81190801
205089314
556580551
1336895378
60726305
2527648464
1954104584
307616340
54080548
80769164
517094148
319201233
325298016
473928615
109563733
252190280
461870389
1026516150
539761611
2665775150
561153511
514124600
42189695
143480548
578165218
550059522
1128343093
47313655
515534774
84127332
287057771
20010616
1289943014
701599728
2594673600
18230299
567065928
90806131
1101190434
2426912582
2559924650
393593487
5530762
542652987
15076305
1406578434
14145691
57448379
57107582
442981790
371847036
14258696
2438102353
39577271
100086326
2191978365
2584262268
295396471
857985806
20663129
2240703609
221399058
1731066013
2658460171
2393527784
2657438550
15772858
171947611
2362634628
172681165
101206135
91209996
408433855
140054795
70733494
26761633
2656562221
2656435621
121803587
356033826
2266245044
44108500
14122087
240709140
264196082
9353552
14212050
601627011
535778125
29516808
263393817
306341851
14937445
2569418859
158487156
14865058
465811933
16674081
220241208
1725788070
540967943
1599187172
74644597
2382623780
247013810
2625920733
33855022
223134768
541411656
16046518
153409381
2430140317
476454785
40710840
2651319205
87122879
2601854821
81353071
615907513
278087108
16342209
2714985879
1709810046
1614514980
2618855484
18838266
176389433
554511681
100772684
36078752
94082626
102246108
364861035
950864353
23969370
988184438
39817642
120081421
113111702
183987317
18070588
31749370
37162329
265634285
501656285
334072689
303645537
18867535
107148635
499334922
20944899
155213598
78948915
258351700
1681176469
42567666
143704494
104298247
461942032
969005414
2578330627
558851432
308579529
43764802
1852177238
44837505
2630536345
297942971
2312574902
16378146
392119255
84934216
121168493
52236858
385924302
51608878
293541450
98300061
303067760
2645140710
1011127290
2600215904
162060136
404595580
1258118484
28513937
711101442
66930923
56089475
473401917
97838322
183582464
1518601459
48143114
140563678
87423086
2364639749
2611764740
2612132492
2166615518
34287083
504922380
69403709
1562040876
2614000770
486138482
60594353
1496011554
41895002
61577478
2635821988
797080573
231451919
368794229
258703544
2163936043
825338948
152623828
59374800
150300146
122708086
2606245105
295371531
2522997553
555442177
15916586
1280125568
277640967
24013983
1266862788
294400401
71059648
710988478
402104254
89295400
787485013
39266514
194477088
159176926
304074960
486060067
2616393895
339620365
388269471
1705577065
124136807
126145713
2363863849
1269378968
1011645637
269929712
65330613
96144354
21129375
2613638960
136182961
154152762
24158423
969108500
8739662
102638853
283368983
504945730
1337518398
2602110469
794383087
298321109
446194506
2325766416
59018428
48364078
14991038
96431923
218943232
325169712
2560524721
34434997
1588181936
72112135
67873185
185963980
248662795
282941508
199575962
2613104102
2612997878
213588080
2598078356
294146936
78257128
51444350
248514318
16218921
346083744
17780964
2611655040
256847336
187444412
546312627
548743326
44587497
2677029513
38025771
775982678
311274532
1661377195
1282062504
507398600
66308822
2610569378
48749583
213612310
1099692631
2330676738
16682476
142727552
925140366
53155379
87169204
61525563
86094542
1229329242
1475864628
1647679291
133893196
17188668
101716834
16848938
90137460
2497113061
2262171
24065676
288997759
24978945
59534897
239404376
533304038
58594208
395400427
14310597
2603395638
70990314
2189118090
1093329901
2602094048
2284618400
445731747
795559747
95660092
59895210
260438488
67387679
347813358
24720774
15583376
15005348
189334262
16784039
399946233
2201047213
56124101
1931232660
24352883
2007161
72830645
25253743
1618592942
63742729
133147647
292063052
2270907105
18459719
2593648266
632426964
134840185
868156333
66111366
317776494
550275987
2598237811
16014721
1087111590
157102898
154047269
335291789
2566949816
2599460726
2189323971
2573145962
314127708
123143109
2600817948
2600565685
934213561
268214179
13337
2563332656
6601282
763688893
465680526
186991393
2264399588
28539051
542149297
20587843
2486225772
186476278
1006445892
93748081
791503436
111174058
41532061
263368756
762539930
2581008338
391117293
2408302633
2598296046
535044173
15957347
705003560
14384644
2660070171
616942310
79620527
36488827
2457836407
69526270
2597524386
339588665
14927845
2263107968
236216051
16923384
88498073
178726713
56939927
1979378761
2261841543
247815222
232502050
15315233
254340736
180344059
6340592
556940501
211803500
45646800
2358346854
94922961
1268582766
931434410
333081854
95656256
2590167518
189648644
25498933
1510415245
542749302
2594805703
19264945
2578741477
45565377
1640929952
361123276
2360078229
2559291997
16875120
371872316
232907913
852014119
816910838
412623206
249690900
96600789
219073499
243744225
2307121424
546012671
14084292
529692171
64751097
474050609
140948506
623190454
14917860
21060443
928460528
95294818
95772795
2412781339
16437252
385081510
1652210095
246723769
59494407
2573816017
39247372
972457734
1069074690
817913004
34368014
1288138705
2478539676
2585761399
24363891
81048151
14629886
261804318
53025784
197422003
1493888094
2591072096
75190953
5802882
72446237
168113111
40865983
2590917768
447850744
823155686
1664686622
55897143
2569106294
805969639
719019528
24976675
515173557
154627924
616344868
2590159508
2305558606
7500392
2584284956
2587102422
508110387
2253666054
705081679
2589477858
23595544
36197444
27528816
2617914167
904047793
104420846
1446203396
238790145
47346185
37296574
17675576
15373324
18679216
2583338401
1061554255
1027439322
100543782
59784105
237007308
85510416
2587442088
2587399692
2220143665
136973402
282988529
60133080
1118861533
146319358
562126830
599333188
114313242
111004452
29168416
152806407
2174341084
76023227
2239821510
2580621661
86326490
378739536
47692864
2595885226
2585761195
22766875
13184562
787449835
413996722
2585446238
2559603691
77203249
156736482
2584754318
454566341
83389939
20098834
2556650010
891413719
2441658314
1961174526
879947738
2601108887
312933883
280054585
850716428
2628635440
279116868
2583579493
122659483
2599132173
5690662
111545236
1968769332
177027579
6784642
44268053
33015855
137824569
22204904
2538107828
2632266221
15878397
2579061780
85330349
36613921
2582379505
1296075726
1685580925
266605690
1627239260
490608413
32242531
2563805940
54352950
393144350
2341075339
219614964
69649528
2359644914
1303576321
205990973
2217732422
2578526485
610214048
17410361
589231649
103710261
135995675
2448213728
153443801
2532739040
458200646
2324665351
172726826
2504115710
64044715
15506208
210630490
20742001
912371228
35170537
112442547
611801794
44994669
45917271
24201074
250267595
2474054911
5113101
84986817
104154997
43453718
57907575
494015835
50311156
254908886
513344534
1689357228
2577639594
545321750
113950098
70525299
92285401
189834432
378313222
20290599
199651243
77515940
90907047
194520075
95608619
6461212
287363695
488145305
17421480
105835654
56408925
67341859
151354520
13029342
2567018053
2374924352
139672736
2418239454
56946386
34625603
6225842
2363486108
1421819503
186106480
135100613
2571110947
186995127
63155125
61372062
16181999
10746562
18287933
157133816
268060545
384868256
1385991643
2526874813
709224088
124471876
1898143398
15456285
582858170
14125025
228842983
121995331
71440282
2617949944
18285288
1151807228
2527841912
416538748
2519514109
16448353
9487962
87675563
16525112
124200672
396895552
1322544930
2561335207
464047033
168141278
14908488
262772463
46359595
2615952513
48930215
14931184
18533215
2467895696
2388935929
293546827
1270400666
65955511
274292681
225027943
6704432
15480423
488208128
14337143
2570926508
108580151
375597696
154754475
2525683819
17038286
147875979
198407129
225413505
2557102010
1437887917
16412942
55509784
17332378
558725093
2364460848
18117841
14127879
33028555
25501829
1320113850
2164404721
296271116
247633914
303500180
540006497
2476679606
357838288
14839804
105770329
24601229
237846794
320731575
33460162
14757403
94177888
230724882
299880565
504610901
226437579
61527460
1765679810
308684109
347119876
237565218
211807110
253088018
901195405
50947845
44834422
2564751678
17256898
531267404
60396089
2604849669
2563528350
2313712332
2345844115
245017132
2564113171
2356845266
1027012548
369458129
53004386
407764907
14882219
256317214
14368844
409120656
230792401
38001213
2541089005
18435430
28307684
2556409513
9839952
1857203264
2422340826
18998489
2562174416
1261479181
27560854
67504900
40686266
146344404
149820979
325129501
243847633
193991024
414166443
10111452
14760146
112097225
152900129
69181932
1674854022
98664510
144391877
28572067
14781397
24360822
2550404100
8642402
47858490
112229916
35343287
701309996
1219297705
18279567
143788023
15486451
593527628
60895153
289477504
168129448
1247322336
470451903
357541876
30905483
484004820
468532446
2391597575
314433741
13547972
913022833
24387293
89215452
2459044201
2551087021
1556156078
48320997
39382446
606573481
1583730714
162632902
388069795
164647182
2345726611
901528512
484311667
85571929
1103198070
43690648
204925197
54308227
43322527
462405490
192262714
2536595692
29152819
2357819983
2558285756
105476140
97685923
44473788
420221204
26837658
2557263896
2585348344
760249244
17757567
216945559
287797569
38868409
13077862
257657739
6162582
20453335
154329028
20437864
2555570874
80000005
2547909636
2554685780
316680806
16069165
124295157
143488822
1344323052
22658386
68457628
114000383
2356321418
18858099
45989005
490534454
2546174450
14301518
2220702720
14723345
760920236
49266125
2235887724
227625101
43619759
14089497
425610734
2356939305
123602426
197124236
75787855
15788529
2417045708
2551477230
183890775
126825525
14947701
2550784598
1003041014
66647805
214366518
858210990
22154502
41295646
101475559
1578111036
786795
17941257
18761788
508774712
18836642
204246361
1424871962
134996018
622075780
3881651
287566850
47974797
57280614
2539389310
1619779440
1621147568
2548529814
186649070
794331612
155178763
733360946
154863841
947345797
47571441
1497990937
2322141703
108425172
236417492
111348004
14059126
8626162
28267965
288553972
200186487
1560662594
36331487
28336355
395862025
1648366074
58762266
15872334
217191522
1172889488
2546093190
2436868412
94257254
16136090
16343073
499989553
257339630
2545612074
2454969776
47362318
40224933
2163733269
226059258
19260632
1587166825
1497001890
2401954177
225895855
69415081
35431905
2459989670
124349572
28074038
949361834
580803427
112295633
140373160
16559903
41867607
41798535
435814685
2429350019
1264212626
72201290
29817257
37911388
1935611414
101857564
15722461
578734131
544621063
18504191
55234514
17720825
14526058
55557743
104982049
172837430
344088148
853474267
270028861
367818536
844477879
25882450
29152555
12769682
2573947521
177606859
14246529
747927853
49361574
44930482
767957484
22878914
1423139318
120603734
90826844
46718599
14885956
2444896141
93702922
34969160
179883843
2488869001
301642882
843649554
429382359
26033473
424082612
2324915324
1443367614
22887971
145934932
28331572
84503267
46824815
16970197
365274722
7217962
416935312
469845741
92106535
20464358
1276589006
286958199
1373539004
277872618
15994740
1854662833
94166216
2249042264
308226281
125546684
374522288
2466576799
96394014
368580571
2278334461
15293805
2531269128
2242900544
2569772673
720292586
14802638
931377283
418306379
227215280
1182999829
2437285280
210181164
18506266
422368889
169518734
221072831
75995189
2476687124
218590428
6748002
1117039278
2532454280
21825248
194654961
1737939342
15095781
57164394
18081773
1157759460
44361650
62053490
49758967
1063815936
15514261
104587520
2292883632
19390522
97971450
17703437
2513586319
2281846134
14405962
398678453
325411234
15172295
388001715
414336935
180571625
362390580
216050899
389770617
34733092
71446643
81011706
63886140
551509091
912946800
1938670573
2323088292
15689279
2528215272
973109977
29949474
1053410234
235447741
73348065
25509989
352251292
1111134668
2234361518
2566851267
257855806
305582372
20181912
178726200
15591579
17258160
1340127373
2525936245
290839108
380977151
1301378203
211058728
2420728141
235667491
202559176
2312249242
161242208
595910929
747138282
389390132
518575360
161011844
2365743287
179613962
1064238487
390383742
64876991
2316981770
371914593
125578285
2268856200
965416896
2517575934
2455466774
16173131
1458767208
2492383118
226338362
29532976
379159037
8614102
423731098
2522654371
1121554117
105234259
212899491
143490357
255775937
26714457
1863269305
375190539
11406992
114637904
1554133093
81660036
2520976752
43073079
168999178
2513150924
284612678
23063841
2520035640
16957488
264167545
118470136
2280600163
2353420773
108612154
1395499274
27537837
2287450812
283690437
2518445150
187866158
273845670
213964241
332767052
2332380313
10110912
6690042
950271198
153148164
1393751436
564008442
433888495
141209556
320696806
20144868
40905319
384615064
434096258
812565720
80388965
1258543651
478562047
125730718
286644231
283636703
1234881445
22902442
38235547
145017224
9923502
2513767320
553670986
587585048
385741664
47046987
36088068
235502456
216888995
344746977
15501387
41208852
2483486526
77529704
18274978
2395789802
259841544
1119349951
334210463
528875603
562058484
2443931436
37970849
50345349
229954617
1294149139
10239782
288165435
2296433641
1954490780
2166230942
1228547006
1470973650
2276630941
558849935
2374408405
245745007
43144260
15446225
74780910
1634881134
2163742171
2505553174
433727394
11905382
14661826
84843468
337754441
523347751
817368715
2504899662
42900010
1536877344
126729612
2332310538
61853003
65432234
129096780
22027493
80064732
2556154355
2555559945
1498599170
95319040
97528118
2354318267
2550114718
22297701
14415969
34956810
589924725
2509903729
1678639890
161666406
2249294977
11674602
6061732
1629922614
322949198
42382088
106724195
2508980202
111179936
2326109676
17308936
2435901024
114975977
372189415
1196224681
22469892
2455237298
2505293024
67960406
2506834711
31684359
1227779424
270218197
60872990
2505407310
365581037
60795218
321925307
307276157
474973776
68291828
50308437
1914293994
269772619
1286670678
1331454242
2418356766
2193035857
64065346
2245266062
155046099
2504187355
592719079
20760611
1360613498
232536210
2499682766
293501855
424479092
1008415297
2502245762
20828052
1885256124
2500355317
571562032
14188177
87905390
75847462
490081776
338654433
2480513988
2499808158
885424633
145629832
31360470
2367990252
42917694
15275515
2485039766
208614912
540297165
2496802608
16465010
2497753902
2395495002
103231793
341793253
70847259
151568388
64836980
23075350
25231996
2496742856
108216444
2496838028
2422319366
15558660
2490591373
173356363
23993603
218467591
957282360
1547787284
2492620555
5308622
2495719340
96947546
320367443
790200222
18094624
15175870
72375888
2235906159
631808502
267505932
318825672
19817187
2467662883
80599778
279169259
321610466
22647982
2271411369
20966453
14081897
568959501
26066226
172158514
203297807
2153848762
245015437
218796127
313450565
139034131
122785434
2394167438
278206043
99855129
16162729
42471845
453479102
187030016
75191214
2493159108
980348478
924073502
93825877
1288100348
2473851007
2251791608
89250153
30118740
16785394
107989968
15272740
978953827
102244762
14458322
378071530
475816699
17477677
218089809
1387851314
71361299
168268928
124796155
473160836
68770393
91140612
1220062116
2409473268
111207270
2440002316
997073821
2280519566
2542738727
2491151977
1355290160
2490336624
2490154711
72867776
54517621
2332469292
348006145
924233737
164117895
817247160
491000758
415096653
201474256
45136380
26233081
312851397
160459349
19386098
2308121310
34658173
2455034790
2325947906
1052923358
2467348993
1224639307
568245580
25583403
560025434
2277353358
2250390745
225124048
231244718
1116344101
2487094795
160096814
115485048
205707876
171461741
19405461
2150085260
206758695
2287152228
454388479
83794208
1908297745
490751589
2470907844
93380138
2527035825
192825592
226625306
419670476
54858106
2536530641
98311942
132054607
847415029
408783167
2454469892
390583312
58655891
344991891
113720384
6137042
1889617099
325347957
51096882
2250304962
39857685
145750569
14432324
129908533
2458387796
2481005960
222816868
64678884
1099473355
182640408
2348270743
82930199
23605081
1284212948
38825638
2274909698
86505025
1234804993
1518260510
2481803233
538624242
1064344932
14880515
60841160
593516756
2309451
15386474
122902403
207588492
21929668
93681834
27297800
299985831
247826388
2480251884
1665220549
32537780
216484737
77025113
16069169
36948653
1640761476
79105984
18357643
1060061334
1659769266
79284973
14815638
436631022
420409358
17651356
15384271
8538352
61135527
56652388
218279488
22402509
388670706
1123593132
249506164
515706655
39136797
1272883525
2477514919
1708159957
1012409329
486047154
17392094
404048074
563895431
133361507
107207526
49693818
360276692
1471531128
17405703
446931454
439105707
99356773
417981970
14250517
2440100729
239642175
15892007
2224985959
2469047378
18748847
19676029
1495605012
874919852
32434518
14375450
189876762
396068106
560939796
60289032
60212147
2456882977
17871422
305589419
2365380128
248690323
34322552
242778909
14824759
219623795
102995293
20222828
224358546
36622394
154737873
221457602
529095746
1229645971
22101284
1705694887
52411139
53666559
586782818
239247674
152823587
26237459
960981049
26293291
40200524
29423728
6257232
303400289
110098981
212175342
1318325162
51384098
2466334015
166702795
18355065
2473295460
60888740
21842791
2401818644
173835898
2376183501
1891108423
1663323830
1513033812
1633053818
1663358545
1633034276
1512999008
1663465976
92153313
2521169243
54550007
21200231
56633361
553732964
561710233
2171144028
18498159
23618092
63211254
86431216
1488627655
7305662
1913348016
2471441166
27459817
952411609
2471322462
1708379569
102061164
1382806387
22818796
243231610
77202833
360518609
58728480
288701951
2226760368
148628641
1906775444
2463031742
590074355
232127231
1167529430
317419861
37634292
756400
394666943
259751470
391310441
59088959
1070392339
365218919
42813904
199607821
57732718
228652201
271878491
733289808
598902701
96143080
2366110704
29746486
2425617818
2257956541
2468034488
494857369
45072729
270721522
142104658
90328274
603658940
1581582194
15589215
179429954
570905633
377469410
124196451
104756047
63416608
2299649121
157969541
18960744
13243682
2466450504
14376285
1561373522
1283297612
14734537
18425189
44428763
326979898
43107668
1569006349
2375992282
43090999
1025338465
833042995
551716915
2464859574
202585356
20758193
64027371
181934118
1852253100
228053068
2367093758
243022468
123215764
340164578
9161602
2197676971
93044499
18238849
2463563707
461813971
75362880
871195656
162515802
86670937
436341900
75799339
29164611
11038292
14624924
555181077
20229946
1163411792
1877189666
12123262
14155393
6506012
2156985955
15174619
19998278
15163731
7376442
54543507
2479983237
255539877
263995019
202995154
266510290
53310219
569035187
9141682
43399957
57027850
53863418
6467102
57014954
1902365389
1100978197
14717608
2462242430
94704885
28216809
2330793481
2371893295
196282340
415069532
958785206
17620820
116804437
16393423
404231412
305631568
327375977
498602690
143695616
25663905
2461162075
1289938963
476284753
363089089
975557269
44769832
21168928
54677440
619832288
111292373
2446056205
210700310
2417079654
1405159549
14281873
14878248
2371707444
174750310
147669655
309109753
790948405
15509431
135295304
435300937
1110228704
377974670
848743272
54236288
56099709
1887283327
371179578
84028041
78644795
16627489
62214442
81001129
14877833
1105073300
15866967
558908433
274237793
14842616
563732648
152081960
159453955
87809533
41055686
404849006
155164677
898782720
18147032
1148973410
41680099
196326304
227655993
2389937089
14842308
2390076402
552949648
192210505
18324024
2411368153
117527699
785235338
819101184
12316362
21217206
16133347
69026123
1937572423
2441923878
2454973471
14935799
655233
15222169
202462512
700391390
1039773170
1449159050
2274407778
130489747
240166866
34261778
497993719
737360989
422404602
117847555
2434534236
614838567
83610994
43805390
2360561342
14441977
164691089
14101921
62943256
595781838
42319229
122475517
2304399805
8890542
42178016
9559462
279504095
601281480
40982006
1944610098
2430730890
248972779
408181249
217174074
203653213
54927366
11278
384224326
37782427
269902755
534913768
172555825
1328133546
38893705
14074443
248486278
112979410
249704525
1974258192
2155566896
226678401
2491486509
53173991
110917550
448669064
116498457
10514592
865461828
703211119
57554665
37443104
14315454
17764570
94808765
2399933502
79163883
414881246
7445692
15142808
1726215434
243040171
360797205
34595673
200868169
14088384
219659553
272469697
2449415624
1086494125
2449329564
15915287
532326098
146818962
2448961098
279247949
63638562
765327156
84132143
2447882257
15487616
87185256
410139083
17041577
142806289
86564669
2432229134
258790941
1657131906
14445088
37341744
47746162
216481752
193683166
14727503
142349602
558770056
7639742
334685863
2436524167
409157695
61708656
15876252
2433091777
2179511671
30602140
1380432091
2443988227
5760242
54622668
293444071
95536773
217888690
1079197326
291670296
87167343
150674666
124761435
16995165
147112599
56808642
142332610
97424433
2164565068
272354030
2351522670
522623676
1523259636
219273819
2443990820
269426589
116702237
736138441
536144122
343332390
151235516
54978413
2431770547
130525410
2196738744
157475017
121841583
2439841860
398874895
2405735945
33624383
182962697
21308933
299817780
45110831
134349945
633990951
2440878216
14708362
115651715
1898899188
97682829
19427452
2328909900
2376970996
301048757
31010798
750923550
33005061
406496307
2341715730
101007479
1695344155
153211903
2439162732
2439116029
14512499
1457392741
280473809
2418037140
397734561
214944647
1267821206
1125048824
10184052
196642501
2329098039
238590130
10061712
2428432382
20837221
360342481
4468171
343437104
135924042
8180822
369688662
24148854
17583101
17527081
2450062089
256571732
98600711
43426791
2436884874
15525381
191595903
54095650
326002199
196452135
30682278
193868952
15724067
494540771
2388812432
2150319726
60836367
1859112932
1668582336
2229788606
588568006
135819580
18583022
2435095142
101996915
31019758
10683662
174964462
22288144
421611170
2434557728
836068506
1679274302
2434242752
11153142
575361275
2403041876
16711518
1128508202
145743912
16129286
45126828
154023157
50070542
410210242
51697763
368864907
852250512
2432884644
455139423
153792929
216802709
229091966
249858353
101016805
1558066165
112256767
14497841
1307977573
1401979387
1852540932
15972892
238297331
14652441
89891988
965191843
1332060446
2377533823
2440455027
306894150
106682285
1267378098
2314367401
15334724
2417422638
367631777
982128373
149803123
192028610
65883024
380064012
2360639912
869518152
2322006756
1591865430
998069304
91569071
580832954
2252048390
2163229316
1151462784
48340917
46049912
853475809
1240703575
1292237305
345248429
15201146
