1530253651
385568181
16200020
97017396
245746139
153693886
106286172
119754267
3309908087
17786601
2326037641
847953679
587519110
272166004
39734585
401078547
168971672
3309469947
2908852687
561917122
578520763
2509991488
3237154051
2873901895
2563430017
2779170396
43172490
18997299
57887301
3309199467
9184262
220466069
18105125
3301881
28154895
1107407792
748599452
252755218
2374354134
3302775556
1187374260
3230631157
708873306
17460137
12905462
1975138118
78672727
326364914
2807137706
459654250
28933859
249217275
38178110
747235494
56875642
3306967522
3012358616
3307940867
129746020
3201773531
3252961731
97262598
34492681
70338485
3306829066
3304901999
22919189
3307413429
445775294
132234413
57956091
635560806
3114519017
107416540
1074837858
149988523
3185585165
37876827
517723461
14622477
739905512
3235088347
837862934
3306839187
8150162
1463250092
3302120189
2272881211
2987464312
2291006202
451409104
3226670935
70616645
511590890
3165590557
3233013096
366822986
2882423971
27339743
5069321
3031732518
226942123
106224550
3013098398
2963081031
65618358
593832301
1622853313
3229880358
37014179
2731248769
3023003969
199664153
3201741137
3222844626
2287069722
3303145797
2791558951
3089705754
144644136
319220841
3220817263
84602754
71625625
327459366
2192410158
14519911
19704668
3305633854
985789902
815630552
24154001
335490097
358060628
87197467
964828879
299779777
3159566912
148264613
2160524538
527825014
560381083
71835657
3232097359
281040779
3179685053
3250548334
302052498
385334646
14974346
480831518
17339568
511386976
2845045289
2440634315
111668422
48250537
324308014
14146732
116213274
39608407
444058546
1159173006
1735205552
18073156
205870267
499342317
10339322
2294285552
14830067
3302795319
2945165077
24206698
196045047
749141234
1722403766
60260365
604354264
123625781
96509239
300136892
890098496
355268504
1425549990
241470737
3082760801
3101398885
3241258871
372381205
40060041
181146136
2562747785
89901477
20236147
3219824412
795536204
204814319
133716570
14363208
115683727
300014259
113174940
253317077
3147990860
23221420
18822777
127469255
49377585
16327943
3091772031
2871938593
601660826
7647892
138610131
1337191201
228705065
1947518184
1094292942
386375192
3228955549
2344558482
1656394142
25275225
101471645
1964302676
147638412
89956690
879877002
127555916
119393376
192867374
3288186885
142594568
2375234785
491347082
240816489
15446419
40821768
3146450899
3301347407
211806377
2752984949
388289054
3300296811
3028972007
3300680087
3214534786
607063
46374780
3139964666
173756198
756621
1399854710
17482563
14897485
1245464928
2912154392
61178750
330245049
273393076
548598940
2935551638
35067849
19107898
101656725
52082484
518668858
202223586
28510055
2456886510
47560672
16969120
2499105452
224057384
1358962057
3290912445
532214196
93477514
34016574
2278262347
2716340250
632969165
3166583793
3298550415
154564510
3226615159
3298006690
3258227045
14508963
323326390
17911404
3011961035
148406730
461550712
3298067229
248130396
27726794
2293432255
202654887
473112821
3297792653
19018359
33318167
1002420572
574420152
1481335370
3136643200
100153403
2244549456
241779552
100917723
31347365
2439713983
2860058361
2395763472
2915896304
108633069
22699077
1338065774
412648307
756977874
95153358
3019158144
2475665930
114216026
23846827
32428580
411381256
16134526
626454043
52521704
2427043858
2576463996
2237368243
193932963
17514151
14906253
1218221402
18181145
226457564
61158812
68150784
1366666170
373606930
14734189
105632306
284207410
19390127
110309314
171087650
292566723
2394281790
386840403
195379261
3070224587
24513836
1401006955
554635938
68312143
564641736
411519405
15181321
938580768
3030626548
748246146
2463177013
2324360658
2846444032
25791754
146500043
2605733046
2620789790
3291509921
1339492010
2551991845
1240188186
66930223
215577196
110243492
517696037
566231363
22162756
959256150
427373319
2580269324
2862119305
477761895
14569708
88623137
206778031
225888732
2703437276
3064731881
595627225
251241452
8964312
302610564
19793599
2575061022
5745222
187798070
1360637084
241694489
921641190
1049035986
326993891
10716342
23205489
45315873
1051354802
140112926
2564934655
2148790779
151010010
191749372
3184761992
153850676
733019426
2489778914
3220157700
289384959
331612208
1656135686
339229596
101421403
2561521819
39829024
43509574
449243097
137500113
2337579708
139394953
1103809422
20908638
15558441
1106513478
281436298
15136472
3221177716
2369407130
218692337
2728977716
525180104
2194798802
3186288180
28555948
29834433
3187042737
14984414
3088841945
151533338
148750858
111480997
2360714094
277102656
1598233482
296786432
743676710
68922699
2376009446
3269981099
329941161
14240255
55544531
316545562
33751321
1735599295
17362513
557628491
3288196833
310687352
5549702
2545608373
2589181294
2611808257
2516140408
622948690
473974807
77199673
2882490370
2240935274
3101486615
340747017
3226300847
111684011
3006658453
1696565347
96841402
3202211053
3182467488
1403024378
3103560744
104921914
1419452978
1448451182
3261850948
798692371
233143112
1217346822
439055506
172419439
235198906
2958254855
18759438
81345601
3111248373
458432904
2274591855
33067192
79666287
471900609
3063742065
2649532807
501003299
113058199
1532312714
300423433
47053301
1379817936
2813807797
584270753
30317032
3196559418
95563338
123361265
25611841
3256744822
26523167
3185517978
2857814819
52992121
2854951503
40048298
91756310
1275505626
2827607472
3196260211
58150134
3196212481
15495127
2791551005
232809165
95606625
163148772
3189147402
817590
3108520113
227787069
34419308
1849143769
2547230597
3253975919
3253687912
2999566983
45418183
272572923
11597502
2931046764
1920600781
2876713850
152660605
78595362
133164122
61559282
191678535
60272752
3202629994
115128668
734658775
273567185
2686639870
272366260
85923411
540217235
235160537
3193730184
3157888319
224019459
3239330362
2959782850
484576065
1138073724
2559934124
299347117
415272230
3193912975
947242604
71523152
130926986
3249181533
373121535
62602961
587665399
32669608
3245022399
7509062
312873148
3107376941
100095963
32413926
3240191903
3096716306
2204684858
3151945711
9502792
90002842
923194484
551036658
1402321376
1179708048
1140170238
401589363
3163713387
2426968559
3244696953
1108356656
2525583156
105688124
2434886106
15029582
633050423
133171434
71901967
2382790807
3144624832
18446806
3199970757
130932174
3221065643
3236059180
1062137359
88330598
284140327
519534298
404079726
16691099
395534457
109981897
3114177753
607898054
2541649748
15403990
567813448
2749009088
2801990203
2938201077
21776045
2952749073
3150258087
59030984
3214669150
267182759
3184949293
167877517
2876719434
2720509213
123947043
424703545
291333353
2224444741
163291061
3240198707
84080312
1282048022
14254011
52424426
2633973785
769102639
163893227
30895136
143158390
2360495910
474398460
18226590
244650305
2376042506
1382533266
235948556
29963440
3206462715
1656516348
1339551794
1686636751
3181578450
20810023
573803314
2731236345
220496459
2152416505
97610281
220209040
128608141
1562590400
2981033823
165776763
15316973
445223173
1385907354
131855033
220347143
141143691
14766236
2784805432
2904086996
2744585716
127184009
20716354
39383883
2152132344
24346503
3197972176
263635126
9566302
114139877
121105902
79094524
1937167902
1224433868
3069379566
74662955
214568071
16739757
3240200524
228599495
2423013019
932669431
1532871931
2198784235
27830663
2853271048
20520014
807404814
217369290
15243874
1496638832
2874209597
3061922910
428567873
456008367
91166928
3230055801
1857992490
244543398
402520618
8659922
220256774
493077461
281402902
2592843896
22893749
2980100926
3238413791
118799055
381660073
1530014174
3185594557
2818235884
91780267
242350711
101557678
1394266795
215706503
562632643
218505795
164838483
497209701
234626899
51636303
65619373
3035558513
2320349285
2976328929
101968321
1630917498
3185872968
14154849
183575079
3235058200
72308121
3185722092
622132506
1706846569
819625538
1892842051
218992945
3234066418
140004126
391959198
99280962
117035620
18730513
3131350768
2361231349
104639344
2485995733
3224508821
9983272
533899477
2230640071
1464807043
87584041
544153141
3233011815
387399573
102543080
2271038467
191351522
1322628692
2757872965
220467487
2888399827
159809739
14096505
373297516
17473857
92318583
797239
3184126812
23736211
19349056
3225402700
2213122742
1428190304
183918216
59087205
9894682
180910272
3228651803
1898450160
2755305348
58008161
3123348430
69937475
3162529758
199588114
609015892
99931727
62492133
2912726423
129858086
23927759
417658032
85964654
729412339
15065500
71532517
177490132
226476742
20391387
256904527
3044969160
32320360
18673662
280944415
10180252
120509338
202157857
134887970
2953928598
30405490
3225701825
3177667554
75286103
195608409
3208642773
36817882
310399376
15088728
241281128
270111508
21487243
117498199
184283
636733949
108377689
3101050187
619402454
2970400715
32158226
22022613
264104918
592521055
543469552
486849168
1525519526
331560848
2444902741
2359041446
756291883
3212536072
136187647
11338302
43515145
407204656
2836516473
329225896
2948882673
409463935
56339448
582608570
771155594
141555890
29705022
97542199
3101730839
246399632
31701787
714695176
563403225
3147258232
45560206
2830057736
154446339
1679232908
40673545
3119028594
620331547
138671730
869860951
179525666
173957114
35692263
2899183396
2787473401
55581548
711393937
63406192
109018136
29465162
254576907
380770728
3142697825
46867313
2506403592
1447287494
3214771037
373632723
1153413072
2429010856
862875817
26008755
3177600632
26607534
2335266150
3003796743
18573970
2273646156
3179636163
2380999832
472822258
548919575
310335467
121067213
2924428814
28539898
13457612
2751691116
3176057162
15762573
90470013
3195262695
631973828
2942698029
29659668
265156780
3170209249
163219582
62144976
187484810
23738251
604643013
373576203
306034931
291964334
165848612
410617114
2518627982
107230332
154290764
147003255
1152030150
415025257
15082421
99684521
18551371
975567674
496933601
186397329
27377366
33992919
2913982192
3171303854
29717454
548677587
3201871942
97312854
959928121
188463325
332405862
262797056
17421424
2568737692
28221766
220498583
21559624
3012969976
3170652018
1348860283
348506178
489390358
346859973
1366272240
125089706
190614480
15372032
17273610
25291643
97930756
136740320
7528992
276860309
15700291
45074492
1871208246
3064552145
58845037
26575781
2905115795
115149478
267616398
474305501
17127415
113486984
310937325
3197035067
2745421881
3162218484
105732333
36868284
211810098
56241181
17037740
14319005
813039
2985387867
2768784621
807758106
2828994885
23309029
516701631
1952613986
51386998
2989382153
3195082205
858530677
280133845
178916540
622945048
16931018
110342944
11701312
1552868102
481320372
2883055321
1355202194
615658004
3067930641
1644801390
219993709
102551784
3151155194
52501198
3191980834
157495169
2414961781
2270275712
589067598
1207055959
169154926
2930080269
63407979
30452598
2950971
1817990329
130489321
258083759
146695797
761834606
83841178
156958636
140060580
1172069371
3188247178
3130807667
794464670
3177001049
135633489
3187911869
15103536
2725634174
16010788
3156831115
748683295
2831178707
3165542192
140033996
16220327
390027910
803059
77464581
2192863958
219605410
385048397
716056207
16484198
1226551177
3161230072
45605992
472259859
2273783713
952257164
1125513726
3164336695
2549948520
68676547
138782399
40394582
1519070083
410363212
389199178
17230409
39701906
381203359
1585391318
174647130
843253328
161626723
3139992068
566545491
46762206
3143227765
14769897
517014731
59645768
131039372
1859244152
21274861
2935608694
3165754007
1938953256
106816365
105741797
1083915103
1014688298
119346861
280136554
58689579
3179236917
1197014790
253392554
1701317197
3171810885
15168002
1910145259
3160013964
592537879
51161595
3178144918
2538820173
340346837
194028245
3169836682
174751224
2833695477
3004458955
81410278
7543322
922296018
146586598
369495228
313161841
19922145
2459735940
776214408
262067218
15383800
635387135
2294164921
18819607
2852035054
3160712818
339532356
41660516
3153974452
58001744
3135233575
3173612769
2779040096
26104077
220100910
2761586032
208579475
2654098411
1574241374
369799518
19879863
3163551695
396653937
2969461984
270294181
2178686433
2656507405
363655174
41750606
1463307973
1892940943
2989295320
2999739537
3170378873
1012604425
331896635
64513162
241014517
14568222
14879702
3138103304
239131359
287913152
2863586987
286289780
2433900819
26852550
578709250
493847173
122063560
518142010
16851890
104860030
61880630
2335161210
3165898972
3080886104
932993582
1203221810
442717916
1252820738
918707834
2886448928
3166279893
3081472910
13359792
2452873814
38242159
562982487
1319439158
3150947435
80154941
34740894
108511347
137019124
3156666289
496173091
407557516
69201717
795787015
308385315
232484256
176685127
3156201763
2277978920
3002938911
3152937815
1033567147
1849116462
3144673127
749189264
76585940
3151851205
1134371804
2700368972
1370630438
3153882824
3165359902
3165313973
3165387376
2549876870
29201988
2978233941
157344949
312630783
87219082
3131561639
60343702
12396092
3107173847
132870165
2547565640
3101334622
2237284153
16221473
1238351238
3024906713
127422677
67507869
2441523740
129582141
2153925164
426285501
25500950
1386329466
3146616204
15043338
3139207540
316382193
91253603
401003312
408049464
2602949221
2597254554
146585764
158455198
256525548
3019700087
18073250
573327508
383736630
69302374
64826303
48359680
318144258
19597224
703446379
222405849
16318850
996026408
40904517
171973008
3055788793
2932660077
408862810
3146690000
367956891
158441021
1327884103
101889413
120028406
2600839272
34580396
2390862306
130162513
830852120
2520569490
3135964183
2245851194
10819222
2863799357
25136151
126836974
2885534878
740445752
2970037147
1032666174
264844086
225318035
1556410698
240941199
226462553
28067689
1951817617
3087943899
359158064
69759145
2936916842
373445579
37046167
218816791
41286065
59060670
10388952
2939609296
14304041
3064947039
3069917818
1882828608
143618264
2541132462
884058644
375778380
3034549678
307726210
2612581098
281412702
3131293985
2476658898
195712486
373828903
3145690147
1556483574
210883167
5956242
220176108
22292883
3129922912
2478761650
2399980332
119255180
779819191
45971853
3126600429
405826902
286873737
2729831607
382094862
2876833281
48297399
3055247152
14844438
2940480491
1914549331
312777930
3118519710
2424314527
119710335
16237503
12416882
3104379270
29181545
3114514080
2813509255
179826117
14075498
21574447
62266903
2430847970
614289846
3125553714
49341075
34718265
460849149
2292431450
3124748881
14722810
244174059
870859387
225068474
23664056
2432514770
113038954
131447758
2382096816
3143854827
32779578
132870161
239353961
321924610
39815476
331501332
111287493
80005552
212923638
2330714397
26240604
2894471315
3142926888
271850302
2502532016
45365900
3111016454
2152336263
3137389875
3037694481
14648061
2746022521
3064947791
78723352
2700297588
70789545
2999772217
114036745
294625351
213818891
38086659
82510129
333872257
15213574
100188320
2503328491
14196546
168101029
62135964
318523597
2717501219
275189689
28980348
479175637
179950461
324297012
165388975
26169468
924190752
21081038
261201074
547123179
2170377500
890817398
106824609
3135453700
19610190
64937323
21769900
13600712
213255141
229796464
90619612
144788050
3123546701
17962134
277026536
202199859
3131587779
40465511
241961909
26700469
18344370
42201332
44111407
182239023
2461235333
11256952
3137488332
117753254
224451589
820770186
745223144
2857429447
535354329
171035599
25996783
1668954169
328060256
1277177706
150349428
234360254
2985969748
29873277
2994054725
762005503
17509144
131126827
16402798
38048892
186923614
3131652280
3032441
238633683
3033287792
761453268
426021112
2526598482
15425393
399445655
41419213
3134896964
34659939
429608263
3133878132
168041635
53205685
723007356
20356284
3133673162
23098083
3133091551
2948576225
67958522
148054900
333474992
140482497
7588892
982568197
1611634231
481068441
2550798986
2593392049
302034519
780450781
3011816817
565687964
50397743
90112288
492786891
2590495642
123158821
17504294
1406797556
48251655
19047523
42446214
3128653441
120749348
331370670
7401882
21462293
79381606
378237760
1404119528
17688359
237188326
181545212
1091914388
104594784
2351957653
226768531
74519687
1888440678
2980033359
219982893
295353377
3118997625
618922912
14258485
1598322698
321294889
14457866
177853648
2200130076
3131050642
1385145727
338580066
2843727565
310855503
38745768
206280364
875838954
284727157
53936745
503778933
42211447
2252287556
153465784
2979575151
3122392406
20601603
2979081962
158742936
272952778
1447781725
3036537071
3003483304
1266316370
269917281
53163194
17007177
14192072
159052569
313468660
564895663
144778266
113002281
2981520787
4764931
15992941
76888479
242743449
400803704
11663672
266498677
127804370
19396343
118821348
2629189810
18606341
1246166155
3130549210
3118917636
55205268
293766723
227438195
110754674
372795023
211993361
3064786816
1432338822
488341114
174328426
172707810
104744479
494249500
64397109
627415308
136011353
399500517
181250464
381568871
2209145022
21653573
987509286
40657816
1264705608
615293042
25608278
927816344
2956737097
16831088
3128558008
50102335
216447025
139441237
16039195
1928707242
54527481
310761985
208424592
3043549124
567346188
2386939148
310202040
2160494552
1055705803
394389567
265498128
1274318442
836027264
84533100
3121954360
138119686
294255100
3126464903
445779740
626827943
198853092
173394065
2935056262
2378859859
328969044
191149423
3064948011
68363005
726006134
213323300
2393117634
16924898
33460041
2148312943
2907868598
3121448433
225956251
3116301046
981739136
3125388142
350206926
3125066206
123052993
397285656
15908457
1960401781
417199979
2444396582
2776785590
2369659505
2679394362
149264915
372709413
618467286
591772980
48965111
2329001789
792240607
350612626
27231457
1865531808
14808056
2207873181
3111043369
112696417
590928701
44092314
2336324844
1354045784
418864377
2289779311
12697
2540206070
586267202
227795708
255139774
3985471
185716131
103980803
91815942
174190317
110800227
164647501
99509998
466947433
373693076
2803784869
209606632
1297429736
3112577547
2948474703
73468592
2859329254
1363076790
1222702142
381688971
2892400853
106442404
773664
60221877
19118246
2400480936
216733376
757397419
68521130
3003657013
270693341
2882989449
2235389683
19580436
14672392
3118433951
492701425
19600338
1366510934
391231166
456942364
848891671
295897066
365942434
790763084
17263212
217219863
534057596
16695624
3031674805
110677412
2940559630
41345313
76797692
96041020
14987231
607885180
447298264
9220672
544101195
191212826
75695406
1565397186
1361716446
324349736
14064417
73916695
1089702648
3107923190
103216583
1081800024
2873756495
1950577374
3044604970
2884238181
337851082
2180088332
1529433270
538993068
2326703359
2359423600
2172166855
115889273
6310542
157268463
2594817626
261661070
149040573
464726232
51397673
2291026304
37468431
14623016
2960069684
716074015
135963582
3112580631
780467612
129858973
107714592
472017772
241296029
2971824421
1569917172
1699522506
113478906
183818633
36071277
51397344
2731537866
15473623
1948040556
42716416
366958092
2858541556
239467632
308400360
455265137
1472707688
568199682
2463424854
50706625
14899622
14281263
2196052634
2312310510
3105042134
114986978
16419099
1291106700
262632235
21035874
829684081
14100132
453726719
3107264555
2954122844
56118134
529390249
30182900
1149155154
2769588420
913188192
1234183274
19833990
3024093682
109646984
810166452
24290313
178380578
407082542
17314993
501872090
108029863
3107047985
3107505929
2252100175
65327024
70995433
2200502480
503771336
2787495858
3027197218
174785932
582248500
2788583516
479538606
2239873003
338382788
34751117
3091800880
2284026939
3105166229
1655328445
2842800442
214075621
387859275
319890249
3094246439
72665188
1635841616
204045755
1373824854
43364652
362896182
2696773698
14551096
3032085156
83649442
232705412
582692996
3102349034
2282978018
16229505
944471244
3102610114
25668319
1173535753
199485763
2439703542
1872757620
2607522193
3091772157
2665132148
1215629329
1311219512
121705782
3098010874
7620962
202484262
474275701
3100266059
3100177762
434816032
33692790
2322818982
3095314114
9464622
2153109427
3047584159
2926967454
2788056930
3055156668
46047728
359543767
3095270445
423239853
312555189
3098889879
784361594
3098356724
2936711845
992746050
2883121171
3094852282
21996205
1065668390
267259309
253989892
2891269627
1351092727
3029586754
475979857
367186077
1547422944
283057828
263127742
542159774
97003655
218646401
157391332
453497443
1473253675
35639290
31928786
203702443
285624402
418520752
3096723652
2949289869
2910710408
239813867
78148957
2939304935
2976595450
3097491042
3077494793
2824555206
25717853
3096087437
58975860
27160944
2987959873
46541035
408107549
908718781
3052592125
3064944105
144107733
2692911362
2297226456
91093449
21560433
631443227
79751994
50915644
402890109
3092771459
2938507360
2977603247
14105443
21071229
2488220377
22720848
16016675
2867352093
1383581700
212951085
5905
1650869504
15769932
26477541
810274526
1683356204
193896011
2850143316
2696895571
18206080
3003578603
15349919
390864098
23810988
993957901
152086728
3043387612
3021968107
281613460
1271915647
2331915180
137331897
595570403
1860766039
2588553067
2348863574
2988140475
3069531047
2870876005
903636138
3087987979
47111860
453516789
1877508691
80653708
229644336
3043638477
248608212
1447159194
2895210736
26174252
2867213721
2496563725
433071345
622251146
320094514
454135590
216341222
2421050096
252907811
600290292
132978639
3084261110
3068650771
2940247551
2995852439
913084796
2959858868
1641120037
93320617
2971470374
193434240
274829182
65667476
2921269198
531199148
38603516
155533141
365355804
425188963
3018810895
897804661
15346443
945526878
3060152019
3088750179
17415374
2978112349
2865521077
205402265
86011049
26520804
1261817653
281544814
494399979
230888131
151955328
3033209883
1271657460
89159804
2964989537
2604912038
328497006
267895957
17851252
473683500
14452162
2945584125
11581432
3090853270
269346487
219913203
320293508
796371776
2953045246
1606886102
1653585955
146430325
3090486573
147062558
235054854
1623854857
3090103157
724869013
14302838
91066429
3088578881
63776933
327344452
92780366
2437836103
13826872
1502234040
361389915
2186094517
381357116
3039281811
1272027751
3042907170
245527768
878925612
330652980
3025464273
14477458
147408381
43797490
879329112
1020134226
14122727
919157234
33355920
22353946
3082604590
781328761
372939955
72529038
160266473
2806351690
2367279642
19070539
88852073
178766271
402077490
550413031
17646282
3085850404
34572231
281372510
2273425850
147431345
16885123
15771202
432014865
1548899748
313657152
113894530
51371821
1636157810
11299372
207526187
338273946
62833323
2311145894
42617468
153063487
141592724
232249414
128204041
205576109
2175015697
845884508
109518400
2988892368
87051544
413054111
19755623
17629048
949683800
138825511
199608022
22897700
2823365585
607303
228497561
1641056892
3070935662
1243289312
2848126470
1030902265
3083007875
85657850
3082120355
556995652
493841692
3069218736
81973206
13685802
8753452
26325904
107384660
2517784808
415844256
1341738920
237484038
613374553
533362995
3036967406
419274198
228719959
592469208
3080268508
1260518276
12194392
70638061
346521854
34444828
347829177
47477042
1536833600
306318698
483145613
327787088
63132329
105748521
257090388
789562770
1693979863
360525951
2879992785
46795023
195382141
284984553
57705821
286266756
13978142
2799603263
2651491278
2313996864
161240479
1117802346
1137493381
17392870
533853999
2775865836
240817288
2212075920
319737508
1123962878
166804385
3059822910
2192072359
3073287627
1444389878
62913073
234936364
87113551
51961683
21276302
126331806
14439858
130226707
193044694
19579947
2573232373
16283206
15305332
3065172217
270386369
6047882
603597972
57376475
269486751
19481834
53404592
2268563523
1630816844
2962634187
249242199
2809126473
1235420328
145228970
19208583
311415298
172671640
13109562
1100844330
18879135
70217558
1343648432
376360662
157064516
174670599
154582924
19335005
206087759
3032091177
257981091
173518958
315919609
1550916254
463725425
78928816
33886010
111052952
346250520
336154198
3044807579
3044958713
460473758
3072615087
617064248
17756643
58433759
378529513
14413568
84193656
2373620947
513660463
224677003
21749177
2788732383
73152412
1303347626
2902401730
448952990
3071908198
1859803790
148388154
33149335
289190591
69566706
610805131
15316618
57148923
14088147
3070495569
119058898
1627164475
3067743089
98330606
93953742
72029560
115419059
3070221621
2289309858
2711149018
222195931
65082009
116851655
953644843
2357590461
239929798
14166124
576226626
396713732
27077505
3060848377
2992197529
116448602
323331657
3026095750
189270439
922016503
1332461300
2724317792
113138578
2790702997
2385592501
21090244
405387342
2847809129
1880079954
220837864
66350387
1392756067
216778268
324525023
2486398867
392420233
3061985123
1529121115
468785122
307987074
196949561
98147135
29549871
10407112
758585047
3024793302
3059571715
164632727
86925846
337308744
116825510
39178603
3016167164
2508681050
275647023
2352367784
2749788542
3058034911
3065780217
636776791
784914042
18907540
1575847291
2776597089
3044794241
225151227
47509892
2853952538
17377861
244640435
118627746
108326558
244459738
97833353
44585965
30903711
1070534694
14335040
47218833
3040806039
2592069726
195534933
2288147922
2984244575
7349052
39172962
244353490
2247731122
1799191580
396057395
38245727
3050415841
3064909810
3064500910
92343472
2220753278
63926490
1336213603
105587469
712435285
2898640801
26801777
2949978413
142708836
2569487948
240579448
170676623
18121118
793149
2971968628
117117413
2975245275
591643796
54983637
49029986
3044967082
39889580
114035403
1001394247
3054238331
54578753
476572417
3046589365
388169523
3004732752
104383268
232972801
381018604
225820803
142496706
42589594
17333365
84946028
3044950356
339228970
2907044057
3006212391
776396281
291988085
807656778
17750699
240188707
36717328
3037686669
74745676
2979955148
409243802
1027836175
3042569858
2777967720
1364759545
52549090
940340815
2736775091
636814304
3031055046
3041371113
1101299096
767076704
199818296
3017589885
14408348
2875419891
136147948
15387276
30490781
3020505147
2833284374
21334760
3061621798
1255609118
304314261
216733217
2387767292
2788713933
2237018825
2340986888
550102146
497137945
104762034
17018379
3024674322
184613563
21890078
41953147
1546144508
1157061822
18681092
740489244
18863580
97029059
2267172422
560352807
364868549
77188707
218286588
13581462
2391052728
222453923
3039171253
36911860
2849808333
3039071876
205203600
16543222
78747072
3050161937
158815665
3025996546
67618794
2814398230
38519271
52543921
2417701915
1250530213
180891705
8048292
19374881
15482337
2217914480
207051464
242368776
3030142491
2381772335
2475552422
289774530
278493942
2903318052
22724643
3054471395
11792652
738802555
48647576
2796706784
104146106
3032763589
22252303
2575049651
496663322
392152617
1267842050
203649501
105268080
3028604098
219433391
14645491
139726939
2958329417
348056664
14329193
85394992
3028589829
3035238043
248260100
74544530
3007682733
177816508
552549734
310112567
55130138
103872987
460046862
304319396
243850152
2816415977
14727473
84523738
2996750876
287582324
1167462109
2635244787
191802632
269483245
175513316
109045400
2885473445
3027804323
250877618
124364740
2832161081
214781984
185226908
3047232982
63145096
143484163
488265381
3040842815
227995267
2887225953
20766801
169346230
2467370078
3009396782
222924186
310111989
589651824
507088067
485713380
304989352
57077232
432034452
1524061922
26507429
2613742656
418624507
1257726192
26555040
303438645
202325190
1043025422
68195494
2160511
2927120662
62456176
14885210
40893531
144311470
253316813
153050366
81194626
2855342331
322782182
462707196
2601759146
43571616
916421922
995547564
470817563
2350607814
2802369533
16006808
140853517
2583207923
312141100
299730460
95505380
311701436
609844310
905626705
38625842
76495226
518238203
33855646
256375798
144954431
575694785
373606931
32786356
557925331
2976082689
3043144816
2471523440
17441085
910231165
3042386505
256603288
161981747
3013977506
1603266774
1245544897
379144558
3041331928
3040697591
3041309080
1171922791
109272790
29833631
3026954937
725426318
353447083
3010292604
17644912
75777855
65514430
826754833
47257502
375141331
883187490
1564491181
89244707
3021512778
363900630
2335424378
500066021
155841366
20349744
3030322348
230841458
3020610440
491235420
170950628
3020255214
779360760
1017530198
1367981982
557657546
23106740
114986808
310995861
10871282
2891279274
809445404
1245329558
2463113240
2726194309
3036426826
1233147175
80327864
89625224
3019011714
2766022390
274821510
30895436
3035515065
536714795
306143496
838418700
13910552
2595295712
262280697
2763436306
69350230
263345211
2615315606
154259015
1343278506
1970848320
1355440266
3034047633
125614183
2265528499
285931321
494949222
2494336333
15282654
20042684
113669627
2303307164
1141547965
36797317
84361990
26541706
139821349
118223087
14170147
27643030
24152812
2420300148
356676710
2932481043
637412538
3010750255
3005149367
145851729
76666581
383246750
139048522
57563407
322324434
1468057442
207487124
16923833
466859064
3024032638
115613297
3025249222
215188724
48498499
322757248
441542967
254477613
119147634
3003580960
320206341
251260797
2756249059
22900698
1964244038
2541741070
119662109
2787003818
354364378
562419447
134408013
15928177
1898657858
14416732
144408819
101200734
945509766
130330211
957615518
47731564
118421144
19789481
105181463
216515480
2289255047
191346649
88734532
77444622
24802509
1668657104
230676405
3001367755
106697126
3027886841
14470955
133040485
64082318
179669152
159947641
707697617
8317452
2906199136
3604801
169380143
118669555
1554760560
444625873
298835062
3023117896
461859342
608990706
16966350
3019831144
240383129
2845045549
53887652
14902503
301112573
8180862
2738197665
545739217
10101482
2437915086
94696999
11264112
1004553374
751373640
57114324
66371485
35626569
16684942
478862197
3011187766
23802765
3026268641
1228350242
150401573
1239280063
328318972
556096788
584395494
16003634
14561085
2693396238
571633002
753686598
711031830
36437723
419098654
39717305
282215736
3025331349
16083900
187180262
2269
244493700
1477271
2924731789
310476419
3025118439
1207698829
15630264
326729999
574006107
72059985
414847089
2780662172
308998564
315443366
1943267904
119165062
356160459
374753888
2967920401
71126627
380491301
2429739707
3012638472
87104238
3013518557
1362151957
1911539442
2990494935
2397389082
16293998
59203798
17219279
3023059893
51996406
205454231
46658634
3023008120
17713310
424898746
15284202
3016112919
1480185900
321622647
2905138954
2964892354
59441992
946299553
281802368
2969336969
3019900715
198727721
2969662726
582200118
584259227
633200412
3021748606
61922670
66209189
2553131809
140361052
251106818
1477179414
40622280
2874910589
331482221
364157840
18667305
2286300985
563551953
132169608
20657687
135896111
2416090543
14323151
20634911
2949365781
249633161
359437679
8334322
2870142231
119806517
2501350512
16223892
550946248
100252405
451135523
10043612
438729858
2273381625
43121984
2844013020
604109297
72733233
113144126
152152512
149173615
8647732
192230508
991320786
462017215
460582608
54376789
100482215
838513724
469618207
2631809489
276412645
59055933
3001106273
3019511537
2776234298
230968637
2656970100
2731359862
2997181458
2868299455
160026470
82057202
1008671526
187431914
3014577417
201099716
327880102
3018470295
2997855860
88486557
24476968
200459966
22928866
93260390
266054193
147479529
723565590
151829376
513137482
20104587
212374079
869856224
28552019
1731829285
3015203176
3013799392
6104232
55830396
2984399563
18037660
1379008135
131041316
191652861
16496999
312313089
374360020
101484392
38440822
165103974
17383561
1464355687
3014290161
3014203109
17038251
412860206
14943117
3014036229
185913442
42363417
1058861
2445242006
2263793988
185243303
31249280
4176501
113714913
265992353
106837978
25921879
298891421
206728340
2737559200
3012130768
175513640
88261689
221110031
176376141
2925786818
284810170
19064689
288108385
2992643658
2999511266
2995477984
1829141982
2558427012
454130975
2320894137
620258303
2261890004
32856565
35914310
2991131656
2965855409
2885764158
353543135
314046932
2312183496
86568903
17775072
3007702059
1023445663
2312720016
275521351
52296298
283047702
167285358
1842571399
363770748
200995358
200619202
14076958
89452287
795942014
2693565218
111458897
17689627
384379859
165060737
170852133
3007045169
1134990908
2690251753
173876441
2894312972
73268379
188893802
3004059457
41802226
919534141
318992390
592120722
2833718032
108988366
81836012
2889358863
2978530881
117645390
266345598
449415740
2749518092
54561108
3003605317
126568798
3005481803
778586588
182691245
18123826
379070872
930288613
362035109
40193931
312197805
248192123
199932959
196323809
100781884
377274350
44656158
2446236128
2975391801
62858756
14088439
81955375
22327831
8386192
2998691242
2991835976
280586684
580361043
58416960
576038426
70524199
18338976
348330671
18483371
2808393060
476184813
2152922413
23162779
1258081
3001237964
184892976
300918418
14451834
170706752
2308716787
21560090
231395230
42229232
16257582
2780378972
339066244
2303352834
971662928
385326593
111824177
385228196
218971941
2791834589
132612355
1952346302
1349983134
2153600148
2876766922
475806383
555146127
312584088
52955963
103051538
163803932
1394833760
34327668
86994992
263696529
110487375
3002841892
2412496921
1443985742
16719665
2733812190
2272320931
273262948
2999961405
83849328
2413211490
91548216
2687592566
104802484
16818546
1182125966
499445227
3001169380
63145003
964706594
2811806562
230254008
155607728
89372339
238946139
960946926
3001485004
294155135
373134578
131979309
3001303271
282232818
24899982
56998949
989877506
312476976
2797510771
2296178534
51472413
56193346
374506808
2968339101
128751337
13976832
18794419
139971891
19041087
1940502500
1909518990
2940539808
88004884
152200016
301534368
2993074163
2819903447
71575964
191153439
2412907380
18223950
2924990141
388557920
1705172826
542800690
309246974
18780474
1005011551
14162967
42936161
87066368
17738907
1463609293
2284588277
1270430947
29948519
28637377
275166896
197911129
20120367
468766932
14216582
15194617
1213616077
156589691
1527459296
2775853390
1449548124
2190437801
574297191
100686051
40124928
482926615
21386804
1478528455
63923888
2467488090
1101317864
424600431
190355840
1846412876
14277556
2996992185
2889716603
2940280275
2335606939
2232294666
139812297
2873293221
82828294
111600705
474627383
1002220428
1519668607
2561399490
187812656
2255370452
2946628974
546606458
30847400
448666647
2246693798
2905983960
60163448
784195111
18071733
284739466
464548219
416813
17942962
2482600694
327468111
370587759
173455155
41890878
2858822266
63648530
14327040
2901657368
2739964308
149784816
619375828
23747903
852933306
1551027666
405639930
140861011
563372733
2805054711
2939444452
22847418
2858006099
103622112
2992482064
11956412
2368917023
16833303
212016677
239950986
18797038
390025358
280559750
2991706420
2303120108
2990126277
160535084
256476971
346814800
2664240547
280136912
7766152
586339495
218617850
323182690
2848943022
226208156
508630838
2742352728
2915945000
182206021
321722285
23107932
1277984011
15865973
9878562
1557555872
8794782
454166946
586977157
20052556
1314879860
40772111
2357786493
10019932
59600224
18302832
2468309330
106837377
2821201293
69012648
2960177099
127041461
20608837
245091189
1171392829
2990200969
1275052940
86799274
41323717
239011318
2315532745
47805811
821947350
2773188981
44744265
240240257
138104301
57005794
2986511344
2430396085
2986485118
29598964
17636052
2428889624
1390480182
2986225018
934287290
416915825
2288088558
2369248394
164180042
44938454
151857480
417268781
1015323571
266589268
66342924
15146420
17421867
2989554403
187026412
2931014398
2980909342
89109966
374141615
67088833
2956166747
2478799034
129335062
2537228213
200323762
282699520
75706111
126376915
86571685
2335135028
474786317
209229174
1360604828
609402302
51577815
1640789670
16691117
552847532
51239790
19886523
66033845
85634414
1244920044
558999510
158638519
2975444805
330188188
151859334
249227094
17026924
2979028683
188109336
2971537318
2982615503
26762677
2841468365
2602502604
441009103
59533198
300633688
382006475
65326956
2923147667
366042690
234964542
1622965615
2963888300
919386578
405786847
291219366
541911462
2787596656
2930750980
197158879
298223795
2981304550
18013639
2868176340
2428554750
2210459317
37204580
1188793872
1358231131
2960806457
1663630597
93255540
2980295481
15405249
91170998
2977766123
162844791
2906620721
410661539
2975413816
2979933501
90590358
123249763
438685276
22836268
18017302
7397842
119173065
460287747
14259848
5614822
2416625773
628812300
825658686
2983516478
159618623
1185162192
616131648
21662192
272816881
532222996
207106031
433324216
2978851343
14622469
372280414
51957910
2435425898
45376586
2971120774
190212773
1915850978
96569302
947534359
205646372
32867597
277708639
266635036
225729715
2588138826
220128343
78862248
67592239
198618749
2876306010
18213355
761859601
176645559
550110181
17505561
605274858
2189454252
2963417633
216579487
576398415
48905061
268978283
228792418
168674269
14944684
43671307
2600336683
102923339
151214559
288938086
298905717
1607914436
1056310818
2669498461
91401638
74658629
17651624
91382065
4906631
2972806997
69355074
2974767395
2771017009
356777801
385307320
370026645
17711151
2975516277
35591324
1013667468
2975473066
41343794
383081282
571059855
2963718568
502023446
1199631541
294067292
207009218
2417338242
2957120933
1931594905
2817010356
130121066
556283415
1672887788
77662878
2975575015
884946464
2261472018
225721251
2973721228
567762448
2973684040
945996374
334721794
2576343785
2659458560
2787651019
59059035
2972108373
50356666
116628243
2898984774
2972795879
2954791540
260328104
583971256
154461048
2151199663
2916119265
73300042
2340206551
5473702
157715805
6522042
56129435
37375079
2450409324
82003334
1106096840
4558101
2940400784
162279719
474802013
123099005
2791592095
15304495
2970763165
1582063404
2649092425
439117520
2970314866
413635808
556375986
14095302
136243358
459108449
1322305993
198090054
65620776
186457633
119785443
19783032
243191024
485600277
83778333
187623911
2936511546
1035021818
49042572
47970700
2946722410
288770022
2893396954
64955984
435992839
46635188
15110886
2292685130
549736889
88137730
2779022715
105238667
931343468
792892964
19400021
520412575
743275680
48975679
14250079
2936996865
406492811
16529105
1633119565
264820756
585749595
2855411401
297045842
178756503
2966848900
394686980
14909057
224897676
174756089
2906079528
280452403
223977362
37434214
438178880
450003783
143722812
271874668
36917136
141540493
1509848935
41423165
95388285
2962767218
76431853
277936750
84782336
2684788650
2959847491
2957897666
1633879496
191905275
64384716
298373941
257002103
2882392437
34587397
2962919392
390111100
150317510
148298175
2925566436
2714144324
538244988
603412560
16811483
250807123
65642351
16154967
281675866
2534487734
88363278
50494165
2811399918
22277422
1373628672
2817375511
180902143
2881810475
282186737
2962400733
35167775
384235565
14935894
2953882988
1962091278
100815143
2340719892
22494436
1179229592
237791754
1541410237
340233915
102458699
1179927242
117534601
563846640
2507033641
1093324166
153765011
1482093374
134508692
2194766586
2956454229
1365542508
2953780084
18357152
1926567744
195620071
85171481
1544617694
961643226
2924231947
708934058
2790873820
1429412660
41453285
2853504026
1541190810
16068647
482541343
973973912
2958183817
812767248
138129975
19737402
2422721160
167526472
60283550
154655075
2958947200
2457380553
211893926
80437050
133603601
1375023308
2955386079
2751433980
2181903043
12892722
2847504063
1368725588
21073121
2909386503
2927301241
2957157093
2941737744
2601878605
110233381
2956277606
407203479
83159969
2277856597
2846638019
2225184676
778714376
2946722950
1539420812
935481368
2450212514
832814174
573679552
2955724871
67263675
149592756
125286279
38528918
1528643946
2791140005
387346457
1014012547
2890744641
4899811
2836122869
1244176470
75517415
373950683
329916659
182017892
313526709
93239234
252569311
2654580510
42447197
14856072
14520717
2937638023
56012770
882886178
1209912247
111677646
16487505
15803118
1648725888
2953586207
2951733209
232393005
618058390
423251696
90341575
135217734
309599562
2952799133
112866852
24138532
69604763
2318800022
385089441
44555465
1370505559
805230144
480465865
2943688356
184713976
322274354
52339727
231991377
47390098
2935625859
109331876
285872686
83281840
584921531
5665102
777067140
109219476
41148232
205690030
175569869
395401860
19802670
7405942
117792070
270926046
111210780
46962890
2936403534
48713945
452606065
1098946069
2943635408
35079573
270110327
308709480
865710596
1319547812
29994732
1143542886
1449890678
29439527
2940655822
1625957694
33056807
2893755675
16001697
18835186
925890240
2513644436
381659199
1022415145
1012175804
15711138
2886785631
609504460
115440099
323721732
29927857
2785253655
987563588
623284200
40139926
189851038
5658162
2942614673
46945643
537975212
24258383
2942777411
82860924
25944591
256006515
2926581208
771488017
2864673615
2816237567
2312325924
2855310627
278923853
1423243494
2896669194
203016787
318414618
139050461
2560479140
14214263
197694591
155598764
1469786814
834995828
558132214
74182618
17210523
98024588
82122340
940553036
110024142
2480063900
2275598633
2263020516
2599273046
1280965736
174516532
141215170
921800366
243709809
20303393
2939404666
382757258
2329430118
2941540940
230526031
169645794
430480800
2938946112
2272772233
14059582
1692568346
216070908
301982469
44662749
161730580
417655196
410679776
2865308324
2938299291
242917079
861310111
6115032
5204071
104962541
2917212834
440802674
831231578
126683887
141091149
18495733
2886725298
283895301
515746148
2903510686
310942226
2780595463
558472925
2172061248
50651222
14282624
2936944845
54320168
2290123746
972620023
216709793
1037283416
115647645
2938974624
25107402
1854642380
15954726
317310461
2216642700
916636152
450103879
2655052867
16716943
471529800
477499134
2835699415
2697458762
1906891963
91954052
40730087
70345852
884627114
1142419812
94369060
621141710
13138772
71086098
2565935090
196336145
18571222
313850845
19821916
105172930
2889123268
205906396
16283056
2896708466
2937051330
594349111
2867850996
2917724697
2364834560
456782409
2884843180
2932634496
245614231
124154144
320707604
2583376537
99363361
2887325573
383698568
123033332
2541191005
513226886
460427077
157013738
2282169347
2925898059
2156826468
5512402
2437023211
2480088601
807141848
2588657809
2935714776
215810559
619897829
398619377
515706380
171188135
2921606548
2534992026
26970491
390770886
2900054718
173897932
214550538
2925864779
934047055
2905938633
200370859
36541000
44088311
1977656136
84809411
260117096
313310853
22010625
2729747834
14577746
137200320
56016670
316274593
2615944670
2926998515
23214634
353834422
28621814
321941384
2527389505
2814245983
368204554
15089675
2815061361
247176243
30632603
2871876358
1147619443
2731106413
18157439
357775489
2923789595
2923829158
22817957
1575896360
1346627546
19484527
424125695
445003530
254624684
1367821490
133194212
21110609
15405142
43358028
2925241023
137427161
2925108477
1747381634
2269169039
1680940284
2209000428
52445320
793635679
182676642
2664856770
2506118075
635656351
2920710155
119619818
1606143158
1241281909
871732080
14977792
2616054548
15820095
172852422
2923250087
18864930
2922749080
2900380401
635206099
102324118
2274287208
2929824517
330015261
89432358
169234350
1420346515
942481422
18608036
1598529926
16853715
2819909327
2873052733
2682442540
2875615241
302602470
229058868
457040543
14892022
46747352
95904314
472452669
43716535
2920731515
2867842137
411596964
404494076
1020704732
408608575
233723114
2920151980
2851196937
2924640078
2701517119
19276753
2907069025
1028533334
41621634
1884253544
1214039641
2919231413
56254604
88646210
310794399
67555430
160360910
2740684056
2712130556
36105736
88798136
61673
309007842
185756930
130795548
573509469
628807060
84490892
21750098
2912249097
233261254
2872934140
143904970
181315143
171225742
143101502
1312967016
2459973295
2697811213
96805057
186315379
180745476
117442006
215434079
2596217083
434493984
738301616
44675760
81186976
27261250
55470609
110423694
19441894
951660518
2915258525
2884198946
2877175635
313135243
14979875
1348660602
2915153794
46337323
503278830
16086887
56401274
2914625769
1102060920
2913794055
2247434714
347379213
230197661
7596822
17697345
562196076
341657467
163771612
1274894006
1671816132
187964360
22392691
8104522
373589952
2848184756
40220106
2873623293
236527070
2880867191
297417073
2900690425
413898664
2913396285
2890532607
1377452744
927562322
2899776756
23258784
1920038468
16966460
7050312
313404720
45623623
2862576071
2308509288
385783348
234362384
93711098
532526889
139053989
405596537
84420921
117538105
136190639
429994962
2922798006
28831256
17007947
137684502
18194731
555412510
47162706
63572146
222401006
1619830483
15200468
596006858
175462609
269706924
2923299182
29945697
330100573
69326107
49431155
17265480
781487198
2567815372
2396504156
2911413484
2923095373
81078697
2906538225
17426859
2732340197
2769001359
333681441
17976569
50956346
2872186522
37393063
450849651
2910956807
16817956
1269556063
34897796
195535283
14862376
2810755912
243827526
2794617922
98621482
2315981766
19324723
2840796086
2922118758
2328745040
7846432
104793009
274071190
118355603
947336125
2857304824
2837458276
597557611
763196358
82521071
435627750
272420366
244640790
19785785
200591414
212867214
332481589
19711330
1528897928
2909164960
137641410
174333943
305423679
317948084
1616610612
402937573
2790286156
949659199
2617802185
140997410
2836508596
9645312
14504959
92593249
139768195
260947545
230716203
606149237
203987701
2445911298
2295180438
1093644349
117900152
475244437
633659874
302273948
2905702281
486099213
399899765
2902156844
1015353780
93454519
14856262
435437811
215582062
141530519
107327488
16403978
2818876545
169351245
316956657
30218773
2758120662
230369611
356175976
265966904
1506198726
86286244
14962976
825597588
551159960
20619756
2803972641
214919439
180707418
887542416
115225401
69963317
2874828190
87301883
138127774
41125891
29960938
1128896414
2505967486
2813243550
90899760
168888765
23207646
2790161677
229449281
325363221
2904559924
243817157
202462974
55173368
1494245246
2872506472
1196695014
149142338
111842215
2842672985
14106502
2855171741
339039091
14502861
33629059
2910934068
306398721
730629726
203461290
391986721
1904558300
1472792730
25295868
2900888942
613746677
2916932498
17538244
131334510
47308407
2456861809
38577125
73876535
2789303688
2496171140
2901097760
741044365
461966349
1559878130
28312853
546008537
238654827
221144533
545061614
1086146412
2748725886
177042791
297375887
191542813
212984079
1027081098
1965652062
350942582
122727809
44383157
211599292
242687623
2862958217
117555112
10714732
522644859
431887216
75379714
1280822798
1131279890
135892000
2830938041
886655347
2591694494
1393732860
49350590
25267460
2900232628
2863282856
293786371
441865557
51481650
564688133
14847825
2599219340
2896650902
72884515
514667085
2719239133
2889751463
335370763
2632743047
2856394073
212692485
128520124
100237240
14710159
361254011
1903315314
18846076
21749818
56025853
289948691
2525160974
465853776
51696209
2897143966
21555878
294824052
331216299
1111287529
412885315
50997106
2798171216
2897166959
2700366012
723922146
52368066
2923161
89396246
25814549
149362135
2293352256
101496282
2845975545
19530066
1687137277
1477616095
377870831
179487930
2794294659
2228569369
20975542
28803367
248229885
526094878
15126825
168898888
1118868396
2895909633
2160715280
2895900502
279044304
2891164725
2883748732
8383802
155558993
85395874
860153491
385338009
2723806633
97176503
363952295
44878055
2583545100
17426773
1614631878
947615960
2894181980
290675657
1608469934
1553389706
243660451
16938368
72010023
2718339764
79264655
46881022
2197485784
85857730
30466172
2802769603
199312314
283971656
116468361
33694420
419840039
314591577
1016014878
108274994
48349931
7948072
988186676
42784422
128710730
24945776
106842803
78463630
2851593815
1387663256
901373174
937419990
37281810
2893455136
19593941
2893384479
481940130
2865710770
1902636858
926333112
2876256147
2910760225
789378390
384276534
1718500136
1486962974
219645505
544826936
98810057
2252247656
2413769844
120241598
2910483008
418807955
2910440534
17487449
218593840
759231918
625724691
67860922
908541325
282987130
2553573633
153101507
15826792
2159433138
13982692
91626387
368433653
230920677
21121599
14455217
40788371
2885815983
1664911866
2440459500
132235520
2485078735
307903836
44357811
308824239
2688037639
234064991
296552629
246474294
45316220
244222616
2729793263
48411731
12204802
2886668031
588241173
52150373
102941291
861614460
2909160282
249092698
19457847
240848843
228944968
15846405
463723682
218656470
177516081
634007911
2467530265
19216096
18041999
2484963110
2682999746
1643859937
1609876496
74500817
1286081802
89573966
50396285
422977445
15213465
85176110
859875066
2510442132
2889194319
2677763908
2908160449
85926871
22976363
2907930594
1554875616
7774932
87869725
1024431001
114784342
20305889
38910078
2888342639
2867512007
42376527
10039392
1083727800
66787396
201844853
867621151
2809274493
2862493982
198980683
2259466602
38292328
882527166
1405819920
906828361
17968171
124854170
43934803
2887295345
15852760
2435106595
341652292
946346712
56924361
2886612047
636182461
2886748419
293154675
158319624
563601934
260345720
2666111
793804303
2905626446
1030396926
2276479436
151508972
18325701
15820218
16244494
8767532
2885945355
92852403
2284130526
9175172
2878297234
437265717
242672820
2884767315
10303102
2885582662
312477253
7206292
14888033
14829650
110884932
624536267
135438411
488340269
220347935
37836873
2885240819
125831386
53050338
2832243123
99090535
2531497131
40093144
1266818329
2884515459
119878529
1836126486
173122837
956382710
1698714703
323067072
134779344
181196701
366846157
102265711
206386791
43508785
441952333
50922706
988659830
42841701
2478215064
2824917297
2903391746
2903305981
29371009
28061287
1498078405
148751516
135435593
38191809
5952562
9931442
2808528311
