2672794867
21367752
727524150076694528
4605200782
160704186
726344293242298368
103621016
174625121
1662292622
3302935126
7355712
4216995922
722452627401748481
727179619401650176
2511732673
726153753913659394
217309820
1666174008
1269279116
1587701683
716977919390666752
3315027445
4332610895
2697888294
14307886
709698546975412224
797489072
1693259335
211612258
2935461965
44362619
727065242493145088
516917913
42487377
142040444
2463501698
255258268
1250369473
722114219546669056
44303725
1271954018
4751469942
3392603459
726709023563747328
348486200
600742589
13150582
2510536761
1040177376
21537610
30518196
17697755
304014148
726333736158150656
198852658
140897902
3402813160
64149134
36968068
17210874
1464708144
135244312
