410107894
3142920134
20511644
18312815
1049734652
212504360
334326965
302212774
4861063634
80329279
64442297
1903154492
2679530041
4887208919
2769503713
4891438132
94080889
2741466618
1594241438
291861552
128257139
2905376553
602904816
201866577
17030502
299309676
117734261
437326142
178334990
116974911
149716453
126961618
77619604
35384209
1353368106
42539929
58357794
32545798
133939475
343497686
4892790358
42846457
2166615518
51622147
175613063
45899402
2198794778
98164639
143453116
556359087
535853518
68481673
204149783
261659177
1473857256
4897591949
4902862127
178781809
4353237922
34420110
244024201
1489799959
1164048200
537935948
26162944
1324250647
4888573633
4197186381
153440528
20199629
20698931
1384400034
984467052
213630712
633950688
224256448
169966760
840376844
562224827
109536335
19355019
4714284694
21672825
2284211090
78390504
41344768
571821150
19486756
106781339
699195288477659137
80230199
296164469
19776544
4860241668
73192065
3712258697
4900973354
487091200
464033442
112948582
4928253341
700384819709083648
4481391314
2431739348
2975383650
517007964
106734919
47093931
394849483
700593193243451392
140209740
157640864
2630117820
2219057436
8022452
350491377
2380386530
700734151176007680
509427184
2840578788
32294229
2835729000
1956566456
2476388996
359942516
1119596683
29400646
3983084661
420383712
4734736874
911283007
14767719
700396192111267840
326122577
3940419579
2505185390
2334594785
4894950520
3985146373
14102071
35585351
4921284454
219706111
127158990
260482781
382584903
4542448156
359439491
1900014812
1047973322
3166170994
701605705032175616
4894931686
359903625
300322012
701802311941824514
3812674221
2389889588
516664616
16349849
7139162
4774803268
1528949166
4024028483
241215074
4914931145
284827640
2938301236
10170612
6189732
2891372989
702340941051510784
4210180877
1381068211
2375618076
701840376479531009
3447727036
381912027
702471054690803712
219727619
527109779
483154342
2824478079
39748169
756472796
3289727265
199576065
1104180608
2961403242
173449951
3162870481
1945102250
347449538
51776007
1418101584
2431380389
1135173182
1618318910
702748413679509504
2233028948
66726833
1949483760
75832767
39789794
17405428
3864701247
276196662
39956799
2447118056
398445698
866476286
1412241468
14212419
703847408124342273
52163030
2291605454
336458551
1324456879
218252239
3297043688
53410060
75264060
3369527954
704347194363650049
10184442
428991209
704319345023950848
3072406013
48057115
491599840
2964802148
34202384
3434812151
52781200
143378383
198966972
801375037
129896692
49171065
545123360
422828615
996912446
704371455442587652
4147562723
705106770293690368
16107471
1002215401
1264563859
4411840647
3966576259
582699838
3321024600
705393400477044740
51836304
3519850817
3379442621
377431232
704701980850126849
322881335
2380786724
1429287840
4063992329
127071570
3888382455
4909293029
21849742
3493744286
332603400
3079420435
246575811
100942376
4414568434
68333255
704440437029871619
2213656585
703069584740347904
57292184
412163142
18119930
379757474
114315301
397573135
3320821304
7679512
702968304302882817
192895854
18832531
4729093792
161894044
1344901711
706639247483076609
706726947947024385
704211172552265728
28086931
24170455
402895813
27499724
41557782
191874589
1140328105
704517454752395264
27582089
10644602
64167462
19603555
4887618916
1596332809
1355642666
241406951
707302306161803264
104578668
847139857
379124821
1694597970
635446751
849626299
707356469512019968
109550596
576412089
16535455
15697660
374136562
14866012
564541760
707960646634250240
18040514
1855914938
38070361
4917025002
187361368
884836171
2197859852
2540414154
3075678868
20600353
704717374478417920
129173944
24301178
2722190394
996818786
1643782369
706750846197854208
4883508446
708693800915349505
1488226322
842473627
470635009
2416904480
735931394
162317975
4277998949
709083530656137216
290241235
709188562462314496
2929722605
387390868
709217360985456641
706711654625456128
425767756
2160399925
709446517950652416
31873106
288391812
3903255792
709530341921284096
3041720618
119953748
1122673591
707902291962150913
2749423770
708396470773399553
2207344274
87957500
3550749023
831189012
3183873530
2234599420
707413819581186048
709870663952175104
352061452
3021364199
21113475
2203547028
2827960175
709065815606296578
71356475
710178557255876609
612672574
68330976
514487018
613036762
15178679
16095150
2462134800
4546168456
339913214
304383194
447788463
3608937257
405391373
229003125
4190140395
710619111106158593
131400367
2231362423
710800152462757888
1029493664
134432411
4886857726
2989026403
35167663
3796251914
537395297
2468420174
4829730671
3089711661
711172782898302976
406923325
163103609
46746220
2437648646
2650901850
108125888
2803688252
2806997962
711579611562377216
2790275389
3331540295
711230721092927489
457394695
2647789910
103003732
559507622
490761762
123494727
61742547
222688052
900601584
23084440
4874501352
24954573
191488506
226013635
4491257714
719196433610620928
19644360
49054911
4020634152
3238551898
10179622
3557862274
712578499442249728
4776673588
712398789433303043
3359309626
282411471
62869839
273264217
161278012
2850328812
85114816
371983505
111350506
59519000
2678537724
4746096907
2240912743
9001742
36478720
2608320865
713291625695326208
2456225436
2998264254
21121554
3240302854
3054389084
176155400
16250976
33783592
805249987
90354135
136141288
196267413
713706083970252800
1915192669
22856103
77878005
252140099
4306439301
4491591492
249813566
108924458
4913587719
20924180
3191582031
225556481
712954624144195584
713010512351608833
7028782
297021335
292948347
2763484693
2876396695
179928888
3056586880
95793472
3427062859
2896070964
108463403
714142929095368704
360546614
714713803628421120
4309619172
85410758
4852390654
58041634
279858593
2323788253
2356428480
1400405784
3170886640
4853969883
180913433
714981943432097794
39273044
763739544
714345607947636736
718111764
28265061
715031875765604352
4806214823
169823132
4907319918
3539004493
407518004
2592084074
267510939
715581350925864962
715594579018452993
148001777
715625990882467844
491118823
1723396758
3244638589
14348618
3182105791
388858518
62079170
17732018
19811781
294517853
58218455
92988616
299549551
3256160306
232092920
4588772477
95645954
746192376
56276516
2721560710
702443737876721666
293771250
3171064658
109736946
2578157408
232894874
712164267064053760
148982696
578562930
908541325
295623465
65942837
1554272780
714921739495546880
366100309
8259992
971779621
1072951574
95508534
3115946105
705662499622748160
385272319
120418926
711471177705738240
216595808
2960140371
3068472369
219093282
716996963129040896
3300619347
3421896657
38112015
118947694
714816691247706112
2299510262
313274119
1614642481
283690478
225543340
210088971
3993782776
97342603
22737233
717198840533815296
2891031204
392766267
335332935
95890024
1671421386
130772991
192650396
438366063
29261243
167471923
3434415575
211375165
4196120337
52573332
283536988
350414422
2804366452
784079618
1093078237
781449613
19513245
72603534
14183698
5838952
21067647
22099227
1456873177
120619330
233782862
109207172
2783854010
92510943
78812307
2786960959
2904606135
156887342
325479513
37343876
1645506198
163029178
163635875
234317596
222611796
712009296947634178
18741491
714221606915149825
702690636370083841
16970414
58728841
135164914
388027719
1161738296
2885912375
2205192457
2835038893
768865820
597569344
279588195
712373743264333825
3158286833
2189567393
604643013
3255391892
2711073666
85682613
2507862597
719826877448372224
44769238
800524862
2744379457
2219717210
1356998251
720681704831066112
47225369
301323476
720830729416912897
720983168560435200
175163225
1038292578
2358244730
3193892366
1481528575
110416976
720641744149331968
721304580504608768
380424283
149527549
63104460
718408337365278720
721380766555500545
187849689
721610017560858624
2835924025
714685932163710980
2589644580
721750971240439809
303312015
66205709
117449680
281374332
720938715917500416
2457002496
75884165
231259570
165192286
395539453
719475656145379328
165448353
44127741
4684851318
4889822437
4417686515
48976294
129637254
3998682376
134095915
93047898
299170560
3287635508
1311681378
2318316500
377546575
3474791892
18575494
2294416549
712494547
2456124416
723387924520177664
108286488
64773377
752028078
293995857
187355559
713735934915653633
3099839695
2920035485
1719898650
17794589
92377611
723394838469603328
4438467017
2877912115
132943695
276261659
16116457
3352926261
22332176
322646593
1405435842
724594210956029952
319873178
712315323442139137
1196224681
1195267298
2754615308
2671098056
4927617545
2921583059
2873502526
2409778164
1664031475
37686479
2987910444
749995687
2369111959
723245367463124997
720810570505543681
4865268545
725462603607212032
197005204
725216447488643073
2892710794
4848955572
4104880395
196501286
3577638558
4520814682
26822713
725994580340940800
2751762438
1159353692
1882758968
147673770
487585190
958766401
2794202641
724943085331996672
4162188081
284310097
726478983672516608
3384918238
726502916819800064
1901937318
726538054291202048
33106429
2499080970
2409526268
266664373
381592993
524257090
241140437
447150172
2920102292
4118148504
725784827434164224
2516605201
758782118
710365079259258880
312298651
715546391301505024
2986589687
727609525289820160
3318606842
2170980200
2249002548
590235476
968214164
2579123455
2328187961
336946068
2294647622
157371285
347041183
1458524378
4898197966
59260846
63404306
603001005
720544348480401408
4757149195
90128678
330380154
1011962983
112822210
3300822859
242653169
533509442
19162093
727916614860034049
386255932
14660574
684983
2334000877
316712443
725405622901084160
184809622
2842320693
727737152579211264
205427320
494356474
1032543031
4076746695
1711158002
14816411
115064351
529406869
2584677434
501255721
4716222128
22540302
818948858
3147758406
974271145
426675136
718857099891978240
4665315985
4926817558
180727989
114130707
730396472743591936
2434383030
2417697956
57844845
49907650
516242693
42711533
791219628
4838017586
730731488845660160
25418361
31557938
316635655
3234883685
730909481194807297
50004819
3027670869
124200211
2384774035
93842094
729969468227657728
1392108834
731186157279576064
140494353
109703082
1620418430
2231225700
720973263954817024
57852890
1372531044
9895482
370743511
45690737
438804142
69671702
983097530
234510704
394070528
791876526
731497789679538176
732218775626502144
2987464461
183729680
447452625
4479560596
275643077
331003935
167534608
612135517
716887200772653057
2165255587
327301790
2460646364
71054088
50102198
86816776
732502055303057408
206362074
40491160
710191957604229121
719073436434206720
39945489
733418200168194048
485070447
4530419968
1417088670
19959964
481840636
337208188
4250772927
354155724
436220405
731143281250275328
321626097
733835056813334528
700605839
733926991024533504
3220265498
3007886827
2511861392
716214844786143233
1376569604
4546769121
3266393089
79120503
348087539
3267486882
734352159286931457
734343470098354176
246814892
734401397668642817
730665266644914176
2173568760
734656254757502976
4645419691
732243794649698304
2195724427
40632557
1138966884
2701091359
253888923
2778432204
2597466282
45680120
15900644
3141481008
712571700295110656
137617762
424888374
18189158
3303412249
1140572029
921444930
772483764
96130777
3146994723
4696501104
809878880
314524257
101692322
155806284
723586565725802497
15194418
43028023
2660096592
2262126517
736073104175157249
736242425337905152
736621034397413376
4758426563
273813086
246630011
18088986
727109566475935744
13612812
710544457
736973721999527937
2414875057
44573995
734225370585522177
737109588307218432
734744625638821888
2635258837
708603348602134528
425017333
977532660
40298520
2269370304
48114409
315473426
557316417
586165991
737651642561138688
702519565
12313592
81770712
737814956901441537
4345388652
16255615
1469400384
737991485358907394
2494373372
3003208726
423150082
1239465474
1601790200
3098156070
2726333139
104124325
15300225
312523029
4277300680
17640173
2843255005
343294275
54950832
116217190
3366296296
52196661
47304287
56490044
616225415
124993147
16115987
3808672998
2931451847
284741806
198226751
371437938
4324223955
58430366
7550042
3315377094
16134450
46132036
4138612679
214735657
57879241
375856362
121483012
123151871
15436161
7735592
1268746442
2398359708
20483
2996565680
18719748
342829115
30729612
515855114
89264594
18903420
570805685
87051540
389374580
1539822404
36621463
2449441649
2481588974
603449822
803221236
397398272
80867126
281936245
4469922029
1941759128
1284314156
37413496
16237121
159027299
140297320
406136056
724518961
303454069
454681372
515750320
857045190
774664
4614604576
1106520674
834128432
285568450
969275161
979736965
167355978
3296262809
776746670
17193275
464282677
40796404
2584066588
484654104
157069574
11300072
441565461
423104853
18302369
84512601
183300784
1963944643
21362729
3316895223
111644778
26379689
142300253
740613708
218527976
50425301
93224926
1853796314
55732874
2471839866
4822022243
21284013
187570404
15365951
108888314
300186393
2830597393
22907526
14105129
597480246
214406343
372806711
1704161100
4794692436
218001450
142415570
222858045
12819762
393254195
4714140736
3289126752
517705687
74863
234986591
1442240323
297675159
58463412
2545355459
89451259
19207191
137821185
3018098805
1451696880
532130303
16936092
250561944
92120831
168401974
15375483
18818733
373949373
147169626
388429261
199435611
3165282255
4429974372
3398879453
1056166578
210247030
110673160
2932925617
86582837
181500735
17892351
575082904
871415532
81580654
214823534
104136587
137126029
15091997
2795737812
15654303
19959538
262543897
300833382
29661309
224426465
3053402633
14286205
262084718
198991081
399050341
4826646491
92814001
4917180475
699721849836584960
69070821
2163875218
19103481
215705660
23209721
170334248
95452833
2996689655
38467608
2538353724
1894522195
2361441024
701550707544088576
2945805405
865305697
2455310089
18380617
4681763371
140523371
2487935676
355425827
286485770
6742142
14073560
33696409
161665970
3382481302
18097208
1620025602
4610047241
16421086
2743734059
2719323594
4871438279
3441920353
2245398626
444321396
2574606914
21415409
727097378407247872
4873590730
703618009647214592
2461398326
84305683
995848285
2179703204
15748485
15066954
14782935
347407027
4860616312
703433
607210964
876192498
4694535756
2397878708
16529453
59179308
3697227075
3106615574
2290861901
385349981
261631214
12669172
773641262
2516066134
1604419182
360379597
1723977241
525507272
38720138
33818896
267145007
2984740868
113829508
171613435
16452121
259403751
70266297
37761279
3293345632
816653
2900645556
244448690
1193661258
267248016
635382254
215396742
4822816990
212673456
3107807219
291056935
13493602
2807303344
16629451
2176738962
391417590
712216476242067457
231258846
14749606
334678478
13334762
1198537832
2518422840
177199334
3030819729
119466092
2865449416
2910142866
502046804
74166322
297912125
2359947662
2645913470
716891544712843264
831537756
18266843
2875761513
298893516
4089676642
2858927345
3032327928
71894064
3396735767
24314187
437820864
555955858
716462892967538689
852695852
8166212
317518127
129160495
417114659
1900050547
140400216
1138959692
16350948
100968939
723165734503743494
705126645544255489
2531997912
2998348698
162912494
488355767
2292883632
194661889
402798291
344203121
189248404
724729810002436097
59502665
94828525
2490722284
112956297
280143398
1137746336
37500116
58055928
135244312
304014148
13150582
3392603459
4751469942
516917913
727065242493145088
709698546975412224
716977919390666752
1666174008
726153753913659394
3302935126
727524150076694528
21367752
4707506323
213269937
21537610
3086355731
205437050
13859242
1608310442
2879888335
16419663
3972348733
14146294
24031670
256494877
1307796572
107032314
115180931
42404217
14146389
38971803
125485258
24160034
4648254978
