132951521
143365742
1538649001
2428983470
58180350
30580722
30499391
1139189292
2462126002
332363187
22607026
2339511636
15761627
364974203
120386680
79544196
48975245
10827922
617286280
208658697
453147972
18185870
119520714
175498547
2460643972
195890302
281607769
152625396
230426185
1481797327
346709865
947388050
84320588
38697179
17675997
458318964
1298604876
18394327
16081383
1217836412
53268923
2205989739
56475002
233606611
23079465
179094153
415821494
195377044
157976870
24166026
17753334
33988099
2230531382
8277342
61213537
72506122
46375253
182349538
214907955
17099486
2205598543
200030613
381045123
57714443
83404673
2424155094
146441370
2430722805
216753269
19667652
255996066
58115937
2370835129
1170048942
32832006
80384439
2399258528
2455640327
145605472
2408004685
170751372
2420911699
54902191
44091804
30968336
272647297
5810732
34724518
144371286
15226588
95743026
17477968
519859604
2422605246
335549778
10245752
65642799
2400273343
1474849842
2418755330
102573060
448259189
46976317
536553613
128374277
31702887
23418645
2421703160
401707651
23414927
641413
1040137176
30243559
2254447591
826721618
2180719280
1527683756
37579915
302208725
125256794
1326496782
235980724
2238075025
54564661
1950059881
44186702
2415633108
92513268
14179318
1118006072
14612857
256458913
2312557094
336936263
592595279
34062524
554771829
52669410
296506714
103531636
232001263
1242296124
34737538
39983383
169770210
53122206
1606280024
2419279182
2275143602
45721374
67900704
74198405
619977708
269188727
2388035515
16622863
434906858
186662749
167189676
223917454
2445225923
2409128672
214141831
1209913940
1467452047
1355452856
2189937176
2384119519
929322806
14164231
46678066
153079720
2416608786
48426372
14795526
2416416487
71774139
19077601
64455083
5554432
148577477
77822172
271027835
492867831
144812960
18451839
168783563
265927469
19918443
2374016311
16183910
405114407
296996567
1139800088
184683907
784375928
38467305
84690711
112700917
871953324
36641616
27734094
103303375
130332644
92151140
401982448
41285254
16692417
2414578536
162051798
863315016
18732364
257979441
50697276
28527168
44582222
2414029412
2413861292
231955132
492982010
56603520
2393914758
6265802
4463201
35976539
2226675649
148096720
462156971
18113520
35992705
9518302
2407415383
2435243045
2412960709
134523995
15240846
20349131
2411886049
42083667
1143870019
806809716
1514382516
95644238
27617924
12951812
36848867
2412567872
60557203
92635061
521088597
34567009
706626408
19456469
414685669
56969310
474341847
389718245
114279830
1012998914
1421259282
393242615
68510545
23218861
70023708
23562095
2422280831
2410750009
1493604690
551661533
182120361
48760306
41497591
109437437
181136418
1082612220
13444612
144245785
2381520733
2272222304
184987483
35289620
17517292
612644469
345054159
822254149
8250902
99708108
24165094
27735297
598392597
450004984
15979385
1564586341
171498211
14624335
49499400
16421585
2408129623
1566939354
203189409
70793697
244965762
216307120
2263141348
44333405
325479513
606156034
193734993
212005993
18550943
456559876
92220524
43021848
117286226
2406203720
53631562
74398664
239376066
518624028
2405083172
220949804
268971958
364380831
2391493650
222292539
2426503505
57469284
2399616832
2224900734
1549049880
16322453
22386325
6811282
1543992487
167134256
21638876
2403921360
51221112
52003270
157000394
17754276
1974213758
2403011136
634484251
334288645
311044670
397144465
2364272721
50333648
630062554
7609032
536207117
259977511
2178696943
94134008
2401985250
436078843
87161528
720016735
2221530998
83257497
69670026
118648555
2173056434
195677493
137452711
384770047
250272957
15734007
842997348
707766127
881147760
442103892
1470661393
2308267856
15984783
2400193723
234154718
91937061
2400062310
18093564
55191060
2222853894
2346337038
381040347
160881837
45801980
228058744
88906682
96636141
14969326
1406205770
620675246
1701751370
383780802
39808404
27626089
544359736
93966526
47608199
43937422
576935034
34396738
8140722
42501742
28668896
585796626
182818718
1894926121
109112613
69606365
200795366
2234313726
42473641
2397461364
13601652
70790234
19226845
420480216
332775335
2216604342
116626887
14789364
414194200
133111716
1060851
2277039097
2257395771
3856211
263464725
1305849794
2397037056
41986058
108395697
223713996
1135276950
545456218
2214566577
83795190
219635013
355780633
275476779
250057551
1354998252
35206760
2217854106
55453271
77524351
2396358510
1708783939
231931663
385700682
2261233970
2389810854
64899057
25500396
216425061
2395896902
54919596
24752460
152946556
98314267
589130264
203502450
15926049
2328937405
413278117
126893611
218605021
2394563983
50587438
286765616
2265421081
210581259
2391023508
401868818
16188176
18988331
14884933
308134046
1416670326
2282402671
2235539966
452854029
245020976
1305528241
7828552
2392527770
2357240913
74337507
39990969
14249875
19247841
309743488
1068761876
20791945
2243505168
14836508
632470137
763646953
53923606
185056011
25038424
2356010659
45194736
89756474
16817563
2329953174
290751813
52457779
2412101212
2390530663
18679427
15807128
13341172
6009282
1286190536
183972330
1265322446
38427300
506635955
905369432
21589498
23425293
2308237212
99544829
1617959516
2321489479
2287135416
102309657
2387895614
144966689
2278228724
261650664
301495704
312190592
973366776
377360336
2155733089
2385811100
414006411
713180377
2301113190
434254527
27600175
843203814
262529925
431031170
11355132
35426681
265785644
259523982
2332596416
1387715599
2189624909
2203660645
38260028
429728495
476025466
224107496
85779150
262184180
141263679
321306890
136580855
382968865
85661879
145354930
2294351804
15032837
37648659
16905200
302334945
416965966
335600510
69263383
18875150
193469994
217026276
14076528
117882070
106239831
425205836
275613943
216614615
11193712
451052626
65393992
14777178
340733527
20569791
177927002
53012227
119486601
388184101
142783524
269710493
349843835
103665052
431935738
613273686
2172814951
600858688
2159817072
1106120894
1239687474
381337243
2379343153
220700467
1427488537
762505
18243228
34617979
20144274
1490888982
1688132502
123548193
81632082
330897285
785317380
399656769
2157980876
2381470903
47849284
20173190
820964989
67770052
243279429
18869173
16579759
113432368
26289912
72106075
540121459
131203496
54384054
316030521
123571082
94285119
712694905
2380255992
4825501
58739283
248462419
146926128
16793471
456759583
217401825
68655992
505066694
1234068055
772005062
452331350
15188584
853927800
2378127158
355892635
190988374
1357955690
200994305
8966732
1050286304
446278719
219653878
200190291
850932860
598817351
474234021
376103084
45289550
2162309646
7560082
104281362
189050486
23565655
89507631
278113704
227259925
614338673
2324575632
394110521
383324287
24734099
2327233461
198534848
5910272
34859911
487596544
140967634
16407958
94871785
16476434
550925361
979680326
582143692
711058985
14599502
13038942
8046362
206774681
347166014
77703352
2316235039
156970510
75437611
101898158
59096255
94387273
1266511093
2386380538
17591382
21871522
88994611
954110334
2211616705
14388293
188117648
609264841
208202637
2369345733
412507164
2374044846
13104452
232161642
1459483184
192360430
627855289
66360450
1160980573
80676018
232501375
1107380982
1325016469
1729801530
195862898
2333962831
1887861192
1929288079
1630222399
79334973
1639033632
53158179
60499732
469182021
2334603275
2343022042
81974896
16905021
36190850
780411235
2194729735
1390834754
75824559
243016555
160450130
7739632
2353715473
41762422
104744248
443586998
340959662
402831463
131657619
59497655
17205438
222926755
44820772
115780846
4566861
11087632
30850642
56387205
54165976
14283769
28601180
1223754996
997713672
436141246
73444590
2335765081
14004552
2337947594
11311282
1284491448
58899150
1096242649
2347057991
15099453
1437198368
308218344
9123762
119291976
16743320
15295342
133113605
39955159
14520881
291505003
1296281
122801658
168994270
48166703
150637767
29108416
1627093759
501312877
102995082
1030284852
273089612
14623850
58750130
2293905168
8345072
98066273
2323176637
238729403
60319420
28145350
19061850
59221618
220369076
709676046
564140633
183566025
622485848
2367079932
523030088
2330466165
42932196
15204057
2371288191
2366273984
23298389
158168900
2246752889
1359484508
2351449851
5447142
1605166375
2236754797
98703173
335165905
145509147
2350463960
67310432
2365422276
193789749
9475262
2351856954
40855907
416024627
18931882
1602409652
487951863
2158724300
549508799
14805304
1603710319
183359302
372990933
270373012
51548114
960985542
17406474
59348589
55828016
1356819055
2368833891
9793
89747872
2335320169
30630363
42882100
2363811858
543177881
17059654
2241626794
27802311
548814326
59064827
1059741601
68937071
312175703
46280743
145716871
1910882942
301231041
2350054298
86916604
6643422
220821794
3115741
473438483
2346586400
420704141
1965350263
115170758
1062745148
471381180
307175097
328424237
1375245122
96357481
1433893369
158000817
95430276
20687735
249967818
256316488
52458464
2293064352
10145402
2361350640
591875059
726892579
608555497
126392057
2190669404
14459525
133049060
2361159374
544221872
737413
2361109694
926158172
6799902
127893035
1475005255
749405076
5697352
121459344
187369409
325809667
86084853
105223275
477151722
241634480
2360014411
1116759264
61319793
227342977
14999726
276270594
15123161
67614241
2287402721
15453920
523199961
2359529035
426866702
389068870
93491347
2217603739
107472580
143427398
1199504814
293542709
1567179955
2354341668
46331746
2352305593
1180353037
16129030
2329050620
14773244
2358058980
1712214829
2357954586
88643827
29667639
1366407516
114965624
21588945
119979534
17678474
150820027
99524591
2356884464
330565692
253714024
76217824
125652513
2308855543
2356664408
58577520
2247034604
145108506
449204611
199328292
54506421
15489277
18913839
15629112
2319294951
57189485
348078340
1438013328
2355353773
2355281990
17590882
894053936
47110524
2308649525
2218286428
68936285
57934678
368880151
19275292
38359612
972351517
912916124
432814658
627130528
91974463
125741640
2353789446
352411334
608400053
29659552
80800764
2223516397
319760362
420695977
80407240
237720232
17937548
299018618
625386965
195010952
153375111
48042870
14921477
2347862660
216963007
569733868
1448096437
14405825
2245657978
2351420596
826102982
73473363
92849070
288727097
135804292
567794882
72018339
796953338
172762029
333452079
2156267037
2273574830
292913766
42866380
14559999
21076962
374744888
389840337
314934679
5782562
40176235
135249820
15075164
181559576
289802307
1274875861
8114482
2222028122
1425414098
91161550
1673105790
207923921
35176181
25667803
34586081
2263600177
57003360
461217858
88845289
15603758
145905248
15073076
1203570481
62501975
1398929732
1475241552
105267116
134594826
2263228604
45302475
775682450
338255431
49382658
73091658
23151580
608525134
68952538
827482250
1942156681
142009511
226995479
108485421
1911138973
44779503
484734302
420237648
895383968
390735220
1640121379
623101503
73447823
18436517
96832562
21066460
2345826379
320703281
248950157
22308741
480307490
232865310
49010486
367791964
17249910
1278865668
15820392
229773278
1004121744
231736761
208587286
333288920
121603577
79952998
51184904
16195979
186917765
581484407
17488780
337141977
211140472
2344130107
116522115
2303799420
2344009452
2344009105
14969828
45697725
436683559
29054948
279029076
333222584
1225506690
37783390
76712676
1949856368
535772299
124217117
1530795906
363782557
1955417311
137598568
2210431
2267615318
398766380
56082421
162510923
18151721
310736545
1027621333
587280001
133978819
123321491
425065975
555383061
86102743
94148818
106495028
481657405
12560782
21434131
23475110
45668119
175960610
134187761
15767851
2190589639
2261772062
40843868
343689230
93663655
109797614
2205009715
757657838
2338919108
2338096519
52873090
17307609
2337721187
78367928
40842049
9999322
1277273538
293968598
14944276
2331069194
492232242
125007857
2295662353
2336215802
1427037122
15590931
1882811906
466606358
112615118
116665832
452021008
2337037182
53297393
102131784
2336948018
819077250
15826695
16997907
142992288
52752595
211604371
81926754
2305167350
32512803
1061466182
62313555
14437284
1234820443
424796767
194628133
565319545
265038527
210566993
232410350
90388178
189237208
524777275
1939755704
410622356
2326300303
38889706
28870762
1481731842
48649530
470155812
259225592
431552687
271204484
116008573
888878544
167521718
174701579
2250099242
2216051541
317627087
64252913
2331588311
16400550
125472159
2266656139
18857349
80007553
87591899
141170675
2332648638
91444905
1276121690
307517751
1243083007
614512551
134421713
23671049
177865331
562394754
702865546
159358135
199250854
34226352
29861709
1482258536
78589126
261483629
2229132282
18687190
289571789
24674706
2305447611
945903266
793861945
31072140
98612238
36622687
627180110
228975421
388365958
33722982
6238622
2315675683
2236022379
14493873
142612748
1444611560
18546431
106849481
15312573
357382223
44125842
542773116
2340631
30834348
254154489
841645214
62311476
2328978991
498758065
170420365
2302449266
83531940
966513956
1135842458
337598933
349047416
95039147
1915497769
83820762
557779410
124117874
278989467
47343171
14455307
53903169
1274881747
386430412
114960336
361872355
14613570
5664742
129876623
601803521
137251577
389076485
296621994
546126203
501824987
132011940
2327526704
119860622
15772918
83097613
267664966
2235506926
478782640
60087927
266552414
160155416
402792381
1079318305
1183115496
1956593066
2148741889
335305553
458543098
2250034340
2215447783
75783001
21279354
2311773973
2305754787
195390939
66135363
726745279
1330200518
406308161
66631544
1557901087
22760574
1046587056
54449406
17301952
14887741
2324465407
1071830406
1478201828
43888460
89918892
20994258
311592875
14953305
844023739
17407917
1021578938
14849021
17582057
107805902
2277392258
2294909156
2245551516
1342573656
2323089468
24059360
955036159
619112522
518309575
100472295
2306133993
15941937
39466085
48335539
247982563
2286993348
1589440368
772831915
1324826448
427201707
515386120
146775553
216795340
203155614
152584763
276465613
325762674
361518491
109215637
113330115
347846723
1071373134
2320960946
17962621
112624609
528218150
981957109
16369290
2310292308
827159658
219350049
1119717529
45505436
24369761
430599946
31045291
100584991
12750272
122064559
1843440884
191725486
27679912
14699402
1480008409
408453756
43655089
2311408986
326426740
10375362
326771728
996142404
59085954
220744436
233519078
1598611734
637052467
254240197
170756356
175547686
262638547
40008591
148870177
271226932
54791796
232800847
337216527
47219837
18775710
2248760959
14183440
18530438
14330569
274494547
20777992
337574283
321232049
17036269
726644498
182557835
37294480
117600036
94045001
2247383223
278945767
843215046
54755858
23408902
64815366
795630
89664916
145726317
4563221
378144950
48413295
365671858
125152841
24418673
14213667
77963222
591983153
1327794889
15535745
210990113
2262084043
227418667
601326492
145948404
1134128048
49561672
42893246
414211661
300638484
14945082
16486183
38159703
892516813
1518749323
388991512
120048889
2210733666
1885460564
928620962
426941819
16345681
32293257
100538545
2172852842
735589230
368637018
50819233
7650332
102115836
19583624
167833291
90570123
4952771
142600245
2222316255
223958143
490485465
821641
199226345
835562072
14459880
2174866262
118848374
70776688
127349860
436207645
790185074
2312487031
11893542
12542362
91518916
133445951
731056904
279014211
93924195
375642266
1700333574
2305205169
245492030
2276163126
5893632
17286477
2311021579
486634196
14790434
59380337
330691867
16997307
118808209
1102486603
206856306
2159391872
2310472368
73598262
1299621031
66542315
26452558
19908535
319072423
14132210
2309012695
1977007224
46077572
28860294
212978798
136640073
96149947
30903211
38576170
37330100
267480209
1886555786
146538809
67318360
275531686
19850980
2305835828
118845242
122247165
184262925
2299989346
2295136561
472779217
17890504
495069752
64796350
60358037
241864570
2292561457
20765049
1926948091
377326123
184527901
470144110
2271708805
165106369
826743740
210843668
178303137
17104894
96107180
174485229
1364993916
243353915
12312232
428868367
159240329
2300787072
105926775
281139284
19335835
443627322
267829590
322680892
407852503
2278920612
211883005
38135862
992696786
186960704
485521263
72500702
2286421337
277105317
548897130
5727642
111210102
213810945
2293392409
609423
370982727
540847532
2296640036
63415561
1143077095
39377743
416575555
14468484
264721895
282521369
172976369
1491281797
139491160
866954588
2255055985
2281156435
58112342
1134967688
31359393
26813538
18739912
1886500890
300084929
454861293
219616174
9131782
11371112
125907166
2230584562
14049680
17265196
381380091
29758805
15141227
16334332
17547405
488504523
173387399
2270790456
18804333
723636674
304618665
87266612
542666370
82968701
2262539732
39311182
1001154361
9876862
599930890
2234981740
475516517
64455279
131139498
37625271
73696179
25317469
271785019
1542959460
36362927
212623398
223753830
17206377
1719708895
8630302
222663512
148614358
1288591039
2297769103
91567990
2297553392
275042206
1665949519
817931497
372922225
163228903
20900513
137684553
1962887209
184437448
22247123
175782378
99911037
964163786
63380068
452393183
364625396
454916297
252266261
74956271
41142169
203936173
712429920
316980112
51543318
80107593
329208693
114885609
2188081788
18526797
1526355596
1927592420
1384842732
109280445
14492161
273015548
127268988
94367900
2152029122
1954069040
919121930
17735611
248613780
47297781
802273862
831855900
21396283
40154063
108002499
273454263
7891992
12809612
1883823613
1735561
2209038171
33805475
1477605264
36677025
31254125
334414155
488107174
22532247
1389888938
704677698
176948469
16837236
58844292
25687542
379630136
1535024634
312801485
2290334174
271700639
18487648
830663604
288188013
31464685
120788477
260784149
20512593
1102610047
2290906878
52862262
72264229
155418629
90526224
14938674
49546724
2272830862
456104588
336815669
93984988
14543022
51130983
15257744
513739160
89204934
46869397
56623030
977956068
271091646
2289480494
1654873939
209806014
505927004
256123637
62712819
15066811
2233044198
2159532534
137330047
350165561
249148543
2287222040
2255336726
2288298835
46558089
2188904108
7780952
58370289
225567774
21949499
21246073
358195511
19574226
2220261151
50595062
536579885
32436855
259252740
77487246
1618125326
1020137004
19338884
70637074
769939057
114279557
614338341
20945204
772124198
40870756
2272079576
127290367
1415674062
366214642
2256229279
250780150
144874132
161223077
1960000861
142093198
297907509
103051848
2251719128
14812261
1485903270
14250518
305528169
225473318
15806754
72718106
9752662
1437985428
548569464
1620032576
21391544
163634804
2281072044
880586826
718367077
2228459558
361286444
15525039
481189329
133886066
51173659
1946871116
312836771
1515324296
810094404
27497112
9672382
2267773432
45968906
16849439
40910378
586876774
74397889
107840872
2277631286
15333471
850946684
372426382
44376852
204872181
755181
1269008749
943073802
283133704
134933996
377898152
93821262
2278490976
14711105
562317852
381445384
483736275
60123036
14923802
2242988304
1164123696
583906380
1557691
19082743
18306006
634992170
1615153394
17224209
599494292
2278170667
182468833
93016827
78782144
433169169
2276549076
41601285
2277852234
20061503
315851926
61296315
130181287
116354651
797844060
1144207387
391853921
2277390056
1855039021
121725162
1387187353
90153726
28800460
83140163
2202484385
114689251
267407606
1334366832
12835112
353982241
311094494
84465456
7857672
394239703
89095154
989230982
98540220
259953876
123013554
30036640
6400682
47856161
62491056
93747618
2273531490
105150076
2238327032
220835850
180771926
1351381220
2261394450
2259888823
130150795
94946548
17078676
36430950
74392411
53915323
2272828410
195795915
16781798
1289164357
533424462
19179702
1022817032
467807306
433482970
316052908
213992289
1885577198
148498034
1555257452
462122874
272602327
391852596
22730282
1442997216
2195142722
223520300
300242436
134060228
318911434
19674987
2209467600
251757595
384666406
935400234
2251938894
48773843
14827639
16611341
204085713
971514360
585695844
500636842
18933928
53465274
103642623
40660521
48221322
123641159
92554921
1356848294
63229433
1061803026
14326744
5528042
445417189
2264983424
56987105
537452159
2261397060
312497911
187133176
22279840
242432436
157264876
2267829204
277303865
1168881248
60692146
2256399324
26258362
1316901530
2267844056
127232820
52382163
46758750
53424989
2267554766
139948565
13917532
18139817
38501512
870217945
164938301
25286321
131091821
207679975
182055510
2266244773
1478112182
2266121786
1585984285
2266013744
236114485
1033620918
156553933
856878066
1874293897
31386940
85043887
113522117
146406371
1288665462
2172861644
317439617
2246891081
1947341821
249341802
2166604381
1737011
231567599
17633995
306846408
950522108
2264267378
1456346114
353640262
104154415
1549568436
32323795
1920286400
1664042682
2233248175
290133778
374455518
24715200
163832779
538257341
877572618
1616495323
15273536
787346018
188391003
706789718
529481503
2228737826
129184870
31308161
1588434091
165667503
21150090
23319113
755820410
309116695
223182741
18098405
18332032
276615018
213344116
169806346
468111635
17112626
2261632848
37827450
1578377030
98217547
32679144
15039915
353645130
95958378
2258666029
45592658
554337846
1134245682
44853368
44182672
23543911
2260463095
125387078
15089901
14463305
261740429
2246905711
48558877
15031181
177998068
422522424
17256928
56121749
55273441
173938236
212091931
1224380665
403131582
61205509
2259449480
20322875
27958617
19626357
2259239137
554377114
14089223
1591686613
120715831
14894580
22135821
231455368
99656590
770301276
16580142
75415290
151630584
217394170
1950298710
18235699
16005039
610876894
2258256372
14226473
178390773
52432308
522566859
106777681
2218243958
1419001105
501685155
16391628
149792782
1545782570
2236077127
21752536
175288435
81181533
159634619
551676323
119115504
141251312
69951573
72909733
200576939
205466137
190396185
212176609
527266041
11794002
19484987
2232034404
14144033
1011731119
17523056
473895042
2167680761
192714114
15229673
9953652
1104590888
1950112832
297933064
44342549
1007519900
85065612
4150411
84108490
186098550
128144393
60290249
10810742
83560524
68835396
110874794
52643196
41689460
94069740
18804674
127024918
74434894
2176832413
50162352
416270556
14579859
21210800
101240214
2253476515
260582472
1310210730
49868043
48515787
904610959
75116316
16583899
2237775590
13036112
992484001
45670286
1254492505
138720732
467612262
200541257
185170313
107216209
424248798
2159752086
1873661760
1731493759
1677907009
278422770
326655246
90577298
61219538
253966387
36033454
21480658
33038822
118005182
331822561
464126267
2237548514
2212493047
459449670
2247829748
525299072
369272762
34670329
89712785
419579279
436823993
106638984
362616387
49655962
256548483
478906618
14604982
157799859
42373470
43950510
14191871
2249447623
43488362
18056270
70521941
312103058
48067227
718469797
353248668
203856979
83605265
233245642
14697811
210584154
2228113710
52197606
146473287
2243887266
412877643
109517666
423623244
403850859
2230531159
590986956
2241562357
67292796
467887425
469812523
52253016
172058465
126668308
170542030
76897316
615265278
565694687
406282654
135471871
1659279836
212592213
9579582
18045473
5542522
151632348
219590769
1944590210
140661927
22181384
293123258
1289873090
39080778
8830602
938091229
59796763
822423265
1897573980
64203635
209380936
43081618
102753872
334419052
360024037
2233399674
2244273631
8990512
63122454
1539355520
42900463
702131376
42891346
94438221
477232123
36875861
226112627
570397636
12140682
137637318
20595028
70152079
223484415
15796988
2211133160
603140577
986212364
41194505
11903092
1173522338
2242873670
2242263584
18270827
14356245
1620076356
1615560230
101713392
15267892
1161728586
225021775
34179867
2239444681
111428095
95074070
14786973
739978490
8831332
21364714
410578579
223770205
1905251304
124736193
1227401953
2211652987
303004669
511433033
1165902072
43927080
22514768
14781423
260410209
78540566
382844627
20506182
317811162
719689495
2241011707
49685935
49616165
327423099
32017938
2241193088
53173227
411779637
170713542
2478851
608530641
72986033
16080733
18764318
437592552
918809845
338356937
38546151
794313
599314092
43762368
20333772
313615534
14272333
17114012
20990043
2239927002
222404487
38749040
262837624
353679618
1095050365
55602564
1341645085
36315728
15694015
568908077
14220914
131202832
14123703
400072328
793532652
84052777
41062667
72823
2239299728
2239239740
143431055
87489292
20795596
28514614
535553743
297360977
289926396
3878171
498052613
427240998
150025531
2207402485
253061555
452822439
18210957
43486231
43067005
523746779
2216739719
101342973
345457336
787483963
1434125036
629185451
1219636051
102967542
96605647
132789840
17832055
17479055
327290658
132658597
94247119
14453634
50612198
411668893
364204462
56813435
114689405
186361335
124454288
98290110
227105519
247678894
1854810108
959930390
75223757
14213749
140169289
2227096892
2225674736
124531986
14942829
1369915711
66843157
46727500
181499543
263235704
413232274
109046839
20151069
2235124495
154834568
17949824
54897887
93809119
300192650
18965934
15920711
1017600434
521574368
304012429
237867320
20597929
128287750
56546974
62410185
92168419
464441688
422794632
315164152
125448537
20768676
315147585
62239513
20796788
42818965
14090824
455792871
25147157
2232223262
429315049
23156274
905658187
231471953
22424545
86512191
69043782
98383403
14511514
19683407
223344172
21207134
58742480
28216268
2208792185
13029762
351015572
170794007
114148042
46204627
584661463
87664030
41784588
22902153
400599952
102407790
261154863
863576100
202686944
1968219788
10702312
17962913
86631489
355107659
214420114
16113052
394891088
16258228
2174406588
60866860
2228789996
113260492
385600222
164750783
373016263
5376172
31081047
144450096
17028625
162157593
122437758
102868071
5810152
2230140282
471782995
581622814
56059690
381810293
99334612
7409842
178683788
396464735
356774584
197370006
103571623
115475606
372683901
19172682
18415149
606390260
496105142
20840826
280651108
37637592
178716879
107262015
12260952
35745063
137285838
26779484
33864763
55807072
253470989
368790789
187188874
55061128
160481139
334505030
83600050
14489886
33732136
118658924
517807575
2218997100
363628820
407832277
15007116
199170386
29526276
53299325
720404383
231447931
96536602
10176032
22324847
100209115
60320099
315747338
524351270
223456654
715195474
17827275
10600572
1954785942
10048112
154946546
62297907
82448288
4064441
89428611
56993672
93964779
42686810
45127918
17671062
132714461
885161222
14048430
17629709
531211389
1207666772
1561614966
384928330
323355295
48270932
294789263
14351040
16322742
144126970
5377102
14963906
73621426
84909274
16812266
185253012
18237512
2172801606
16655912
36596571
241471502
9804272
18187465
129647380
26387252
1701955508
74003200
346502882
157928875
5654252
97138403
131576517
15908732
293140782
135101634
19653116
1472621954
77040252
31417125
16081145
64005003
96165013
431104802
2227394832
26806428
17136362
2205225701
2218595395
868864514
215690455
1430585970
21088288
1343006946
1177737535
12632772
15515385
131083678
202417968
104731518
5450172
35061307
300958585
106460825
1304068028
193907953
131808102
1034110766
744192354
838240128
298816135
58987982
18323795
191188395
27438883
54484215
365719325
55191706
15046761
35338473
102164271
54584101
87897115
2175503193
2202699358
184190969
122468333
310206130
16202736
311773096
173164080
96764743
396445949
1112639413
326756327
17505251
751320151
938771534
306794497
2223267938
50117720
573563958
153852059
22964996
546346334
455926400
15994183
52395408
283714678
90375851
9819132
45339379
313335030
53980069
250862355
509053180
1446030908
23021955
322428658
14974093
247011544
1586146838
227784925
32881942
1008838291
106648685
2168201676
42869089
36077891
73505788
57858740
71585117
572507328
294182639
73221259
119254434
16316675
23415086
15994068
292323123
574900908
562251194
59501781
163768074
14732981
14379241
201457356
609284886
204807761
259899456
2220367567
2220307146
87460505
505477535
2220023834
184921129
15491402
14984244
2188907077
1020877376
510817555
1547831120
570734977
41782939
525169625
743146987
1922703750
624819458
258673236
381625071
4973541
14459974
218646779
622720373
1417987584
950101237
318216012
67273905
14239912
148535419
16892506
15168016
14077532
91300630
2215596324
61283805
247234000
45612818
14367153
228527538
464541447
94573924
235449530
91208263
1973421870
1035792133
16617463
82543441
81775615
183118571
61169425
229152467
16006880
929698855
2215665078
969984402
431659923
352197031
288320325
204814138
15519662
82355295
14640666
2154552936
21080165
15502630
596748671
1283645893
106838673
91272094
45206635
14294361
119589307
705342637
416480953
119657701
14230879
142839163
1335928836
35601588
20123647
15883336
550723489
734350994
124913832
14659559
613088696
365392610
47375941
106776284
328026217
29714103
2185028314
1004319614
428088429
298566012
1260441464
10752652
22322805
585720157
90692246
826760442
18824913
97250237
2205907682
291675158
2196408830
2191703777
217395428
63125313
383381066
12798232
9306032
905950842
19585731
1094576575
1098365028
2173015847
16963857
2208583572
5888562
269889740
272900084
7378752
26761710
42408684
637290812
50003186
170375214
1717080030
88609737
180700212
14656157
47653139
98875569
921861132
329185069
205780198
2195647658
45437541
29355865
5757072
17089126
22367853
67396313
495334884
316774149
37452231
93900265
2207182302
2177643362
1962152359
378810648
56705267
315185062
91298769
384515551
1369546969
220593151
21083741
8328812
1557987606
147735098
2205430914
2162750179
106432035
2205300348
2158863058
273997466
15635001
16346338
12387972
148530340
108315580
815903538
327512468
15327896
80381907
9373552
304656534
19710187
1251149718
533267876
95745799
51172224
2204112067
361818505
374108209
499115778
152182528
1955144882
718698731
56359014
8104092
16587559
14919086
61149431
58505430
538749524
62819634
407617438
474862363
384376620
13023922
472761786
1472149388
116123720
357051977
22839759
314149723
18934643
2184806996
472807256
21774036
38679514
867581611
316382892
131133214
173868963
20124790
378529748
131114317
125027842
241512027
561673636
102486059
20687908
21509148
2196979496
55310940
2184932932
1639136726
1391563898
57366641
96547102
26583907
113252905
20223230
1097022931
262998785
307690980
14880076
70685058
803574074
483655595
702666530
160648777
85050169
65578596
14156179
949477962
21080808
6338452
1002171560
2196540452
15957372
229611217
816813799
6422152
538431247
75535845
62871270
380216113
127482325
544912109
1480262408
415618411
198619956
253784115
136032919
1947459403
1975924921
292218019
1405553323
285471211
89146634
242889551
63842967
137091075
317397340
90456274
64216365
952329534
360789380
434317508
1316370768
77302617
587195783
428512175
28214221
160403869
461486865
1289781360
296272325
115951032
41367597
158319385
90467258
235238621
40252032
1954345544
1538471330
348274021
389027058
19527359
107721009
109160676
58428902
1966475286
384651052
10803292
413367072
961400172
1696778130
2182103054
41736170
1956192013
121682623
64362025
293539117
19423564
482240937
14481940
44596960
162063968
15569503
98928550
136564986
84605434
2183272327
1042073281
2184267403
10182502
1968439237
12040212
24811692
36328423
27847530
80683288
1492993508
99027576
735158443
22688069
315277608
68308145
75758833
18423204
110484653
622881765
80401354
6654662
30102091
54165082
954716694
2185685088
10382942
18682558
1034904420
2185938805
2150128146
80190451
217458800
10579
133687658
71002640
8966752
893001620
815729250
16920832
1447073292
1891524908
286625253
15312493
122891835
103990839
2183464250
16651325
2183214260
370831977
62041685
67526097
2166791494
194610021
192270547
271960531
174198725
2182605770
968905399
147965008
6538782
89631910
299810627
460061370
16221143
29404913
18536224
170864327
121324964
12752072
1375421642
310216992
12351062
84883723
115042828
52019075
2172572103
39810317
280419203
2180404693
233972421
15976451
270403791
15846809
39478090
56112970
1097686375
2174741040
69792808
64408015
135027798
17019584
420290112
4053881
48887143
155337678
28307095
2170794202
189692552
84649243
1380907789
15095955
26269528
103053009
1450517084
20770500
1968872280
3748631
75006020
2177574950
61762088
48818668
68271223
33987726
8828962
74870775
1278162973
29406505
61621792
14075995
527945473
326059061
18112013
103974515
61826860
78273904
1105725408
117159387
2175562801
20322968
319555933
14703419
110546053
2174379732
1238285924
2171849712
550228385
190182933
66837235
2159289690
924331212
611683031
2168961415
19764147
980559055
2173920373
1536115381
473766892
134185951
15045090
1228231831
1278276415
563576118
38194015
350067446
502164513
952339430
17064718
159841710
1276921008
1916591293
1283644388
364635679
94123179
144131554
182825454
1377717042
1309555278
80850629
1256356400
273903893
231732403
2169093967
16982279
17931255
60934326
2168954011
15786505
46198601
228110474
49725661
1565131303
2168151038
14367943
246506493
26063826
324435159
817624436
333024424
384808250
21171989
297045698
2167247490
101037496
490310928
2167078292
22896971
704391079
1685212410
99087260
243237794
13238182
274156124
1091460223
381469425
308997420
4453831
1605571380
45602245
33769701
207543832
71698329
194224295
2165422536
528732441
31750219
97817806
55194748
96805730
105088976
52014217
16946198
565809643
915601344
368798393
14900848
84428403
427959769
2165114653
534819240
6166492
495543416
2151402469
758782118
51690450
8815562
1377367484
20759477
48159875
117602970
61133282
2163469069
27475804
29292109
56943487
233670826
347473194
591279048
34324594
103594654
122722084
227870654
39634254
120229913
1396607257
1653805525
603284491
191474793
135748328
1896597444
2162018635
575405699
534701563
1322741792
409841828
57941414
1172464664
273479273
15656811
291810355
25502189
770104291
911105443
15320899
575711877
1286476663
96068793
497691114
1731795337
8554282
1375481310
339603337
1957415838
230914640
88774733
98794067
386448829
92896982
1501790977
7205562
237708762
152966377
1960842486
100146272
131960418
62565811
13971832
75798495
382343010
17438557
1285002212
19775726
79456179
374849309
821363461
410817860
235582072
2153769355
154088060
1918861190
129361082
47504503
2154550640
2154556362
216668186
311434773
169653451
379719378
14683040
17242310
1855914938
1891827192
129608931
545810855
470078739
1547803651
215160186
433172216
23658181
2152849412
69271647
289512597
77440207
94674987
347313914
2152235130
16548898
427043620
404543663
139251740
1125510528
94314552
1648623588
121550266
14889070
359778645
569434587
485686638
375280109
268215839
1418044933
85879952
332810365
41104151
1559793654
38652095
975447110
1978422464
487017343
97705857
340259012
1494270889
17625678
11223872
1296810614
193145017
2150029075
297429726
440225838
192863311
48047557
82056534
409259936
502928859
178618512
151831168
322619611
2149228885
1196402461
388333000
230832726
413362670
1950143173
75010581
1829556493
2147731965
569312641
71468617
14301168
1636813273
1355769625
254236240
15369018
1947832249
1972606652
1696851103
57872336
200951053
297056831
718077022
1664322132
14068223
244672816
111350949
497341694
399306677
17609462
28834934
1975540038
1975001720
37724143
1975647884
14375778
635132628
1732153777
374514385
1901590556
334587750
108444332
188699544
1959451285
254747006
163545656
122045393
31708987
1428904106
133469520
701587180
40769126
54727076
24601943
208108923
1005806858
416991865
5853712
1942047330
1959316458
570055393
56515557
32008937
389695611
182276044
1967646829
415537382
419002731
222281287
174094954
1218636524
553420878
1968652208
65814228
128155729
1365136046
180824215
1543151882
128823192
1926435528
311477755
816599954
281400897
40452384
28468830
14212316
95027855
503469061
923904366
520159703
297969070
17207451
17908097
715914705
216789747
77010036
425195616
271441499
499821873
48906333
118327268
330327065
1941798163
9871792
62797934
123545257
347092437
1637889829
51720030
18119411
1965387571
14166134
7341872
15704272
16993061
83534401
25318188
23256872
1500700327
14524014
792266
14663976
1960762663
514116437
341975842
61167115
27508299
295002920
561417650
107834319
908337068
119698715
77083473
1938309223
411228274
25120628
540287170
1008934442
579046051
499193291
1433891215
26712572
14281547
1962427675
408793028
175386382
32325125
77728346
143784220
15820465
763154246
731138190
1871186804
7666992
621053752
15438547
241452036
168410979
34600099
78506380
40293891
414938942
8159372
742919418
26799802
1021794319
37707170
1939706810
106778007
371800039
7163772
14818232
1959390824
130143812
45473548
25496476
70915956
1083968299
464852261
7843322
81583023
704094352
499019050
282148490
8103852
263755295
595398238
60161952
100739824
711406149
618947607
53097411
8772092
584084094
1956164228
17337488
55531276
458548060
24751767
392477926
3395151
195795571
1955111372
9929062
22477164
18780439
16183145
16452903
16836165
890369748
29476424
504577330
1933409359
1889602741
1954260606
301575930
1708030663
1466461844
275100518
231866998
74695970
11838952
164797766
14878530
48708805
1953592418
16543422
15794788
1932104773
149192759
32552938
349145337
1937016769
544288817
729413048
78870028
1949228677
19899563
1307796572
14569065
560253368
1914012703
401438518
16092773
1560694026
29143915
44088910
18145725
401818970
142666059
125050772
116046238
16076984
741696397
1949470262
97094209
128928021
1941556428
105419620
1576135842
23351167
41943636
218232388
1948557343
311730124
191764677
99940327
113271389
110712070
217926511
66993334
60417903
290009374
1940082302
24973060
263095442
1553661582
621901974
16437021
24660054
47594592
1362163789
193968506
1092231775
305599355
1415872584
241041612
1897407560
87884226
1926559184
256535036
1659887982
1634487440
1222896236
228041259
14165483
1106863957
1944593628
32869948
1944901903
155972083
32389901
1349712732
103917179
721720423
1669634755
541087394
1566423242
1533984434
245593011
88956407
1943751522
131816629
318048190
42805000
834607710
1942655174
1064154055
79544778
1907810989
107094210
134559997
30291257
50975935
1266457932
39459519
399143871
571621707
14488195
1926540740
437453063
446788413
1938856224
46384968
14826847
236830982
464769444
1002144649
17290714
350086571
298165724
1555876674
566052673
1850617122
587345627
1570006892
130524686
579590739
100245676
605543041
84104854
251869453
61553927
636409354
88551748
73507975
53319771
1907292294
197914965
200536380
42608425
1861257140
631785388
1396824000
428428872
38135614
350971956
358504455
8057472
519451372
118339997
89454915
317370037
289355748
17008258
1650893286
222864486
368230650
319037377
14095833
986131880
897550482
193852461
29116115
8763612
1511059435
17843271
55595398
137186328
27277328
7997222
15923081
1221913476
14130837
1713125172
66724255
14397079
144134601
1928991990
14298402
431004900
365
15470589
352152599
1585271678
518837844
1563315638
181984508
87775283
311639503
265940400
181026667
314740646
27864366
1923375127
16392611
122666927
41660113
260231388
150340592
26977867
1079310434
65211507
14670165
6811612
1924410684
184533899
38937615
9755482
235645835
23423813
81367551
67100890
20581515
180854053
1098723469
109194822
601002477
151414979
86666946
391874235
28326646
1922045034
1124105856
14217492
1903874209
1694893536
248978164
1921142605
399293927
366543443
100187299
146735342
1025008640
22908203
44817191
19813241
150590668
51271684
1381419397
131661712
420545665
99693024
52347380
41550531
210661912
23981380
15675902
31315815
82900899
126253397
252565138
24138959
325346321
255252265
481862252
1148196043
17792394
520414069
17645775
219178084
41816025
181333648
1916126334
18141034
457513505
49585457
1912066374
50066922
303763428
37591749
1437955603
10951602
44845522
258983252
115054095
148713681
26940402
368504516
15200878
1255497703
937099303
63423291
335198840
1908269425
1726413150
17383829
185915337
633264622
1890198283
132440755
1911799543
14904191
334856601
577250082
206593407
22913029
210907586
15731671
1613321413
13100042
19525079
429314130
1910579299
592090621
1351727066
1578225168
205729447
39088831
117656252
972030822
590851373
1901815566
896384784
822990
964816116
160493009
50392035
159047146
281270953
4841041
306329435
1906900244
301674498
86507340
274916786
56192451
188992157
254392364
68088251
158712534
46745702
112429675
66164515
476598339
1905053624
280510820
512066764
1904881298
1377753511
64194545
254690987
50988228
131914241
42163537
142387743
19585794
1425918361
491400392
158863343
225585465
156740867
142137578
1903347302
125931103
151528641
79159249
561699114
14453829
17456686
1158047846
132414749
268431491
155697939
14166077
23522035
58725769
16650877
45528038
35799467
18430953
165751165
1074299551
1730415624
14235864
843199494
74796679
1897087884
282513985
41127822
129965089
43404105
389577365
54504184
53951715
456626448
71033033
1888890138
118745505
170799756
96809343
451298054
221528828
1159353692
14725407
60842395
1176555583
829159886
133439071
28794886
1170030217
24168104
152357833
207351205
1893522566
213232744
70351810
1860917935
1626790927
14109880
22656935
211535816
540569697
82612796
14834987
32229103
376826050
1734475016
809222509
470171724
1458782982
14134427
137210988
506502817
350689973
46895000
21907592
34674249
17784336
259495612
1882161806
51678846
76909261
24147469
1876024370
232148362
21293101
309614269
1886498000
61237455
968764801
35993067
573283741
93779239
19581133
1734425149
90966635
31739837
7604462
215937364
257493109
247371654
223654255
452895051
77432384
290994753
275238381
149170549
1882191980
440090604
1275130159
15184458
104195266
14102660
19747365
723118028
20776188
418226569
53517436
14368809
1880107028
1471174826
34532881
364744898
81375592
1643029092
1726450262
1876845144
395190766
1877960971
325668275
1737300217
60929925
1613996191
19175718
52295774
10021362
19212427
2622531
1657065308
1875262470
545457521
387595665
18719075
407883307
1480273723
459930270
35418972
880078458
255688314
1872785442
103741677
112958551
35467336
631395886
309049096
10319942
255072581
62485716
1861252616
17191931
89716133
5854612
164811005
136436971
291193983
51806720
1860159804
460145475
434588149
53648165
45297421
102001331
1445834346
1735064202
305599765
194059374
172775093
131594835
1866684590
1866541784
1865949948
163233014
43383850
360819517
282571320
1863237242
632661870
402224677
387837571
1861749907
1856531856
246687269
224978120
566332804
147955478
1189540016
301923946
1860299556
1227872372
35840905
1859498214
11778092
14071488
17934743
156756119
24856952
1675366938
278503665
24861383
87555448
55370383
178744245
1857617550
955469028
91938425
5466272
167062003
14809014
47380228
48438293
223462681
30896868
17201609
133091767
44314807
334915109
25102342
1829191837
44437386
136754187
43914525
1854054516
15513554
184140619
1535510736
1482261158
277035202
984566604
15979874
219242136
1355339540
588725916
166099561
1379856320
118217951
1031775540
1099026548
90696110
787675249
402304080
159048762
275251447
299818568
25793080
1399690844
443060627
101292742
10144122
242788385
1146875070
1493391066
754293
1849393393
16171428
312167375
145322868
1688948030
20841144
962429809
212535162
281222139
17234551
498231545
135051925
248627938
135055647
28953570
309056869
1831718911
69035324
1425503564
111349857
6710822
274606018
309391678
365879376
20970820
1604681233
1589313428
48272089
1739404668
1576710422
1064692140
515211947
115921631
11850112
193920893
14556897
1687699916
124056546
62563989
430861461
188207164
149865824
635678861
166147345
14773018
526324801
128199327
173396484
1125142922
145181895
403778086
1733530368
130059505
112199460
1334422970
210373944
13235082
90742160
15902266
309985961
30222874
1732283244
172921389
423302395
36573141
328603590
136654946
505748052
16080426
372995183
115591768
1034645126
17592862
107005076
1198777783
466927148
37197662
1284053971
1350119185
14186064
376260539
14784665
561363395
14121104
293153818
1457536129
15735266
1726802737
773739918
22245863
160001916
337136592
85098754
83721666
103341834
608872360
1705040527
213612556
55505352
15914223
31362475
257377268
90366809
606779335
564645469
572855192
367335583
98021889
1700420546
39942444
545659700
139754977
426201122
1720273843
301271639
17339437
353169915
1719686383
332135484
362537389
1716361572
1168514346
1718433763
226832220
1406835860
16359199
1713544326
226616093
1716326798
1673988301
5442902
85530148
418627934
41675816
127160533
33698820
24666948
1657800157
111004894
86040463
1714497630
218379493
39027786
49014598
1438796425
261705840
14474810
419566277
192385156
1578443678
232204714
89946105
1231146043
1407326412
1125466530
182908747
303168591
4033831
1265784944
64471959
774733020
58749480
83657910
1481011038
16345263
1664691740
14793728
82346505
135051284
64674111
15601463
16183707
28672506
15285579
171191579
15004637
262122174
458324959
2177131
260990782
16825253
15198023
611552635
18309195
574517115
66085473
1706932597
1703903833
16203635
18797311
121693388
131445160
45382335
1705339710
28844015
86316266
271138025
730693836
34607361
213249580
387720213
1656469075
240488612
223925720
148464255
862476282
1192648656
1699441802
540505205
380036002
159110005
317659853
1236950624
18191191
21981782
881511
437698042
96818088
558938879
22351504
393882367
939753672
242226783
405029214
755189268
366743721
18904557
1620845928
246305217
987710490
209698249
595559439
146181175
15182653
169330588
475603865
1694597730
547685176
228752815
1060857378
259971034
1337675622
1684236397
486256863
811800708
17064168
39209054
14855810
230927425
1692931490
18426847
34922175
953179992
63970728
16183119
20187825
335281201
1604301102
130816991
83170025
757528039
513132267
48276967
266425387
1506127459
1690740571
55003607
1690579448
31904526
16253836
86064571
53197220
745056470
436205408
279096986
315034285
20340698
39503310
39982607
1630178124
83691992
62801092
1230994442
62404540
91262285
130910063
1670952476
261379906
102973817
916795868
397636175
1685325512
1685015586
1644615800
102603923
1317955632
346713388
304682599
1683991489
19039021
898143294
15797860
1329207769
571219147
15618199
205217728
712523358
14348736
1682274619
32370969
356952995
51424292
48811116
1681311049
540296993
102987883
1680316117
96378195
566466998
1585114159
1115706060
270490086
1679181067
8909622
379314972
107220186
1638177415
272657919
628562704
311929494
3274711
203419647
425275861
1673986615
1590024930
1263518569
636403453
18103985
1428893707
19698817
33240314
483680462
104419788
1856141
16987218
24656156
237009113
14336291
250738698
20305953
247492701
35714473
786394686
137164105
48662719
557956570
563193201
89504515
58580113
322039202
89707420
50981161
276299608
110091091
20867869
71499542
16447958
719277912
353361810
1279634977
457095289
1667902243
17921065
1670122465
172655011
3536531
72742320
335807914
1658729900
15209508
1390408711
476818705
2038651
504725966
3411301
131894733
920080956
236121058
305216822
909211328
1667962219
254752466
193660103
46820004
1667579858
1667442330
1490180466
76033635
18285750
11497
19245246
1667100506
103024926
179989566
948932971
1666164361
867608047
319677906
19510625
209044019
894652496
229509825
133795197
1620155786
1663492254
1650864692
429968269
1621025977
840526308
17782200
65640805
1657158692
126350168
672813
86110181
946738813
766548048
400001503
287490115
75350795
5362812
114890151
120970235
18337951
390019380
1660160215
77804174
39669406
175356013
559086785
394942287
236535941
1568828834
479365919
1118864862
1449966770
50504494
6933272
15710451
63533293
4279891
15146653
501231627
27836871
1485914467
108194162
608493859
1404372816
1596001536
97733681
85006217
29361726
98086653
1361358822
298511947
1656046686
93147940
16684204
341852439
411500858
102900281
628986305
1637859811
37475901
1651338836
66237555
82494927
204452721
390178266
1625724344
1650151711
346410086
131470252
39694736
267588227
757159022
14511066
1653893486
953807066
399578994
32551862
750904368
217242549
482947866
410418595
19078898
444525264
1653297319
811187461
105735319
52073494
42204893
128608686
394306462
21741632
531647513
88675647
552059409
1185564463
123875352
296097135
65672681
1422267354
217782594
61148486
1234920235
149236853
18753727
313829204
114460280
23032230
165544568
1538521800
315570629
63404306
1649590212
276282581
409664854
293742276
152981773
29804179
1499635458
25805685
18089310
304316677
15754533
55612220
81647093
518600315
1019026688
301050111
929715866
1645794876
39833557
136642516
1514395879
14273955
94349270
120309029
317884502
33019081
17088021
1514020063
19604203
388170045
77460344
130618701
626378345
909471
15660635
210817620
18525918
804323678
880383775
16563254
135171024
86895979
9449942
429299319
435663200
25272407
15449036
421007763
249633074
186871548
1639133581
14525121
1638211434
113105079
17989018
160148628
114415824
17490251
214628231
499775353
188573411
6495222
28350231
84864597
168527014
17331261
16082915
982711392
222956145
705810830
428303219
1637166720
194135331
