18389527
17918644
60603657
14741340
14698359
22775551
14610887
14753702
29430707
27204557
35037728
115143548
204418204
213645411
10376392
216197902
91336393
18758733
90963688
22236947
18626931
194478542
49958838
14434385
28548920
60268920
51163936
160167101
30450578
12259752
127104624
68337394
19244177
28986259
215245323
58181535
107164498
87985669
36927998
35453289
29721534
16199637
214846555
19625747
18574981
6834122
14205539
14826965
118082516
60307258
44342159
94395802
9571972
43414512
148578373
56809067
19486142
121706715
18198177
211568179
44874915
120091158
7877902
22465255
213873136
25832208
213761187
98721462
63804059
212040694
14167096
14177271
161732029
15772483
72824886
201727839
132522578
6139362
113643186
89557627
6060442
58567701
16901675
15596774
24692013
193242338
106013775
25021357
17196918
112209570
78121613
75808997
14685050
1344861
54848765
80305264
8267762
80594616
6236462
45677028
98215908
40824386
49795303
25143705
30628585
27848894
43505943
202145103
211528638
194028798
108207602
52833659
52215320
20982521
64454391
14116411
17048691
130321754
210604814
19803925
211188054
50582754
49638983
82923575
16244909
102801819
36465621
187211585
20016328
27831254
5389672
30355776
49984644
127385502
46828784
37842936
30102736
58035828
45281851
164595344
2283681
72166899
668473
22897872
15731927
50932544
14954746
34271776
19080836
18497585
209714868
72254105
29501666
34206883
11414482
14430915
93230319
26207697
16853210
108311631
79406313
46982053
118755930
175981187
23917707
16892800
11153642
35310474
17052482
2539151
28161688
71262643
62740546
17384082
15432186
9672332
11274112
54923920
22916618
131939461
62534901
3291851
114596453
17837255
28768302
630403
15053197
17921473
13110942
106216038
18858028
15690291
21175777
207481834
207474320
141602249
78602389
10954492
21253
124432636
93909435
14848133
14582299
23034332
67058139
38826889
14993643
98654145
53872289
27206644
206121685
16695654
12361022
50000140
22138586
6183202
36004238
14946637
15474499
13424622
15318630
37878209
139019156
16739950
70111286
14659537
40560938
7764212
892821
46924191
41601383
203321358
15797410
65582514
154443761
53152342
180054258
179512394
14185557
186435858
23440371
5911092
89223466
43909541
117299620
16003029
19262311
202976324
25054580
14935458
47484973
193028854
90625366
139035132
13547842
63325686
23589043
44460014
16727732
95302528
16074605
14982522
14657528
202135382
36626680
114144050
50408443
14925480
95162478
5348232
133682418
10992712
13710982
171607127
201216134
11352672
28562532
182992340
14292054
16628828
35745065
21985795
19904242
14594309
83683438
101984749
34704901
97435389
195291292
14432522
59689682
197890568
55888991
140032760
5393872
12982592
9432992
100378434
23814244
149153669
20176880
12993372
198008091
199365159
16033994
14216146
23386089
54290800
14082663
117859153
75077979
153524224
18351228
17330784
33900585
13339682
18373937
50703
14261481
87084866
182390564
61110763
20981950
17781158
44853930
196134259
91554884
88428983
17054181
78193761
49023841
18056714
17689614
87817121
73970913
179822910
17373595
78033022
18531491
19743274
50953
140968652
132193690
37895627
15260815
7894182
46195656
13872112
183582480
20802091
9810762
14957181
140498027
53895351
108422437
3020131
8495292
20171783
8980232
85407314
81148507
74698736
18152453
2695431
16910534
23849911
16076386
186647486
21644141
52008144
46754940
109624013
17645692
14865949
91045577
47287634
9397392
99176848
167604090
22953054
38408588
14057374
86922623
190678977
35298921
15059906
15614590
14459351
122257469
678473
191579371
4975681
7922432
47342428
15715443
55704268
191128433
17363802
22315457
14227238
14443635
165448423
189571992
20691787
10692322
38592698
62250116
126962008
17232633
7547502
83420482
42577210
7916002
15278487
182096232
18782424
60842292
111926362
23113467
55291252
45104879
130620935
153171502
36094026
27844377
12059642
15814915
17947015
18359020
24280415
123728503
16002803
145627370
21848549
28221350
83971913
86135975
14825684
22703870
42189916
180324800
186847073
186779102
7202722
20185588
92306781
19524899
75348413
27283021
9017182
39761483
161459089
185826083
184717248
126659483
7907482
7601962
63489725
179984700
183587683
7544252
27074951
11886112
25555799
17759893
146333667
14656669
14644641
125825085
12060942
10559222
93485742
28576171
5482272
18034190
43805569
80932300
13903742
19149925
16682436
97697488
49798607
10099682
16496505
16517659
70448472
30576670
14323393
16568433
134413280
14827998
19773321
22891676
93173032
14541406
171865851
17780252
159538046
31696708
17863888
14053037
19187520
183296998
152552302
10616732
48259974
17440097
15948826
67638818
20750526
84754954
15984736
26718058
25348111
19500482
81842494
18526824
10758962
128001257
9926322
66459070
5804532
17852189
16102793
48503003
10026252
21744040
149867194
14859554
33887576
15228624
14620234
62754311
17647394
803400
32367242
14375590
80788469
180455192
23583455
57411492
37022545
48537551
21339355
71628620
2777991
680993
16944444
55014162
142940393
15602685
9203512
130825656
54489609
119136411
128207406
179004859
49286281
26675905
178585183
19857029
21108598
88024144
77683565
174763256
50591896
112978096
40213761
17189918
104879425
13045602
71201533
28218116
17684573
85001675
1941
17167599
17020580
138906595
14242030
77074267
112198200
59580188
684703
127684538
132286599
94757717
14250470
16709123
172727352
65369010
33873770
176732544
29720382
14106649
29616886
117038911
19382891
24507308
15947814
65467155
14569541
102355580
83471402
142375254
64719286
15117032
155020104
58825395
21046840
16729312
12963152
22834105
97307754
73495355
21808332
749693
16129820
8521042
23918694
16171758
174846067
16297228
115488699
8023902
41575148
3913671
165572220
61583155
14290284
22194296
61147494
8028172
23228501
22363045
110607837
29987719
25662335
18097254
100828142
161240070
16887199
15787715
18286905
170056127
19182667
144524167
30256180
105895263
66615590
67029560
19330464
15534028
172676012
14509251
21086435
16421065
14568517
14496524
15361767
95475273
93930999
67658976
111539364
28530279
141184524
172260977
80417902
9497032
14305038
146489685
9899312
35960884
15858554
20193358
19846836
14243557
7556412
7905672
7534802
14678290
801521
16667250
117839655
171561109
16641166
121059139
171039056
170592895
51744998
12774292
36318610
115191760
25652615
170197095
17063504
169611495
17807586
168097498
153293804
81138642
20436240
25047581
26288248
26620252
86037060
15235550
14451677
69229902
15629379
18065301
790216
19575516
24506150
109954852
17754038
13877582
129262618
8495542
20405997
17863551
17730389
101241165
159401354
14502222
139427766
14590730
156921395
25271930
31372716
10740492
18581846
20908153
27749403
8992502
41780659
7877092
9175282
11540802
121607478
993481
7371582
13695742
36117961
35012788
83620330
14431692
132722090
13788992
16176710
96987948
17389324
19955931
69602539
143391552
94382542
27349815
135945572
163833364
6145332
15792413
110337030
127605941
29639466
17865222
17127521
15854964
14140446
16525003
14920664
162854081
143792119
120798257
60884029
34547652
20753366
78975709
161946800
94894446
11672822
161549378
14557710
14943699
161218333
19264378
10126902
41185513
16592060
102784774
77775719
84098365
37501228
16833087
123822347
6013342
129637374
22489553
16022494
102708089
99092606
147017380
17584335
103833062
131127522
31366912
21144867
107573200
43844404
159007587
158975895
15360591
34225206
14127403
84143587
15248300
143210209
37275986
35444688
16449014
26292246
73414917
7096962
15781941
15416240
48811219
21881639
1478541
135458104
9136112
109484308
133845747
18939354
24352669
5949672
9412792
28377755
57017528
7608962
799616
37162968
1273561
16047180
19562173
148873642
14698746
148715044
42582011
24356511
7150152
22608638
29949730
17334287
16486717
6197182
41772572
17849802
15857589
151586355
29791338
135975897
151317942
132454669
15595695
98058706
150767855
33844753
3180391
40837042
14448754
6630302
14899722
91141659
70077857
4325301
136143292
89411398
20214079
16448646
60074137
140604692
75090910
121052251
23683139
21651693
91279314
14358982
72484012
141918104
38639886
57695394
34568658
146527937
26721608
52553270
136315197
19854496
82312870
115543436
145002944
122185720
143557709
14395584
7491462
14830678
143834465
79176907
92123246
15244166
34853877
81180338
142502167
111072136
15984339
20230344
24263548
24604813
17645105
8346272
87248147
15033044
20358870
140924972
38389774
13155482
14500641
140512058
22027958
15163461
5398092
140366630
8723582
18061751
29099376
74217119
18721249
7829922
29408132
95430990
55930874
5190131
18540342
56753768
14404557
57652359
15148116
17397345
138320787
11647922
15265571
36541772
66458881
14651847
2262091
23077652
123184281
60792873
12108902
6249662
14855114
33605514
86682489
14844074
46771139
3749221
14463700
50230353
16325922
27554793
113065296
18051088
61381145
61231433
14790024
20523902
15001217
21884722
17820175
100606625
12531382
15710459
126437557
25485296
17892237
15638805
18832291
14477200
15672389
7977992
100795351
14837941
14335627
19423502
50082749
115180931
14802299
14146389
120539739
25873306
48713937
14458794
42166791
7907562
11854252
131962694
23509414
88950979
47034063
29020067
15596454
126392425
15015056
73264781
18301561
4460321
121462714
1661651
33656082
43480560
125590931
79970144
1577581
7210962
6731252
15228683
34594015
33179554
59409938
28094584
14088823
125639997
14403629
78826764
73834051
15223481
716463
36165846
17866382
25085627
106696622
34983987
14751048
18029206
114145173
7618412
14069302
16376961
37921081
123063405
14514970
20382058
14910304
14401332
68257992
16536469
64689779
36760918
24636647
18937048
55239818
614873
100546047
60722754
11808162
35883587
17008355
15118100
30506363
120499150
115332202
115206668
115181351
115337904
115356967
115344288
112768564
20598662
5798632
86014237
14081719
54490597
118472682
19191429
19734572
113887212
115799171
117025900
55501406
11057602
87435814
19005413
45817138
83218515
14140034
116153975
1063331
25963959
6087842
23496199
104941315
18863131
41724396
114777774
28986663
45630976
45808177
17034985
108215013
112900383
16883950
113288675
38518582
15224269
60322770
108460902
90365839
10500622
111692383
1504481
95661135
53337480
91635530
18873888
58534529
6835232
109204321
110593499
43742525
9526032
14599168
19582871
109252560
103764771
25924269
15305496
100512601
13075702
88888134
17861836
16522628
106087315
105909259
8125452
18696361
93371945
62228399
18867771
77999526
19356447
40925703
107032314
102487262
1840911
23748491
34574411
103645654
14317614
16954778
101445081
101016906
16498830
45141055
6157182
25803969
7564272
14811702
105125684
105118461
19352690
14391854
15860369
5793702
69537112
43102347
22882740
82866928
9657992
75697300
14761623
1425431
38210409
94830953
11196502
35743887
21384170
104599272
15141389
23674873
53860689
15268776
8959562
93622032
34230193
14130911
31074529
78847961
103453897
33246370
15834370
27822839
101627949
67426335
22747735
30020619
79908037
23092587
69949696
13037972
9164652
75319355
100263149
93915362
21878121
68459659
14157171
14762110
16657788
97667010
15486447
97621044
92930715
15624475
97112478
42960183
22344428
21826302
51630655
14262673
17621676
76735203
14035632
13268782
18976839
16326109
7057932
26178081
2704201
51642014
14183582
33137771
16905458
17188903
16825770
89410558
14350589
44343793
14878501
11816512
14359266
5973262
44826297
17863556
12170832
7149122
14539907
5727802
14510785
2271041
83692082
66612877
74691425
18297788
90007895
22472919
23006699
11596312
10409602
7905562
14436932
76007280
803672
24518975
2205561
14123788
996311
16459579
22123469
6806132
16524916
88862627
90816174
65759649
18202580
16064065
14023542
15133487
76447189
1051251
39486493
90840957
7981112
14697734
84117475
36544918
32900225
20049689
82044481
34254315
14140718
20772281
15395658
14691067
14651970
13160862
18774650
68624791
15390058
41963875
8482592
19554403
24144260
17354053
88086930
46929891
14161459
34291483
19071389
87188759
15621969
16112359
31131565
16489262
6680182
9283802
1068
15676585
15503017
14770578
48999825
18164180
6469482
63683970
81133960
19587396
9916962
17383712
36784611
6642322
16492672
39324713
8341322
14267018
17337898
33665235
29091175
15497352
16299300
46119943
41549237
14691069
76041722
14511797
7391682
11530592
23348736
8287622
50624685
14715092
19494720
82635706
14253406
10699922
808096
17087024
16626792
24214346
17856836
77898428
16886861
39458043
14696391
18071080
84082746
78406404
43419197
21680712
78073182
54485236
12009322
83909949
14038462
29209582
16432283
19233075
17362910
18043013
15356377
74999257
57897785
16154236
18440231
82752060
48496761
83175870
74542716
7932892
16795647
14459642
70069094
13470
20394299
23266951
41796543
13108792
15169119
14140363
14247928
17312256
17892600
37006779
16470857
82922513
17777189
44620230
6461392
45855672
16067953
49436870
4919711
62080622
69612385
15228666
14601657
82843916
22196855
44155796
25880367
35191858
15710349
14501472
15904839
28561881
43498440
19258141
17934657
76254715
45506107
26032238
33812254
14738306
25030405
56581800
22021018
1362901
14952382
645143
14656222
61630489
19484744
65005838
16361004
10253012
12546912
2216901
15307308
7596542
23773112
15180924
37476618
64258628
14291232
64694539
17931657
29627626
17683959
55842724
20013285
16343597
14421381
17972300
11354772
8512522
57414396
26010137
16744782
49645817
9797932
23818742
14450688
82286099
2786431
754891
27983695
43277237
39643808
14782673
665323
29609527
57441426
14361047
15649362
20940895
27099918
6401292
14994532
17538803
14921150
15317502
38108390
18118342
18474190
15900688
79355235
14660863
18989017
14458793
81503307
14092738
14057944
14795030
79663085
81000395
21833793
14952742
18428203
15070781
72831122
14244467
80008097
28673383
17600529
72833936
78862459
13616992
64370834
14413863
17260317
16946066
19653286
36935240
74394595
39262187
14871334
44432885
47673549
19339223
57640608
76888957
17483479
21447425
57779627
14899710
14953280
17071212
15779311
39554454
667713
8803422
33662523
63118828
72404863
74532882
66629247
16645452
21476586
19622085
14006262
24663814
3900311
15251581
75654439
22908422
42592074
14162453
1618311
19339608
74216791
15370238
24275933
14948482
17654423
55653350
16997087
39998519
16181575
14799657
32367229
14091884
63410329
17889557
24963452
16494906
17536684
15336963
14732707
15444528
17387822
28303101
35043251
16270041
20120467
52946204
15767247
65647322
25632002
16168280
48626683
14741203
35856700
28522831
20364691
42691664
7341302
14065801
7204832
1438131
14169243
14371317
3990141
811243
67114381
65706552
68515092
16018568
67968137
24933533
14235193
37932307
14450117
51492505
54866859
10405252
42951486
6377672
65239138
14842955
6487652
35433515
14080024
18733398
54008065
6664462
30278885
23862581
42103080
64065330
8208032
20626731
15177758
13172492
38823996
52273530
23979789
62397155
23463883
30751994
63146573
9306822
18182020
37477049
15676339
23843947
43968482
45061760
10423332
14299295
15178490
16014139
21589561
61008484
17240595
46473269
19353538
21125643
9617442
14184176
16060103
58766649
59029308
2951761
9089852
10576032
40896402
19100583
9701422
48036610
15009074
15115407
657433
16996160
51488412
14657113
54184282
56426816
17591423
8392462
52690794
56630449
20623367
22524533
14063742
11750362
55855313
54882444
17474181
24681262
17569659
11208532
15903390
14437308
23127531
17567636
47566331
16389106
14485960
37636069
14726616
41577697
14516116
14760157
6167422
24565312
71643
24347575
17863754
32450336
13388792
17274794
45080344
21641150
14473073
6959472
14299786
15675447
13289392
14086115
16389689
14636418
14949659
17675724
20373
25816426
14682340
8595742
14883434
652693
48590915
792932
9131252
39503132
28809329
15157610
47840201
16615990
638003
39548339
14982171
19452927
16166449
44679273
7205022
6328522
8979352
17289104
17533
26997203
37622430
20880295
1162561
32352342
31212816
42772180
15979775
19553695
17563884
41326055
37986763
6578032
5937242
34884434
19692353
41118836
3702071
12377332
18504307
27004198
22350390
35514804
28462088
17627354
39929354
14527937
32636507
15409920
39036772
39573320
24678892
25878925
17311725
15343515
18766700
14251688
17462080
17698432
7218742
4688051
11177592
18739594
16118726
21084485
37275120
1862691
34835582
7192892
36021705
20972636
59223
20101174
28540216
16097721
25085267
6544052
8741162
23419277
11261612
10241492
25261583
17750990
15327961
17657603
20248276
31083364
14846580
23048314
14305830
11479822
16361169
17338741
15515953
14278336
13950332
16113985
14292159
15229458
27858732
14320521
19178223
5558
15083358
23714972
16887172
14072821
14174192
26454999
15709223
9348192
23086190
14281875
24192018
8170202
19276943
12871122
20379394
14166059
6468612
7967612
24508508
14175434
19684120
24731210
18679088
7026632
17569848
19148763
18167725
22118565
13981132
8768002
14186359
11895742
7569942
9127702
19532025
14135321
24164499
24165318
24031670
14184383
14139365
