2210844442
4244777715
4273244183
385645626
62466135
15699096
556226808
780330668
3318147426
1336584186
46867386
63822857
2716989510
4062322512
2568324504
712184718
3020764374
2834368473
518999506
3117142895
2383807081
2526125492
374655046
101139939
210441411
2163034838
863517396
18332907
4194846867
2858907460
2788826703
759143264
1219727437
190907711
36089746
19713612
544089632
4145558968
198144925
79694834
51021774
4262978055
1082282635
125768741
3240086554
584588238
42588506
1283825244
91089637
321701147
2764777324
18624239
254469413
4260072653
3389822541
467809772
4259656499
237815094
3367592505
199761442
797062436
15799592
4244854467
198147803
796419703
2815041506
2785888348
2316582074
2903941762
860860513
3008905307
4201872315
2853337282
2870446544
598607666
47552920
547362826
3954255914
496981567
3045895886
2862101
295545817
4330120453
248795518
2584052395
2462972310
4253007761
549297698
1952022900
1850822258
71901414
2860844512
45602927
45029689
18608035
4173628095
15602540
134587252
901456448
331193183
174421380
567188616
340788095
4249897755
179189887
1289782886
3243787182
3229935675
328633177
488695605
253791096
4246396829
263730781
3136447381
457703324
11640
167564760
1230508812
2190373405
4317647052
4317129198
2533956104
2276236112
3226225650
390221626
1749216337
2557547936
311855740
176723413
568328843
2638487334
2971308965
22395420
113677811
228839153
412616987
37574344
4310429174
890798036
483952777
3299884717
4242006753
538303914
441714440
163284111
3542846842
296293742
114640745
68151500
2428940916
2347792609
38230935
49541754
952848090
88893314
756032256
69725362
26457109
2304174116
874837550
738251046
50811467
3179538446
116517841
263722978
205985247
2819466639
49937398
579759636
15106446
1282178996
4234328465
2913606472
4235634214
3633447329
14196247
4234200497
6215202
1111664094
18673335
62388740
1559257586
176880592
80784957
1047670213
537209898
422277332
2257314685
250526666
4121417256
2915159517
101695570
583220954
2944512025
3307140651
253890669
3069046005
350164545
15577485
24380414
14349638
100614885
52076617
39385227
3934573823
482391920
4228134376
461873982
122826585
444613941
4227977836
52675704
2857486792
3306416812
119164185
2385884351
3104845886
609430016
4289251694
1328652008
2763133853
4195705337
469400000
441196236
50524309
3343764483
67774945
3235655666
3355525457
27479257
41904102
28603424
2903049945
1962163256
490611827
147187565
455713430
1575108948
2286961634
380642172
68088001
115024475
2946323926
119658118
374414766
2288099436
20185009
347954739
4218658565
2615240028
83806979
944609730
2438162322
216457875
4179884181
182792101
189861348
4211784563
2977694199
88278004
141430704
3405328870
224294275
123363000
894666655
19119640
3226853798
4239949518
374968304
34209385
2840846385
152038003
2644148481
4143437248
1337181582
3370311915
17896140
3235448552
2761755294
2349200348
486416714
2581407710
4185088703
119307887
24231802
2435059680
2540267144
67856413
88252224
2223638196
2456949152
514761288
841988858
4264925359
115944026
2901163155
15088390
1658332892
155368424
4134561192
249841865
14738107
929742529
29983755
1323707370
4148313741
107706726
4198032731
71658265
3630880092
1625016642
92966425
222551971
27256730
63428484
1075673401
238588786
1454977885
63672166
4164859119
150555737
2314334089
47329364
105784800
4154059299
256817804
484430824
153885834
2258237467
130131743
4255630700
2358242346
2389572429
2828638922
295163151
400817555
39414870
512485880
581644192
2780499953
2579030737
619795976
3070396707
280903912
4194444959
245911830
3173711009
877080198
4241618292
3032165195
2496062360
4196374955
4196436676
165089195
161121550
65781925
4195267937
345377258
20573876
4194710140
1962946878
14991760
385427579
4193971329
133773513
3880381213
176178995
214225291
4193087063
124758404
2892056701
16854584
63958709
154786672
9352262
2992808432
710542992
2478853242
4144600589
2530293872
59675278
199618880
2563611443
479455887
937565198
2228851256
353838376
239431697
53093469
3375810795
2682080629
394631276
158096576
165237959
194324843
1723628179
81823094
454650458
3881260938
3699194177
16067366
288277301
39511035
242712620
102793323
264461823
2366853108
1100518190
298425889
37020906
80814489
2833005038
4180388993
19815524
16058427
622142564
15478915
406579594
177477102
104511378
2842621173
840011898
143824704
108062505
87714645
19342426
708657533
3248219498
3063639318
7331172
2788288331
1371679363
1635294307
130939508
70945488
112652105
499276341
1217151242
387545169
113311746
151587818
329822664
3925884132
4157242693
34123659
101532374
113788737
44413943
874350402
3166407686
11791542
284943199
135119168
2273745276
1900968900
838457324
472918608
251946447
18731065
487506387
111673015
3423739001
26711180
403272557
101744080
3025236480
273629875
2745031802
20019582
2325948764
19761681
917244056
2950490007
424960135
7203062
137186521
19329588
2880822308
67470723
262738855
532542330
31131146
80551480
203112714
38420014
383265995
2810268107
863383243
4169788715
2689340107
2840975600
18969446
11923752
2352302384
1671674965
568739486
4166727437
440020763
100179961
2284222399
3130544745
2919873718
366771282
17160691
14588640
14172147
4166178922
14236694
1336605019
162131404
429284043
4001551996
172214932
362153258
53907218
23003281
1099669892
33454593
30227602
2392226510
53380050
2761303600
355448334
15999916
479824720
2991005635
119935306
1460151979
485244669
72696536
17845184
2437589269
553492685
176383997
2177510963
3055695454
1856453166
759027481
1712780198
4159157662
4149623776
4155093621
16390009
39716436
2684272270
191925160
1603652833
18898177
384235499
782690605
4157587157
2585240500
17117470
393310672
15979448
3907379353
1030853143
2519142417
20433512
4153380910
2724133343
95027512
2933140879
27611591
2902900477
69323657
18840353
278072170
105940529
337112301
179022566
333336612
395625862
148777251
161539093
1976431
132469047
252944834
340118252
833087142
14311424
1536126446
132784076
230801959
1638395628
164335965
3333352503
59172407
3940961
2366619176
175141573
400590066
85305341
45076122
265422758
786955668
3242744749
342102338
424758645
3910562475
712235688
2262966870
40886878
4010777243
2665493736
1497672614
75030348
618635614
99173224
110971934
74846036
1117814298
4002334589
440881059
123335836
2806249402
44222886
1493697306
3154098502
145220035
65800823
237695666
18556464
69226121
910433149
3087333935
2289621716
170625550
188300727
81169423
4112937017
62483804
2241525284
231362331
3320701626
365060710
113907147
513429484
110664310
68983690
28971255
116133790
615506400
1702348088
91209603
198146097
3158188148
257849388
2268177486
2505370329
4132695083
4133150177
2497682707
435229098
4130096778
4037816949
15060331
2890678326
94498419
387258723
3177417009
1525912879
2270386963
399132088
1341237246
3912423737
1025928222
3852209783
823986072
3988130727
1931718134
4128808697
68151793
1423938109
3929503047
269277250
208708593
319603464
56154216
975083899
211795760
288946345
1174593552
4126174881
597433357
20874917
4126061963
327896271
2966531812
405389911
20351658
82301668
132037879
2921889186
13548202
13059732
257631939
38063469
356425510
429113230
80203671
26325828
482426468
2193360005
2598001656
2983236633
128282852
1601106168
78391104
3062772035
401488636
1393557577
256521825
540928297
8384052
376212996
310773602
58867760
968684317
4120156943
1336337202
69888262
2892521039
102975759
2407133348
214008324
13560072
223322528
11753002
2796086393
3574651876
160192233
505007849
12497492
15342747
426067023
75240448
3831456441
2647241587
549319938
124721127
1110880022
3890845636
1057624958
72907352
276239208
133215290
4132218498
3893330772
131886559
95892598
77496918
108755903
4042482440
1648275619
66602929
17095797
772388238
244397147
343313508
22751961
2592723102
4114468085
3230405459
34041928
2994369436
253972242
2611730924
119871903
106227931
62550031
29342462
55123786
2392942556
155848863
391223117
118331509
1495673550
1926725329
2706317821
1298692375
279623477
1567112868
185846045
272830637
408217418
19428615
86778086
242441889
3094641254
15610166
3859956507
17455478
4093027696
187497291
15178819
3316988752
447452625
152621573
1409403655
102211444
4118371574
15379364
42159425
3298978945
297068761
553318918
107176173
25471048
6002752
11656502
200538096
3704756837
222913915
452870887
866679978
121179013
4106430748
90265949
170364692
222158419
2882771237
3171362238
93414043
4100300308
22324929
2596059452
376703838
37193500
450465343
139939314
14118552
5735972
553916301
193426806
122690461
115105958
26058634
1873090981
15499548
1621743326
234665708
484998401
385129309
962989392
46101414
596493305
1615412107
3138132125
62953421
700788019
2479825602
2553453564
36631015
2629456541
4044767183
19146929
3351468292
2657549252
18356824
53073774
598416754
2975190541
3471758181
128845990
2324513216
14301360
357560243
308717366
1373901559
2378916490
34990678
153674742
327451010
229006706
332891397
264643871
370733743
395932156
276069732
859523425
734673331
15442198
63031900
2238594608
2998979178
1797575924
4071131413
4038706431
1673695388
55380411
2889362515
128084337
351870948
162874368
1868875338
159446073
4099942695
18859786
13386252
205298075
18290942
410177249
548618873
632919382
179532498
586582550
2752722844
3852393794
3253747315
290695594
3111054298
293994393
10024692
28535846
308440564
472350956
265006521
2977961059
3301372320
3142277661
139746501
2512936843
17467142
2936735651
158720473
287608486
91116845
25255403
6175132
72975161
105233803
3005354579
4038234073
267340608
473297648
585080307
2822782690
430079754
3399940443
164215006
389611195
3955738816
135384223
28530512
633428645
1946886062
102772599
171139643
1861699556
4094299227
523506147
342148908
185645334
2258562469
815069616
2573709376
368924181
3567266417
125225883
4035422775
378322073
3369876989
3677119474
2214709777
220731200
92802973
101130602
523378568
15381604
2798675911
12825762
482436593
17715175
2790942494
94545669
198165703
79534479
156166720
7832312
4083360441
110063589
379131607
3116816988
1376288851
4040564474
139958288
4078389707
2381316150
793860158
103793751
3360095687
271048393
587655759
269975634
2425512126
4076180243
548305082
14207700
806784386
1227601603
710478553
45166394
23429879
1166661060
362435229
4074159281
234166371
3004062429
19262975
473683226
2436798254
29590244
1958172115
3314873408
16008111
15520129
462043948
79181765
3601340655
3311728371
1193763865
410283679
3379689497
38404701
45248391
4059698591
14852204
19111095
332106377
178052442
4037983103
80082636
3728285477
953788464
165444536
48632036
2793143463
2409607651
3035084230
11847972
2838584197
9345072
1355306426
67691110
238030336
141909353
1067283048
464155775
3863099183
4063100644
1024167258
355040295
2577179809
3296966487
408861234
357592612
3097938163
214921084
83174278
960585456
183020888
336962368
4022567658
128582279
3369376769
28967887
167829669
81265933
2556371264
568943783
614915010
105845524
12490292
3569536823
15534099
247186337
4042386433
3733820596
2198477623
3485492116
155665434
2906773482
153446761
3938427981
16818134
1240887216
2765044528
10357232
1938583441
3814483817
1579495579
2924597221
1081878865
536793087
433607996
3130472701
127053045
3303683728
224376800
222286340
71547019
454099868
126292259
4052816849
497934258
39788877
803824218
2542079281
3992892905
3066086889
4045965323
28431441
481344798
55206024
15418282
20844356
761227394
4048537187
19283873
1245819445
18406335
2355716526
270249140
17463943
72692434
1026637946
108731746
1419294685
4045800376
26077171
70939356
3156874582
3943771036
3200254115
280569723
574070927
2361761362
2565679687
380224202
3412971706
3084834357
1955275788
904261597
488361808
77575628
3172182806
3970283393
2651206425
107718654
171035727
828921907
734208444
56234117
3655360996
154821505
18552548
3611358376
45120234
16729890
109890744
117593408
2437342405
127962767
3316255498
24958669
187682673
380267617
2804398823
229405633
73537177
471985955
236640129
3340376693
2172316941
455988250
3770652197
55598780
3423863217
3074456618
17897036
2325133759
3563557335
1853110345
2474698851
20919869
17221024
3996026718
110338800
59119957
1441404547
3254718257
482095666
189857557
2986411348
3037777529
1354952258
123488065
42377933
26539739
222107508
3992446220
1260769225
1417832989
2851698940
3332585172
256426742
389686194
299058343
4022362396
3757749738
135823314
4022666901
3833179019
44326314
22301154
16997603
3272155796
2704510699
57859591
518657553
3289386464
48585374
215143748
3463157895
520593151
13690762
2846462506
55774030
2484712447
3354796947
54252669
335542470
629946106
1485255282
3397553783
95254066
3948325573
3805264283
186614965
107750287
103313947
40914670
379843002
16435944
15154676
3307186405
35986346
15974883
3304872043
3127196536
808305913
1131538153
133690160
23746693
1052365226
4012122233
2714245832
420527665
3096980353
1978284181
179482932
3366767770
480663879
93388743
520044344
15258785
122359350
3973386494
404219418
95504763
593686087
96321932
18818543
68475238
3995058394
4010045295
24174106
3969864613
4004452275
1024592994
2193719550
4009305142
2782799746
2851263664
3926328092
224209736
1588988486
15696660
3325947710
1706037116
69981999
14162919
2878505923
123515177
2783800820
1653431294
43412464
3504198807
18024915
210159370
2845519121
2309705952
44863883
368019058
1140585817
3958365252
254553317
15296369
1455938684
63578554
52071243
193611554
304722762
3033976476
600540650
1140895752
986900814
51819960
3943521139
24671418
162047715
2464943325
3043063519
2990108457
3929814742
3910385482
2956329803
2375486222
474976093
84340970
2495731652
3417523846
105670512
454903717
2216421105
2597506572
1176917300
14107605
3992323161
373576375
19724955
67931923
3002292087
198500655
2753111438
83864071
629855800
64812410
3933369742
365356203
601673831
120319053
3988655356
2931809065
3957157276
8727712
150429761
49351765
2148863606
24527298
947209272
20335835
825637651
30811840
1561919354
3110328523
707283824
3140675134
3980138183
3427170051
2482328202
778578656
134830733
2868208054
195457778
2365388172
3304952147
433964632
320197527
230364279
2166586607
39456735
1676572262
15626149
107124836
402330448
14645589
3902464333
3246803074
1951355251
3207795621
3972527057
118228294
249282078
49363851
2811337685
3193835064
149502986
823009724
540096588
3910657214
1556461303
55464077
2390349534
869758478
169573338
2600446633
3321552183
135896784
91530089
3889864636
2833611819
3906101780
3905901091
341423816
75706074
232192611
337051877
35298092
3387679209
2538114745
1948455440
254414517
1241772314
1272589842
2570336358
235531394
374608072
247791516
2354591521
3964902976
3856661052
2353204778
3848505314
3964520931
2803308793
2539078015
3901043060
375283036
2279354178
229238392
76922155
17062716
55726042
3130523087
103308275
2226888387
38839500
257327011
362799962
431856559
2372046841
24612361
88889390
715033659
3230812343
415681508
2595158785
2988925765
1377643224
381547836
2332366014
182040132
3955261605
2676822491
1200396878
186157572
2214458150
3333049392
1707368816
103854500
3924881062
2399880522
3021500742
416255221
953171018
2394117080
476435279
3564375257
3381353891
3948261195
23133405
575706953
3299024827
3004007807
860254466
2942710552
375602788
3879777928
14410845
2909777015
61439994
3483928514
347765578
40226728
140475485
1437249559
170151853
94383189
107974709
1249054658
2432260297
16070609
270247418
310321558
219066975
1689874212
15061513
625170486
115564764
192851730
3927236295
136182973
105533365
119706983
22156603
432008703
189824568
258757978
242312941
85371381
2235400562
189212800
2594394726
3931143821
3931284256
14371726
2447777804
7065902
112658299
2874149061
23425459
1514341328
386679807
231137742
317095303
588100978
2149273260
1572770856
8238142
52727083
1512735895
2807656159
3917693241
191049240
2968389496
94789886
2685773779
54097101
2801717686
518156778
2754207938
21624896
47919865
179663635
159896171
3313251798
451618864
3121262999
32887194
2339345461
125385230
67727718
18998503
396523926
166771300
411714853
1209425095
3786408195
11751652
3391803994
112883052
19112768
1505791
74461030
3899189783
3905774363
1348818895
43298869
242995617
354967206
585572927
3908493863
126031206
14891451
2406089485
3623832672
3907785801
17560863
3900676977
368160753
932715811
116861900
83333254
80512461
3098776561
3818491097
563947355
506642394
223159324
1436751294
3896806035
2173732631
2910644884
16686466
23031687
32170510
47104469
15640189
3621994396
1354013023
2508349147
69308999
221865221
270811335
77962012
262549580
202366336
603900243
79601255
3233091701
8528832
2733071388
213296779
497117655
3806078832
1009884763
944574554
457590482
14961740
56307315
3895026322
224759866
478534157
2904434885
17779339
29688934
191831699
2286787314
475655804
1410776773
1514592002
208086193
3666757109
2833495178
47304184
29509732
375428516
3410162055
2671898154
64837465
587474893
322596918
473963628
79573294
561291448
560142733
15660362
1070556991
3793043666
177237415
3302787273
3022458076
3888858652
605991460
23493364
2603148481
375197961
171376169
15336324
3799271244
2411643162
92208790
449995030
162670853
2518914454
126171320
349834887
9559692
7204382
227081558
30286710
198754719
3882297317
11157932
3763940775
2171368979
150645413
26947448
186516104
241400129
36881724
66739907
366284015
31357424
321860516
47571287
1857331166
71465854
3878080288
3845193803
150745203
418029365
3131649375
905628074
254602752
57322116
124543858
10227892
3139861350
243268922
3873748161
70076245
357250088
1321386499
439943749
170026923
28982807
184474494
36650034
27312491
157751381
114493963
185130888
2609390239
12808632
62850722
347848572
131892898
247910876
3405580690
370021963
51063380
2412753450
2235848575
493467681
1270557301
3772918872
85095900
25120411
2160399925
75962759
14828330
1060006279
3768985528
2842148117
261452812
3866093007
16178728
2770432610
398170127
2591270796
1305856207
312891968
154956806
64131537
3612332609
3862933761
1234658588
209049038
3612342735
3612230955
337261693
149161425
2791640693
2194795592
2992865445
3342703673
172282915
49399655
2270050920
101574438
951930884
3291833587
38516119
48680592
3584736976
3406716173
719557363
152677964
30892474
84894291
1591337540
89563457
213673746
384378421
169845652
1472033970
234019481
739297740
84414737
3851414368
391272502
1074912314
16146107
2912030566
1655894936
2415711816
498826009
3739801335
54896608
539560555
61496140
3808320796
3697535297
39317430
10224712
175947458
47576674
314769954
742543218
13364092
3844894228
780781556
14612021
3312082366
1034236782
2656970341
47170523
22858633
3431280747
2415759428
267804221
267998361
133955734
17115935
3307191322
449707828
2928683552
188834474
3010695506
220751951
3458298333
863880570
20485107
3832394926
3765629836
2809698728
18100055
2835737533
11625352
85563747
40229196
3753611719
396979840
146192816
78210042
35706024
2924775049
1461679908
42196538
3241067189
546231856
2900828970
3006478480
3147670107
1657959050
183803161
3369625816
2803854421
198118652
635548412
590101443
115357372
67548214
17266603
277986894
99179156
23478549
36299591
184873622
597146626
2325703520
3745421834
60996932
82704024
3363241521
8780062
2570218036
2883311331
26255548
567327496
2766704761
2905452586
101222245
2145481
3823824856
123242758
955507350
1860449612
62524874
15869838
258091142
272991777
3606791957
3085388691
1520027143
3824623395
756389490
1706798610
2502590689
3327886912
2516885296
314548555
19964912
154660518
85294447
67118765
3096413939
185188461
3820619481
3700674920
104419115
347336696
3817762114
19737324
55618617
95155074
251414110
2882768260
931766748
2234875429
316012440
59235112
616535412
3684185612
108582769
3405443464
152248596
3304267447
262207976
104169542
14306351
1319697194
3720370639
1933896937
2559428003
188570826
262890830
61378189
3809400435
2849765099
24217870
2564652138
309855436
31645123
8194782
27266816
2302962962
1487917368
313862223
612877863
3586830493
3805667721
18006539
2915781592
3309584950
1263549721
513036041
218103717
2484510104
281619756
49638137
634790966
1900242158
3314841713
40168649
2452661694
3414397829
15125200
3794285955
2617298572
313233219
94321539
212111592
1852698673
537492599
626215223
198729985
78134679
1647192090
1290972380
2370704564
43840658
3162415711
208752795
77567856
231794100
1405430978
8064292
80323204
41133129
165520144
322384487
1681524223
17286598
3334134879
585822724
269706881
175129992
314074911
15757991
155164336
2747561166
3413700591
1215618614
2706976309
3784770737
3082171781
176967275
407657924
2241592088
215273688
14047443
2741959959
113732709
2568660499
1565624508
2263073114
16254801
2512423526
87361120
133789504
3694551437
3781134923
151979516
1637385620
2452947702
2316775836
47323551
207021757
2517027752
1252792760
554152851
145879426
985425678
141640182
163515647
354999615
9906712
317544006
213589950
618710751
20600422
2871492334
139391985
247676772
217809877
155419713
161331310
399115470
3717441077
488404074
581499662
29292547
3773666897
3754375341
159195988
151846215
59712430
2994690496
555829914
3318241001
392640475
3772146988
61006181
33745991
26518678
3771808223
14289126
253453188
1963156045
2473712608
14055243
2849246252
125713747
3769656975
514142501
2714318143
18373572
113677181
153846860
3768615737
2374998727
229769034
42363450
35474132
51388912
2578265780
1659814843
2866458259
248105378
267960090
619943111
340391906
2247588336
141438607
131983897
242474413
3347003800
3085014448
3408730317
3525359477
144479534
3635827457
16620468
126719046
39481485
65916439
335041329
3409299047
1044007838
92775079
135522464
152555420
103259504
78872976
1089977994
246820315
56147967
3718572497
7330992
14934628
629523688
13671022
70931314
282988905
2851095003
3246529309
3138685856
415712356
623635802
242417626
360947062
67773198
259727427
2523754648
2496795065
2928008145
123840852
314424258
142797549
1954900416
3742448122
3019707213
3370283056
389539490
42893466
323479405
2521475888
3429534077
1209090841
2260150651
456812224
3657065472
266475309
1087456069
168484235
5359902
3193668661
3270295500
193573103
3728361562
18768454
3168192144
10007832
3729533595
106625380
907428955
1113671624
3322711
386672874
2526867270
399842111
3076907107
22600665
2498856955
2530798231
49682513
179095285
516458896
1963110193
2622936526
3031491
2978901063
2650228464
3404421852
14058659
2246964006
431547819
1852550664
38080020
15020241
3427208488
15734610
318355133
3640617374
1396758937
128117609
324005232
3301719705
3066106240
439273789
481382189
2264916145
62592376
187028750
187237526
2896064258
39174376
80106776
21481721
462873778
81576480
3726365843
773451204
1321161829
3491002273
89279600
161000506
2729641401
290571644
1551219246
1223574590
50774056
773093658
1423550396
3201163552
73112742
381938661
462034446
14371387
31100343
65061698
15531378
6874862
27613367
70220287
338515250
112993117
2901448995
2224817255
2788755428
3624302486
501981431
3408464892
212560421
86453355
16222601
2832956855
494052747
3152955904
65447070
23204397
578229907
596671709
1642644932
268219687
3710333055
3618882193
2665961214
3582210374
3709598476
86861530
10177092
122170760
17752055
1963020548
3304510934
1013923333
2835964179
19279952
878582378
14268046
2904158466
68236849
429669857
3277227368
2402533725
978090696
157262627
2850030896
104816845
3308801102
604324202
2768619877
14196473
2191803156
2290228585
158830095
14974709
3003844999
1008882882
986872850
1363800517
3607496833
62734416
53017530
105833876
978458353
3163742796
223908354
147193646
242966132
2504397247
94764313
1595733332
18206400
391382902
3670030577
66703802
7131612
22264996
1325830993
428592075
117860526
3510911
2419354334
163460079
2719006667
3632205375
189882901
155704825
1872105907
1519324838
3173264685
251743828
67447953
22091808
235571564
1500202021
1511423882
94504606
14591793
92296738
405049811
226832185
18799772
215260428
19525012
107754854
14374331
3252411881
425428304
747190416
206283253
1157489270
16432976
129927053
206650836
3265552374
249634512
453028521
234265959
20176742
769544760
55441653
2882337334
96913272
31084843
1874533242
17280969
2931150644
327511379
721812356
1587049153
148311586
211510793
537513973
38148594
2726455299
1598835842
10793092
6829652
115005391
151130284
211721354
892725475
9813122
5918212
1437602048
3567249622
2664410707
308288113
2260753694
735489042
48374394
3666726735
1603986114
22746682
24924094
387979195
1977401202
70285064
1361978334
3478577537
3516090675
843727344
2982460889
30509439
27598087
545208606
588135260
2157703350
94326263
2425738687
93826618
267338040
192148190
2952191382
230206769
14855210
312750384
3658683016
3579805877
3657738743
2916010658
19625285
2438772978
3074427089
1523570484
955626522
483336540
80771490
3117341333
22930615
15725466
37001131
259669456
3365712819
8847912
3526490293
3645354915
548519397
61742547
222034751
137166915
193202972
9379462
3545963593
2851324009
47277053
3090178764
14389057
43100177
939825000
511605476
3066942259
35866018
299305648
432659677
3548573954
107543738
3229385834
2254903266
2875672067
630339610
17750922
11483092
1294156494
129139698
129586737
979270520
461022475
104732019
246923466
625395155
127263667
3540120026
119133046
128625285
511852348
2478374740
85600414
341848753
48471115
101222686
2415746071
416988020
77942541
3128912934
35167601
121510505
49305551
14195690
3421012113
356114378
601958261
17828101
1490940656
19543980
411065397
23469533
1909429340
3548219013
3246442356
111304975
68102271
189463736
3434079329
88884578
3363845194
62676387
258322352
351900724
3377621680
3406739157
219398413
67806039
126601600
3284953824
24820018
36995367
3425812151
1718002452
3532664715
330221631
2589617972
131160824
3608598622
3518178614
3241036515
3611572221
750423090
95255946
2729703503
82671944
81802474
350319153
2377598576
350314124
23864647
6664982
455737317
2377458350
36377763
2913437599
3514169652
3587252008
2874721997
17809322
1398046963
1055069136
3384641644
14317902
3230642148
334746447
2831827165
404572169
3603558317
975849469
3200721329
3602445892
866613908
835155378
17713195
57349445
3381949167
391631406
856799370
177695119
2760006288
15297550
185390149
3468584182
38509183
2778820805
2989589160
385616174
1591549520
591830412
18896399
19483626
3250276513
3431041899
3591782542
15468311
3321538234
148085571
3590156542
999623370
2285520282
4222451
386244021
3003941803
146913549
3563984777
43688509
568031613
3586548075
3334786402
291493964
140850009
348461715
35135806
14102071
3488347094
1918924274
218521063
492884440
2790381415
559002928
16553602
14423093
1058448974
337960533
3390003073
20805305
3401165235
60623206
2304916092
487993574
888429529
3393153646
1091487608
341910850
19704018
3233451283
2918140401
300451505
3365702418
1363592292
1619499498
178971299
3439634657
188287907
3013248429
397298759
199366386
3570306195
579309067
211115080
18683194
3186552313
2382288138
3568001416
1285434691
2992161152
66619787
128504078
15407565
501567542
17819154
284251366
3395201865
179044538
2904299404
15533725
12601632
2769102150
3293722354
71394069
459415119
121065509
3512557336
2869039681
2364422349
15895195
3240476972
321052056
169953670
1337787710
6520172
558683479
128938337
66159427
473901151
1170218642
205160681
211641569
337771307
217566076
73169020
34533653
164912264
3887861
2899085343
3346680641
45459738
2842453205
2731608902
3381696134
1263824382
2937891804
100198579
77294646
520213715
3232676820
2971624255
5712962
515812415
88666100
109867190
27963559
3311616009
15096305
2862997497
2883696437
35354690
1962641456
321534913
1309904442
1077720524
327356019
368238129
2905417150
3533705535
26996853
3389831200
95069384
320268299
238922449
3533779696
17783068
10244782
222452773
281073775
3436791100
85793744
81405250
39210536
21559061
2395903518
3311598712
2563296222
33148938
469469581
47886702
370649013
58760911
3313437740
14243676
3535121237
2227998344
20820543
1077726050
87390568
270535788
3308620343
2305894879
163176283
3433875612
3432319639
32770479
1516313490
3507939315
2300460228
939366696
3290125930
449015858
45514808
3526200796
3450613397
3422377878
2169901799
3525683596
2592202437
28856584
3524405475
722930304
75145356
391883502
363842390
828713942
3325949664
208980333
2560001694
2734829135
448500102
1115178186
351082128
2472822470
3422467094
126012009
361105265
3422099660
405386723
159209998
622909640
29774869
19855151
42421339
2507429742
95131744
345311779
3439154271
2910188502
264617345
3319985835
3131692191
2310340734
319120727
3220896627
50990982
230116335
73277931
3503693177
14556922
2915642643
2458458588
3352966943
549745996
30224192
225942405
218558412
17751248
467582360
3342455158
332620391
2968470683
10569482
106970887
174844923
2625870923
3240560851
2175745920
1401820812
111566920
1406963840
36299910
3399142038
1007711208
229162424
3494893037
2735057000
3471159383
241287406
2395382766
3344624523
339288484
3223095978
3449714476
116911977
3490810635
328481914
561054667
993746712
39734074
2490938275
2768643637
456024467
48704902
3384775934
15221945
3360257709
128996363
14352807
66333492
141828023
371028637
3480799035
715953114
1339216867
3381225439
1058880018
448298081
3445620076
2276438090
486765889
100822249
172925629
3421505679
3012186954
15124090
69907131
423864993
14517691
215320856
535677416
111276565
199072352
161231003
2892748756
14909002
3439746089
96134174
1116177517
99766896
1089972787
2322938825
35831938
161228897
3238518176
3429272481
34878108
3364141024
30895302
35646548
2884249010
103018476
3379695875
3365658914
176592336
68395394
3044838875
720644142
3435521188
16479457
16362921
203008971
1646817650
1850640722
197466817
1068356107
350549370
465946058
513482559
3152225763
301400761
14880934
3225167765
348979396
3307570497
258708039
329537715
114456209
22971117
3358505049
123879347
555087338
56979147
3355522452
602514454
1341078792
482766012
2834778206
3164893586
15103465
1649705628
3353657174
56439764
17237089
2923179445
1954741476
14511551
40320956
15007472
151955783
132882990
77348292
432791297
87217948
228904476
87815043
253092679
3326970996
28307055
3001747236
73170637
149185218
155659532
50339468
3449477669
1194461
14441858
23118280
3035226243
128153894
2344812704
836528581
35580577
21038521
2894556287
153739210
15885249
119328096
1073401778
1252184952
2963220807
2216653586
43713622
1594807806
372164074
180864266
138397263
3269043942
248781682
3256894506
3288635818
3253560612
2394351961
106901003
727727605
393963404
2606445823
2367434282
2560220107
35722673
35167663
3438931401
3207855094
3438966652
3319679352
412173336
14870455
361788356
19010734
3327190459
3107704927
34326167
15041092
296116876
34149454
3184810537
221381625
1353976424
42649795
539646167
66691542
293987144
194702310
48771337
235236443
89521355
140106245
82608730
3154083614
14345029
3302791707
3066070271
45560965
608323987
2593413428
1933991155
572271544
58028975
20355001
306212752
2730863597
34246132
607563710
103496606
2173813950
2234307235
333739999
2825039414
3389608317
3325450297
3322003244
20587112
3096599704
2995610281
76611155
778008559
70112208
30060512
3155918173
16780884
58770311
1610683790
182729785
324332463
154568472
2497338601
400805028
3434358557
3433813511
2427164316
84434355
3434506732
2733352117
95609322
100093650
2835551254
240629731
3419749318
833688703
3434314623
1238628674
1027100402
884062908
45848597
14180671
3409861935
14339360
3291950024
3233746753
1635471798
2297561498
115715289
57008813
624590348
23409275
150122521
1462726634
17011447
1689980790
125999933
104359736
526526793
1369164314
14207827
3313690839
16599541
610701965
9087782
141156817
273373877
95119166
295648540
2955750305
220298527
2229031085
905478740
605597002
125275034
219780711
256669935
395770110
3350542474
1227667801
28904931
364691544
3320692610
14136938
175369638
3432065019
2330566393
934243412
558508006
489321500
707809958
160627846
884159052
12636722
2842145601
2882656385
36737721
177067709
3226320995
391038518
3421163663
3310313816
3246936024
3279522751
2663064902
15412647
90600645
57847486
1151619763
267625901
741590466
1645017680
42943231
3110171957
783277454
3035526524
90703119
79489036
9387342
2610310375
234854274
218522394
196775044
400649917
52688782
296052854
231635986
548056101
3364426635
191163270
314621833
41558182
1382522023
3426571889
97676698
2625077853
21537513
755756797
124233043
2940201230
2194437872
37904854
312900660
15051289
469794683
1497800982
2218370966
1678184244
3377081031
117360439
3055870445
3184987848
60055343
3427236581
3317297658
3296629128
503527915
3028672810
17049601
255384777
2509186897
2401831028
3286586251
2193357363
193422613
3308511416
3407307471
2854964124
3310404978
292083089
2966684849
483533981
3404884084
18518302
2735993158
319145980
3225459248
3260450202
1594153045
3424436679
2596700060
3219808748
612929278
3423972317
259322285
47886750
22354759
2754876414
1213440492
37964487
560526320
2938721548
176032887
140506972
3075353912
191046466
2740624702
3315182168
3370295799
3097133018
878837402
3423437417
30927595
21681277
367918125
2916915404
75852463
1228499268
3267750978
2468047250
916573021
3421623801
328037059
220701973
361244654
1716966452
32358352
98129757
272604970
3229958676
2602278293
41597915
31669865
38995544
385853928
175310797
224887940
15213501
3314461770
2260753518
3312689829
94133389
433660638
418801280
460422135
401501219
955179523
91384717
516848691
69038278
17335967
32407043
34549233
2574598217
3270296678
1065547296
2336755164
285813213
156216150
827573972
1058756964
481964217
293818830
3313672759
769017654
3419551264
117674978
2326368276
733923998
3313771742
271776845
31202627
1075778364
393298698
142461815
472395150
18299792
139154231
251857575
3306938141
3190020788
224752698
332013024
384149157
133728207
16864754
35012277
3407520947
213154447
15723741
452104880
2709908070
3311806136
592855218
72176983
3034626244
3415044305
3417705670
73772270
225359256
969591918
64081358
268907739
3312941053
18252355
1066286028
13127852
16946618
3302548562
331262055
2960068225
223773221
3352361950
3190076152
2610624774
106739366
3415706111
1517045786
2878805106
2829185206
1448420899
233189798
440990080
419519164
91964621
1261874996
2588055096
169672259
3089818229
143527219
39495375
3290500641
2826366939
3131227461
56567613
60105543
182942828
41596284
276043593
330547546
3406058116
250089366
48764102
3402709827
47966580
914146537
1014634328
54120784
87824098
72767589
163421283
36248290
2510623601
3052666054
300486068
3285780973
3233133450
2957207509
416514065
585658666
78853426
1331215184
14816810
3252953356
3407233210
45519641
194816967
490652440
80269240
87680547
370572090
29026124
60249139
3230748680
324032338
2423089154
2525776452
3408363963
2396486365
3262683740
254082527
2300931968
3299469291
380396201
1889193170
16662813
3291123575
872663304
337886525
314365799
2423469973
53647977
362079329
16449643
18548136
86948160
84097273
555847754
83880093
1341996595
1369701763
44120300
24274770
479526386
1006051309
33299888
503971702
75387865
1306251438
43335378
1319526301
3397825066
205795059
20509812
3083147142
13956872
177552115
29842629
25319853
1290300301
87887082
229061633
3066139666
548978554
3332568465
621852175
347895534
68692486
3405453226
140857864
941916871
462896413
23919700
44692709
1254303714
263271112
10431352
82849147
2375968669
288352204
260608639
434014086
570771948
33492583
415747536
3401365059
1686671160
289927342
2279077320
130598762
3403977033
2610529717
3395529101
858634777
941168869
3253422517
941217030
155944170
864974648
883260480
3403512556
3400571998
202416219
2716863550
37916396
3389871892
1878221
3302819917
3402849947
122053696
3366500913
2607536592
1650035556
464176428
505007383
2809628610
1268058758
2500517273
92925916
1422480954
490671967
80006478
179140257
2782790250
15345576
3340261487
83828062
120275868
3040870893
2587051963
3395842553
1262861035
25145043
449030225
3290586085
2552772631
39177790
70408224
20254407
385826737
31140525
1552357519
34708349
103341184
3247044982
7316582
2555401843
16670924
1209399732
3017495159
16488158
339922976
3096959758
15455532
2786161826
1147041595
248267052
1029852240
286254707
1159701139
478495085
625786905
146535856
2851721044
391619923
3399154432
2726196341
3113620079
938803448
3386943005
152256329
154224716
2829518264
1352576198
2461508198
9594162
2559503774
2842751872
3111917256
186399398
2772878708
2410478042
2504702280
445571788
29771255
47214321
33270339
19730375
3150999760
78616357
2333617519
1575462150
107095610
1727893710
416175254
19827707
100129444
2436777932
3397093445
625578398
559882002
563963604
15217996
113572873
309926093
2894478361
14349545
400906791
320086289
3302086009
3301952232
22553152
19154863
1536056791
865678370
3396166151
3292705238
154498635
342856862
620325823
2391217909
583768762
185749073
3061374428
398262483
3395821696
2420051820
951779905
2427858608
846486979
2679934087
1523779868
431629790
188728301
2746490265
3301159986
590460454
26358863
183343412
3394561186
2550033162
2330506190
3297864860
3298255346
449702465
3300785156
178958218
214003545
771018012
17705491
90133136
241171467
37673176
847548757
1117261591
552673169
3300298118
2553286848
29741831
28156131
45714059
3299417700
3075687446
2905971404
1583165755
248177312
19181717
1895974195
743033054
125891544
1375328772
3293740627
18525084
90683792
370336625
578898433
3265584932
27450176
214799410
2978899575
3044427149
61001818
2619731118
411860391
241242482
771919147
3383283483
78630487
2859276329
89512705
78441777
16196529
3323836054
14095836
115562174
136269561
116463810
3299036658
38112795
449212441
24614583
55884701
3299011459
76075579
50352916
7119202
1180580330
3239105175
2302191113
3298318914
35743173
2643574126
1163745390
137445205
358155736
326978536
15469609
3298027741
100255616
343326641
218459492
597322991
776619
629278711
2942847729
322295461
270478792
64046992
3261042673
332806720
3295650385
113105190
2994079059
219059393
63213206
881790589
82305927
3252340153
18713567
5500592
333254080
3382323677
105436068
396668768
15426707
2173709699
242764944
3281839382
2421608948
2857593713
54647307
3292520756
6640772
1301328048
2300031986
3006320303
78312009
727073
335651965
2842727693
38430008
142944712
34793794
3000142102
19237029
3004331536
903713209
828561319
3308091173
121720099
3358760632
293422978
3064522523
88782903
413092636
559837087
394038631
2556344630
183472655
114315301
34392691
1010500908
42404217
81929622
533467422
19607532
398592293
33190208
121370524
2281051170
115639017
323349728
147709680
17301525
385395557
3388034591
131133824
2234768954
586559397
2164735038
13447042
3139805662
3234273812
39506610
3288181278
19371462
893690689
3287752184
107221003
1017364873
312064583
13525192
288352484
21081352
64793683
20687152
1922602891
95533771
531272979
295155082
14822131
839614646
17392432
22288915
117710026
85296587
3387050386
149328992
3287175350
2202457246
2350433017
150957488
361500327
137722506
3064851869
155188861
253257363
76485799
3286238802
220448305
18281073
572207532
283992398
3352392959
576431184
66489629
73213279
122689879
3030371917
15017738
797419430
2810050293
2599628396
316298042
316359366
631883198
100153971
55772553
1238971100
14339153
484477723
246566348
3286046671
367864062
3385048845
3239939280
44280682
1410866984
494690849
832680330
2927432810
123608480
320339759
245086337
113333414
390813201
3380139916
250707678
17941504
130395409
401497788
192981548
3384233235
1559517997
1434101803
377961152
2788622206
3372218097
789572804
1606608696
3224120882
3118803425
1957321386
303518097
231091379
359531504
16740889
113195612
2356758131
507359908
3296183615
3341187309
2623325654
2826411577
14623917
3358648240
23835351
170616825
286070499
132841367
31678836
3267575311
15840842
186333440
3363618100
46435662
483425317
98908939
1450353962
407986955
173117849
547326524
325327263
3381657586
3272836052
598560198
2905632772
1960690237
140751745
2584310557
3380894392
25281217
2917478385
2238861284
2468679277
2575858669
19372864
7535042
57099872
266198325
89001136
3169967380
37474210
3380691665
2296462380
3347726145
3379374196
292909585
3380283477
2844271420
26776475
784833458
2603213234
2346505662
89795098
807220998
19046554
233544622
2444326327
2495800567
86511377
951910178
3331483283
3275133272
120912453
454237768
2493557664
3308309781
14360094
1172437974
864419792
14620787
2396172530
3295682590
14686601
124556564
291794891
63305466
35056747
977325889
2829875432
487913188
3185232085
14302386
1580635442
173851990
223274926
2590933994
402529812
201218810
220573538
3730691
1690170770
3352801053
536177964
21248139
25586719
480854759
634318727
3188686124
3018836234
2515571626
60478457
1252466928
4244
3347399722
277679873
807218539
3375260195
39541378
119655425
21422176
14551207
3377362637
3377310093
3377255255
159222091
20836599
1477708897
242249353
45626323
2450153814
76904953
114968744
424889226
3377070023
3183426909
394226266
109044685
2872104646
3082530113
1229218405
571022279
360013333
150575831
512416959
1936113367
351028549
444599648
308288733
3280003004
2445107336
73430976
234324393
51318825
18561616
313804271
463746645
278582571
46272068
240400130
3153874869
47319522
3010361339
12376572
113546411
1713585152
3368034892
94503729
53709859
1953240266
39029920
1656861642
3374490796
378403757
3344608252
150693422
1446524450
3111376017
2403105204
56773702
257058540
31406691
288868028
286491005
440381515
395181918
2432270588
3327019600
476580073
1907255442
600132873
2453076788
2813241042
82370953
3335516481
3369998187
931609303
85704856
95953227
3229108858
2296484796
2547058671
3372019635
1006198662
1631198892
48853819
240842870
1494364308
3100171299
3371498170
901770450
2841570057
2988048431
308311708
489972741
2739872052
1116205254
3267677538
3370660264
18292662
149450818
1128663517
223391358
2889565394
3359454574
2820201736
206320698
1454984520
14757415
3369590951
2311653805
1457082524
3273479880
186038890
670843
415617152
294750312
78258270
1190966953
152365765
5859752
2296043780
3191383958
26732419
2197488485
29011538
1137374436
2446338667
3064220069
2789055262
3354723261
3272590544
3273578304
8899792
54541250
2848898122
552838935
3367865081
226689682
2989819607
2944906503
3309050337
3009847916
538249851
102497276
109519812
198416352
33783468
2992167484
3271078957
213648792
3272263771
56403518
2729893813
759113064
45683527
2411322450
347940818
154331563
391648375
3366383493
155246921
2591980254
69688692
221292511
403490254
14367639
2414668711
2809413669
3356380443
3153228461
2210896316
34507577
3366026248
593936310
2867683523
19497181
16330986
85783320
3167232495
2929416773
18227564
3343865843
1548174248
3239621102
3338218955
3146073942
3026089407
2972053677
3365575306
1608064298
120888732
112600824
705266876
205760874
218669509
15647680
15656399
126786030
21028737
3271326122
8367072
25308146
20499739
1562168359
16440147
2231694032
222643078
392863371
3341031143
14365183
18237137
2411369173
3361977339
3312270118
1055033785
2271992455
260509503
250268654
15205492
403013165
636187881
214897129
234924050
3025053214
2892678738
3300864046
1920189643
2782670712
3360510407
3148598850
2927609209
1412363214
3221297339
226756057
3246294742
2807121223
3269993413
208970315
3708651
2895264336
512286861
2359696536
15195746
3361603355
18347648
3259292654
523183781
231187770
61220137
38660882
127717131
3350930536
1348968542
1404225847
216735901
2920228762
48758002
3146896376
3354333141
2671417741
169502014
409582399
37516402
3349630407
1589000216
795589339
90848475
3358875339
2157091
2883157715
3358750900
132460126
3056844979
16680143
622681935
2382572647
3136194323
52338293
31369018
2490771769
3167137715
14870047
209181382
3346489145
505709777
3023131791
166127919
110199265
558371408
2184918918
3343155293
2669248980
3352987017
115289023
3266965243
153763123
78083429
579664556
2268888416
3266229618
2330413429
54549468
3176492969
155618348
16188650
54093876
91074667
3261158040
125965129
170086235
160933744
3354911465
2365435990
161331161
419554445
2558801642
3300377663
2961713776
3345550864
85141568
307503830
18630058
3086195823
2262472860
14850781
43109132
56955135
3353838418
324781680
286047121
3307224646
57962781
3235077388
94314242
1442029723
2175799357
1510017937
631009638
294526524
176272482
140178936
85043814
387638014
304896481
19376072
3314218667
109891483
18158361
755908423
225079143
2162881159
3352215623
3256969590
112585344
768273578
13347772
297763599
17720712
924768504
623525286
611531558
3261090314
1095035928
1724812476
191895109
1674721536
39216647
3224331315
27852711
45886222
66169480
2597657494
311661493
2896396726
477675558
360493685
3342682019
3298955999
349438420
3348714471
712603514
3101163158
607123971
2459905224
2800354122
3258732110
528626516
190690379
3259148600
37882205
92098485
2196055016
14129167
302526591
62733494
68307474
766143596
461326883
1079477118
19335866
1226657802
18365424
38186446
468779952
2576405706
810650034
334196536
89919051
2943810825
2594975905
89117658
61971737
3019576966
2602936472
95286179
138288643
107680883
3345549093
36904403
425275415
2896801
564509603
3087304953
28356885
805514155
3258047359
180062650
56808022
2815240675
3115278711
358284183
25208661
2933668984
2234494071
2239772312
1904375486
127293260
70445630
447680345
216472942
433220123
54349155
3333144041
14623577
43770192
16035288
16603418
563383688
48986826
36184190
3301317987
128911565
18393292
2369817360
89663669
189134025
26005728
91196312
58160689
490067114
296693845
33234638
396088107
3346281689
2775282138
16050958
2375230965
36669573
336946579
2824889319
3335813285
2883544239
122084699
3026261860
447343984
14968466
2866217175
111152920
362509836
2582694781
320653788
2381351354
440758737
110925289
48407057
235235001
44585893
2661557120
11435212
24009489
374680849
71487843
1219783292
3171374018
47930361
483839964
200027180
137074876
1934081953
3345302968
86468243
14134530
373780978
2554497750
1618500732
15171722
319093046
325843514
287350075
2284333321
21852940
824587753
3123387047
82578068
611817117
548403532
17225549
199483350
3127060612
3094525462
3042614186
2340401742
2281771
8512432
3236312568
414825901
17763605
2608666260
3919671
30850369
16735062
2516937426
3330293927
36037190
232684857
109611350
361315147
255399300
108657858
1216119654
3343196007
44880572
71401274
92142075
3343086929
2800590742
14285441
3253844030
1916677075
47165595
1413023869
132010021
583283669
315289223
413183566
20146588
3109663233
2851979830
16647362
22754915
3170229224
1712002860
2470476541
3342280505
199987944
288444736
58064790
34660081
1719015805
1286426562
3338532676
56220316
120859626
2682869743
574797109
521188745
14749143
3341785605
479564261
353309156
2837606474
318924853
147938170
3014243825
288771042
26457278
50696426
3107096191
283695794
1565431387
2523522648
238010365
3067930637
3252226766
2863273999
197973013
1004651600
599146625
371403308
102901690
3251678640
193714328
3065823322
290352827
1978499936
237981588
16985559
41928338
3333603802
307394461
2430912090
2197674290
267800045
381571189
2729059758
162225727
2801517174
3332610941
343445166
2712489380
88483907
251999238
16089318
3136317748
3311001730
3250392750
304165652
38908977
27100752
2362278150
3249984834
3242998848
2927646852
3226426385
3334789659
18683319
21438121
398761524
74967060
11423042
97406327
371613047
3249253146
268975786
233936973
378477956
3331388607
3314765963
3249501271
3224801982
155062499
2208130064
3249282925
299155826
102719564
3333500524
17527933
507764383
1845703933
141290461
612136824
561101197
858196730
14111018
64147816
13744442
3242285492
114355728
1145310452
3332408338
170990429
2549315558
25540569
585954558
7539462
273068377
17336659
2911557370
1561997498
584831222
87757629
896322654
1438099518
189417765
1048636771
2865452302
3188298913
982122812
14859072
334148593
2161175874
31506073
1562559770
3314929894
3247970018
1694775800
262466715
108620965
428921976
2397750459
64308606
2918501637
192273080
2770194602
135126807
185186038
1255812936
3217201816
26461026
15637085
215646504
6036842
90649479
1154866442
547469586
329576583
22800967
165699404
24120310
73662023
3316459186
57723799
1745324930
3321827632
336477569
2843754995
487475539
2552881997
2827008916
401858202
18861978
283470514
31160436
3324988773
90990378
3261946409
2855214792
2668977282
3050621106
621011837
19809371
43636825
83952177
163578380
525884112
1180792897
747502158
3197375732
3245483542
61892461
1119773022
1073275747
287734545
2791642756
3319041011
2328711577
3226033625
621297151
360748182
2549939473
53949062
2219813062
70208549
239107299
130245131
21075291
338967462
2681388799
260147257
1012085276
8748292
508953860
14252335
61211995
3245427278
2875595871
1296231265
204869192
2371903854
1933720292
2223502441
1601397944
584072643
189641694
622485381
3232224121
3246236381
1889812831
132492968
1464025813
795296280
2152033020
3323993121
2728367929
1264189742
195945256
305305473
3244521439
533886832
2964091
3323082011
252637868
3217828847
34269050
243565613
301961903
2971860088
860734716
2291677239
1083011918
561250638
51745827
112655504
11553792
245229430
3243882361
1966105914
531914157
16255915
767926722
163361232
3200715670
50084066
482373498
2963324646
304268670
2570947158
368180856
525393989
2615845718
2340811518
3320331687
2869001388
2815895966
379148651
3241108352
18556618
2505074490
127849858
23332565
141963612
14582423
36633947
113517723
2967576185
369041590
206679796
158695113
242604767
3320354044
2802405690
163400923
913479379
9787642
19208257
102007113
3318788733
189258748
2995528185
3168980944
2358349365
3219312716
588079749
15427141
296773929
326654147
3012715885
23704556
2857610704
2439219043
500161032
54445069
212795338
51297161
54246282
15782688
62959755
247558674
1368007404
3314872529
136579821
2507690821
627293616
273314367
2982743657
390850855
38697116
107550997
16987588
3238464584
3032080389
393439660
3237269900
3231755850
57327680
2942423301
1473875179
240828104
56724140
491531410
417257403
2667388051
630733550
35418181
3062223367
128785969
178667026
1957366399
266710915
3312989770
1642670018
3178191120
2569898947
3226836860
246824025
75329471
313976286
948413478
14322892
125309094
164664698
3192063086
226015911
2612257107
192120655
2987996595
228550866
2861090215
2998205290
279263086
45523606
211802466
2823597220
3314578702
3022752636
103262098
251622859
72874177
36431775
1026818982
358891147
45933191
21201031
2710820325
203590463
53739638
517937555
29195880
14485667
14228588
2617201399
1242496856
3292749273
362680480
125061424
1311573158
21388738
3306442384
408745367
2231581488
3308056023
72802642
238021927
68659996
1401761828
29627193
1965219121
405649180
31333914
828446820
387514232
3302465163
2950033978
1429053025
2997623503
1380566418
81222917
3256639805
176315952
2837469337
3311722689
610938743
1640402887
2380133797
330819252
2714502547
2439933992
384459432
17671821
220704755
1343772679
431626888
37585012
708627128
121167024
472551082
605720590
2531475018
528668221
3305608869
2914217644
3300799637
51105513
800694134
3260186681
40951582
