65026114
14360971
193027242
25592220
62784370
620451115
15935566
551307679
43836109
14699617
350209909
121704727
113573104
1629973801
767745716
1113949435
237063537
71154262
139727925
279185110
1623582624
27910725
33961607
270561649
16935605
263710784
437495635
58615382
339036388
1630148168
13959182
14688444
316792184
445151188
1273118174
20063923
1165313912
1475897509
14345480
220678125
26554338
1604197723
24904705
38639217
189604106
1180610784
103716989
1584827917
372724960
20776030
1613637061
1622727115
397783063
288335754
570085499
564386066
270971294
1625222742
109825391
1624709874
1562458885
918004082
19152709
954189332
1077623702
43846682
139206676
41438414
60591794
21052600
33100118
1620160410
1263968119
246156463
113942357
481460738
1621631124
91307506
1621222502
342960996
90773423
1539101456
263810519
948356114
1616520217
415507297
143593648
39466277
240366121
15342866
1618418910
123602546
777659442
442130598
52384291
173643259
48732236
1230156913
560428832
22116872
14340555
131164701
57997634
259208864
156258083
210902022
804457
69047334
571894983
539998883
187160577
202502257
1615167150
440572556
196973974
28808774
1534047626
407758728
18895830
132428640
90532749
237102908
38183155
130837324
53307270
261736566
113311172
1282697448
14962334
1598249120
28114986
1610796439
101702253
25347559
254917755
1023403056
883356685
147158427
592572165
1219485804
54167699
753461467
14719387
409933955
1070840280
306065936
1115873486
78588383
14620581
1608341666
38137521
781251
26716203
268621556
949602384
977993672
92216186
155621556
160194511
349757076
577096889
537426329
122451006
40386974
32761945
1038147762
1585557181
1605882602
1585726572
146571390
445197645
50574341
842704399
873926216
158633490
87392699
1605165595
63774976
142053008
31236848
564773055
44199689
86603982
78201627
587264393
81023052
214515897
14264560
16167275
66125918
636878254
8280742
1145924449
193542594
1602536952
28527317
1554524178
73704272
321207773
71613246
393513953
24978604
1083481
576584342
212643599
146353175
1195982509
15941493
305594392
1601033610
139653716
65515457
1600429320
92734397
41262579
71011129
80869279
27722318
1599260270
378728978
132848676
812278520
35196661
14647778
101638990
1491346634
4464311
19422215
180770475
29770632
886414285
454950597
28965966
34568038
598638080
24259561
1577134350
186413326
1105714141
28967376
1589576888
557272624
805984543
1594620270
1506116755
50733931
97837058
834195186
1575086192
1593092618
21750265
18670993
18104154
590792464
489372540
1591588513
309517407
749097960
513306645
858007507
7466352
120648790
265691336
483805620
172722352
583915003
1498447058
120181260
1564132892
374026753
32856860
64522584
128693092
424220349
348089266
15094925
1588272456
990968276
220327782
11040692
182111737
21423052
18569279
512182903
17679287
1305676308
22331299
9113342
21546812
245417445
272823908
702402595
5751222
752741029
8784042
740585300
632638631
1585364294
1311553278
272867596
17052143
87613751
45782017
1026227107
149421747
142037442
19164093
472164662
411612715
889544221
1264496996
248166324
87904187
60519262
3836851
108943868
118124040
14426887
1527664501
21023214
285557138
725001344
17734566
1396351814
14498108
406365529
43505848
401049767
357132149
301008525
1264009034
1544043758
195819813
539284086
127894437
49337342
483359867
507706100
87213511
1484377176
1579753105
1579666801
1547395572
426308044
80267365
156469402
41970517
23859325
43616168
305520103
1577983148
421345274
1544203098
37679533
29687293
159058774
38397233
269793395
14127929
615280068
615217978
1542270878
615177197
1351540872
55326853
80179307
967952862
86763802
106863827
29140902
27009851
1015440301
572354304
248802262
449743543
108274418
61461002
8304982
219521196
458547677
298482612
12097762
5523632
1521332509
52578176
248482406
279235974
31007411
12242242
14570785
17732159
28468885
6339112
269006186
277847566
33131127
5143121
600220983
123878251
390288879
234622740
310397463
27429125
63469889
1567201770
117366778
14414446
158373073
233909495
1570132268
982348118
1376332538
131145573
13146202
68306372
1418830188
26267236
383439340
26445789
1272299852
156540159
360379011
27661930
10511082
233160616
1122892022
919941247
26553261
65058700
593494961
415853441
1466485674
17523265
50810742
271052141
1109838050
40285064
138349770
1430553217
1017600109
17112602
83408718
14664417
38646734
14196058
12068052
14290923
15601238
424317769
229564508
3680791
35529616
364470154
15900992
620171816
634637351
390285531
29870298
1536170700
308462633
39608951
89580270
1558310964
67350115
59090234
1417033686
35307259
1557850628
769612135
65351023
53265777
288762651
389886900
96897142
15204046
1268178733
12024212
1548554520
406576374
115127488
299639169
201202014
439417108
7901952
36052726
1554115909
536278897
397266847
14788852
311036975
1552998770
143287631
198668066
87073387
139624155
185598174
127641024
84384757
62339160
9631122
1056868033
987874291
17867689
107836209
1165409996
52684007
17829756
402638879
101843285
21227613
20475089
247449845
26702926
24206156
147361091
1548817951
811250586
24161710
1533198938
24811379
1547398016
20477209
221259199
386299164
521526406
331573759
150635199
178386639
17848023
17932308
385929148
1203391680
4390481
15190313
233312000
1277491879
557274529
106358597
39645468
151377820
116659571
792147523
21773547
226151213
147716300
44561645
42455777
885268580
20638573
1541007116
28224318
10741962
188062866
62829070
275283694
83644294
1038110960
98289299
1539885870
112253279
193574294
77362039
14204104
515051063
211939861
12775382
1312469845
1539025489
35438936
1538649408
23368207
119184122
101947847
1458704852
19803217
1060047470
251646812
17067315
17181341
381791526
1137093672
118024036
27650309
115079377
17375437
112930885
1533899281
24823057
1535601392
1468318982
9044092
17195963
20470653
15058294
70645973
176190376
1449395276
101543006
1534238558
217319388
166501237
387246780
322531141
1533455275
1530275132
1330824374
856375128
1347462090
19108665
109781132
16043893
1529870635
278136970
398216129
86667854
44769245
15455533
159127828
373893610
634181691
30534951
91347250
26966750
10316212
18720002
48415486
256883574
20143262
139047182
117378142
73542924
136515437
15159985
81968563
4424641
218414274
313190305
424040577
19030991
30209960
804923588
412924683
114031160
1525809806
220083820
34366832
32940340
7858592
255305130
405469531
292088080
17684942
47288898
1288977475
47167103
11497192
319936936
278965669
43853289
198547311
141147690
7994452
378748801
15368190
17323811
19417631
192399518
47706587
1291653926
1520587512
422783362
29202994
1506094140
468679316
26049977
206315722
16694670
43292602
142826613
15481453
56607259
232331714
243668896
360749781
218494308
1516563516
27370707
1515614791
34948639
90480057
207982068
124774733
1515602858
540053915
1094992878
223606668
1242874568
31845567
171491025
1285094988
221864743
340276560
21008764
25966950
467448292
1076385222
1509894650
149742919
293722374
43927264
1502447148
14603669
35355940
102265820
18985225
16513296
23350651
888357852
35854088
14773714
41735820
405731273
466235437
73069248
14169072
246730116
5154761
465897036
186551378
8789982
790192
21215030
7464272
21215090
34944987
519388204
213713122
38697926
64870902
79169768
91207786
43851585
223202362
14606341
291786408
104777612
1492935403
22723483
109238162
15967625
248062364
19142549
63582605
44181068
191751688
928533763
488101427
1311168114
432744408
261840312
39260876
92932071
16223642
162789900
190633664
15594932
1498863464
104093712
14986511
783184854
40966097
196610452
5536282
240619570
18042596
310768043
183586161
1211250570
79021748
145708113
277381461
551982881
57646172
5687942
148649530
1495689169
501029918
71157849
539850832
285618844
618600665
883538400
50353817
21792463
290728764
831735666
305801144
1492494613
417092140
108350607
280197652
278483009
488725189
1492105885
44024780
1357139221
401185638
1491095996
22833541
18888643
82097629
159157066
29677364
65428126
1376806578
1352696612
501182371
276777071
1462533210
14924791
203288675
18045648
18990630
49469747
14234483
279115592
443879999
474712761
201637225
162122935
282050346
19118507
629779677
99254175
35530402
1478120059
289462101
16244914
46190825
115090325
205140235
179816782
6572032
5687292
48335348
82467122
1014427488
1332445705
205633291
203930412
19870671
145178147
387572406
190233183
486011171
397238476
515302738
225538027
482161758
56826987
222772986
810751110
372396356
1269366488
21787974
97236863
391205339
18282610
210508284
42910002
292948711
268245927
24862844
183719690
1477324526
11537822
551051290
91049188
1480693658
17651116
1464787579
568109114
1104187232
93175101
18679333
1426520336
323674730
501490319
619476755
1371129733
1472806698
276958669
70921671
1339953474
607977682
2570441
175456423
189844684
52583469
1478277464
1190521782
139548879
775876016
561902976
91164181
17754650
49940887
19656560
19822759
106695089
1476805837
15752863
486319001
264119425
56488138
221532062
428503546
18121420
1475503802
19711725
1475297755
14333283
606167847
14299896
51078027
392777564
1474068228
17886263
875269964
47746223
348653592
40540654
572131068
33043915
550002834
23904728
470355380
1469970661
123831588
1325324892
238954500
125453913
1264761697
28893400
139070686
337352441
305558783
439199551
748803
1042884254
120272599
17676034
343391743
88391229
15515099
193835586
1030933764
9736842
1466783396
72581624
394852412
1348126027
532320964
169100760
42611881
148848381
1325259817
183250359
14146288
536383668
70901694
265871179
220015158
246092326
222346053
613643868
77907660
51352232
131515319
401986835
156550354
25948419
1036266103
364674670
142000642
24902510
260145986
80884722
343518176
38413436
1338678366
1464103802
39555022
93929373
20356416
1271710802
37327182
218657031
25281935
559891245
140349141
594898731
106657844
14972539
119343603
67390896
5493072
16201950
104938939
132589480
11022212
10300362
329622747
236034174
1454965782
18011997
100038022
7292592
20313251
17935775
346532023
496186507
174961183
12980532
299876205
542335216
1459314002
18211138
278363568
14376896
311665794
6369042
1031017482
111436669
1455116227
14495645
400771294
49913399
633069238
1309956968
20357520
584900751
16869356
996806076
126010272
182048983
15898256
6690172
126661057
133224601
15134541
15238540
1922841
1403262889
294399237
40355551
376672034
176478798
20179407
936731700
16226402
179049321
52669209
35448647
318281155
85520050
600331761
27432293
390837365
25252107
113614251
1453303004
82045293
11814402
186775605
56369316
34722763
12676032
151175288
291297730
152757616
581924508
21262712
187394680
30218060
1082066312
15848347
29309320
151501010
1391742260
153334406
106165733
118451752
16510267
45479352
747582373
124343965
41570977
129163507
14960382
109159962
177445202
14848121
123995332
143738173
18432029
133028699
21495676
350628590
1449703718
117069156
20491363
145779422
132617000
20322424
1365232236
1449325254
259557342
11058812
292812281
1356399602
15558510
185752846
582935758
120630565
1446500040
102646720
183115247
292204879
978258960
190485308
19575003
1417613160
130140001
19097386
1416881282
15165584
796799724
37607367
240519466
26711579
100324824
1436501533
1439470352
9538272
755445698
432654918
492305732
14090327
14052480
16965652
267994708
1296754902
55617281
69242434
143015626
1204320972
749854897
17822130
279654931
13669412
25660919
243897844
216319227
78278308
880453123
157334191
34201882
23477782
546565014
1049361032
408669682
48525042
212360774
36076672
210356755
19656981
20759944
559055685
221812662
207135651
206698952
298759262
1056669054
316179604
41455864
1443773503
10552072
33100953
138807078
917389651
51465936
164466388
143146829
1070770314
407695563
312255370
135953775
1150453315
101803396
29300746
364410890
471540350
1249348410
1442367229
987357961
19717405
919729153
245307852
89556473
558023612
19410233
48811857
386559698
108752661
96999475
67370663
48724008
237445089
197191325
464738614
1439940031
1315199420
143325405
550787291
1328234886
138857812
243614264
12369982
1395618294
14350028
1035682776
78735610
41091059
1435791366
24349187
385851236
1353213607
84302914
234098085
86268847
100005254
177492926
550183336
145302620
45328869
90005927
143305289
342803001
16567629
207611856
20078553
14893046
364724568
21149260
30666460
307372135
52194586
403225534
1435886594
98988660
123867919
1400669100
29539526
27318749
14758931
441759748
112717297
232992408
58922989
705427946
332473404
355887444
79107738
2065861
23964088
115662948
6110552
80889174
6584672
16244240
154581147
15537870
17935577
41171467
136888616
148205937
8116572
177535723
269801628
30985568
435166598
1272007165
17308877
57617966
1328797512
148399843
1427405054
56133143
140040953
14632736
24360359
38072528
11148862
6192062
394320812
775201243
100250326
594794914
148827628
20210219
44190723
58758199
21842969
21056702
730113967
272546131
24789933
209868347
75142897
58921859
293927833
68121954
14292372
13850682
885376705
1277175547
12616032
24088591
267317638
68525085
241956024
143992924
18745038
64682839
17294299
126867578
19893429
92938701
271589503
17368011
1037311
266021144
1058104272
127544435
5853212
617033855
513021956
39258584
569403602
244636448
218889414
1391977034
134415015
126299432
18388447
70576377
153445148
1431331292
17972910
313695501
969899852
15140223
281864400
183927062
130509506
1211451397
494490136
31760446
19598457
864545779
31354171
24629775
208927118
98122778
14955663
200564651
224945697
69189269
33831334
2592461
78903052
382028655
941251
203724617
357698539
312105384
49509155
571067523
19266888
82904606
338360324
46485919
24423872
429267880
87510354
351735201
333071348
1193130595
40315169
20984882
307546615
25126835
266541545
110747483
58538568
297215041
62792979
24715619
321402005
149970201
14639075
136390591
374823028
395018471
120860793
77451057
347672136
48251169
96188995
102955021
15056129
66696293
115717781
13499342
444065228
27849933
107150164
602863736
326678006
140374753
388253625
815283216
400480343
59315309
14947756
19688959
187121027
1288871462
226857542
264501679
16291561
25421101
1219148952
1245910280
613623462
1428933420
49654985
402930385
119386228
18678149
178545399
267536037
287976672
573913776
244517817
78692052
89124282
15140758
1304919054
34903069
7880992
138966579
299201275
293549910
7154442
61988718
920906234
597327175
320196563
53385235
9468292
133841612
178468969
264660286
380243981
104862662
474037661
1399519040
5842632
89906911
87166045
366467027
625295000
20979477
137127226
293611764
166740244
44479550
70036961
61207670
13970852
348004805
320216082
184234548
61499915
117977321
14725594
89933194
89417384
17775920
28177457
138887115
176142510
301109772
13086652
235195591
83461598
38667129
14132129
15424007
76007807
308712695
24005065
75622435
10247392
18016999
993479364
776516264
238744848
85763390
1357442054
158678545
254239256
77029731
14611253
48336231
383883404
73908579
1398107760
929148938
274996218
216233417
90990798
498580078
410002138
111110358
29240514
15493379
842981678
9934992
38606604
138636959
45634961
75632422
29041077
53842308
107940316
94199258
49857672
1310205176
213120654
15049094
142773622
124165926
17144841
354865675
272349633
1143676596
1407409981
23423918
301691451
371992206
59652919
52007266
1404894614
61868263
1374026420
1394548280
38802786
12352982
249584199
385970797
127232550
78714783
15704192
1366660872
42504280
36750304
1880701
173434333
1370867803
1401826572
110725265
1401165337
1400946476
50989914
176334091
84961468
843228061
21593911
16753219
572402770
11960352
1398112381
1398009846
77589980
468504003
32172516
1396987681
108657686
369597074
1396688520
82908214
1363954470
556053239
352018406
15473980
311534611
1021665116
1287194480
1394529264
89275925
18424006
391101367
857408856
59319792
16304621
999296276
952593775
15970089
1382331637
33283899
606216814
5970492
315095620
12885162
216649807
1389135362
1318649785
3117
55478794
118983524
1389098120
404699058
46835906
988865725
373543093
124379541
73334973
15861368
232314652
600960528
163029926
166573223
156540201
77298302
1384705154
474261543
60532710
70912791
3879781
436194661
1092658488
116031383
9727532
113013525
15746675
34164298
479346648
202478605
211471583
72333845
221384463
72863771
102180095
48784490
278529847
210752601
200810296
1381782632
20094163
35589724
382481591
533597344
14316621
14658191
1087671
8051552
51466943
172293294
197122132
90375884
106872779
225103253
38436740
273154056
1375453369
18172877
1151103900
77879627
1379700020
849102974
253719681
1379186424
337567215
16375439
80857716
1377780613
907894129
91186350
5865532
731020602
359551712
1316173148
181659784
614248024
232343239
128248427
210581712
182230238
14391810
143424888
1374099991
58120868
145614193
18399264
36679399
94090490
14390367
332932477
28318410
1331486270
47340124
37156582
556877664
156697754
14303227
108306964
1199321264
21150810
415872331
16960995
1371975548
294406431
59166243
38699589
9658952
17089945
23662941
18185845
16814380
283079520
209675943
250087116
330067408
273438128
17503047
389418249
534722505
156499593
468887926
998981334
71831643
42745335
6601822
997175797
129152740
28670873
232850894
491100296
75755818
102652708
1358250290
232198820
946661496
182485487
18951397
67246477
14186913
115479180
51412219
1365028094
1363748916
14574717
1321943642
246187186
27505432
220664652
95431287
446542517
19335817
67734650
78614307
130773530
487978340
186662038
402923080
234092626
1357845884
33457064
13648282
206232355
114327168
318361884
41591399
155890917
64771614
4008441
1015074241
60551598
94962170
16946760
18669601
108547636
9100912
15535790
109799253
21991329
20126676
15550812
132253063
131558161
175864022
106256686
137961515
1356562770
1056156630
898651525
808316204
1211823595
1140956220
68456135
1336830198
29071517
21406186
327071779
68676020
23530469
7708202
856692038
282635827
423020218
306333785
205848662
61771351
912571
1160227086
18159712
305539257
9208322
24040377
121513461
19331178
17225010
1196639618
1342542068
1334604002
81208083
203542131
439874022
15955238
859386470
17955298
125605551
1338488666
426143405
890440934
253867379
13530052
15335709
1008995029
14707657
353139517
79171347
522985596
329881202
603290938
437798215
1080659912
503951008
113089704
92122519
67562111
1346137044
207346672
16713828
67857592
16985262
118837208
57434200
1168924178
18621926
366232949
15997766
900102265
180387841
296370887
33525304
1343973780
217768882
14758339
14477373
172641510
48873076
401006507
42588334
17334877
15391978
9013272
1341775416
31211949
23588840
838224552
15137337
518420663
386378214
302530700
24857717
216368992
20435967
14238744
208116397
83315891
31106231
261233130
110926383
14546586
821284206
2029511
456820613
34547595
252784043
610916072
146424053
628598610
156174370
195048536
50789298
198757454
200692431
729629412
175053601
192973765
22509034
28844467
372823120
128994463
193448891
614990531
8973512
132050986
187790611
18309082
33697483
177603808
14217859
19521481
385261206
144906578
1322383568
29949419
14484900
256137135
7134842
394611814
128204297
6088422
531163727
69961219
117383325
256911560
1334764003
15965719
117086008
36237689
16112665
702817045
1310546852
245347054
277974051
213964583
117063633
892007786
1242967950
293483423
1331746801
40709603
16909372
15679151
111278014
18117082
14962643
23795726
213202471
17249629
445557945
396830799
473749572
61752711
94971003
487264242
331254017
123435968
1328203296
28652354
18774221
12876952
1169851519
232961643
907811
203630155
450646869
1219778028
129611787
14905694
1126256030
382097310
228811555
280867735
20300772
42838574
168214206
14890579
54855283
59756690
525539016
19311968
416889383
37917259
339642210
18513075
32965988
1288172053
6256172
50272643
302199046
283634451
489776257
75645651
174166476
24798841
197173482
17867812
118473315
7233572
6384252
1325337679
241694265
1323509851
536549652
19159746
482834596
521719665
14582256
1310374423
14121613
16069352
83583995
97125064
40788420
162179899
222168509
1320122449
932235270
271651008
830829944
249820171
465867591
36074779
325326274
63656382
72540118
169198366
303456836
80017202
22329374
14864074
31662046
1320846006
1126291758
1284387936
371025906
14598832
36622489
325109423
474184150
96868946
211423556
1320429679
388723061
38174469
218898481
310398958
151523180
1318745928
1266171368
1313858485
308314407
265093432
61858130
353610566
371896924
217941300
589419342
248309951
19432837
87431492
21998170
296050750
251900909
714471122
373388676
14239729
18844400
1262846838
58415701
269462263
59703536
71319552
1313467722
26092356
259232960
91821303
14038132
1252781714
1117919322
488040142
322095557
267442829
109575505
235905003
25863174
44123204
13428152
1308820038
488775616
29255509
14175903
127443565
50996267
209267903
14169191
1197250484
1307591460
137195982
881061270
19616317
212367776
250041265
1261865203
1296335018
423911575
155972048
174196106
602618377
1256624282
157939641
21967836
14377464
69678158
308472977
78886583
1251731006
551779222
21469915
66868606
80987168
20043694
629626565
44698211
604114359
1291815492
1298919548
1195077763
60680896
599180819
163341453
34836701
28769496
1293184442
981388687
95356281
135999489
300917228
341790228
504970831
14308381
19482808
18213383
83603874
93025295
173772517
16208678
14470638
1261753574
986762180
46509724
22889539
54578901
848410518
155017426
1227404214
41072701
373569661
736802048
15949355
90590088
133324057
191524706
726059346
181426805
19133283
9497732
17493358
390676223
420013026
38654368
101972818
313923969
258305145
228992628
8682122
87093065
20426812
25865938
320587125
365580102
66113149
1283998734
19586056
69583684
390309387
12278572
211088292
191122211
91960291
75108971
92062491
41802988
14125044
26077182
109498313
68430061
196840704
1278684937
1272943884
261666570
60553784
211156070
1274716597
164992900
460486469
169239818
106227432
400245657
1265104070
34728921
604769724
298608092
325944926
1262347800
219842088
361462533
182730982
96359368
230503192
21746435
430748660
375134088
284506124
504398103
118047908
50277527
19853584
10107722
13329002
6255302
37502851
256012214
263655886
1221379064
93018711
39702022
255124745
948449300
90844956
40982130
164823484
181304711
730392468
9474862
1269853194
16946429
31212665
78056377
555126430
1269591164
201370552
1241101230
174005568
191752069
111485636
930347137
19178112
1027417812
22434271
37618931
1263494652
170772902
196717389
17587929
1227249246
583811421
33950617
225512801
15368536
862778766
1262506200
277119801
102991744
9286802
290110362
10991642
1266290574
7024132
498798422
63038679
120067825
53856691
161881576
315198963
1175859168
106339941
32931384
8942342
14142184
621349229
1264325256
759749868
38396593
30837406
305327120
1256719314
908044916
216891540
66907422
250404493
22889541
60298741
156234083
148502139
1262331210
78464562
90463143
328496617
132595174
6985362
168453283
39491324
508337578
51223154
520846331
461304918
32349418
966093588
1252162772
1244795724
13523042
127967863
166812700
843720504
2266131
16176298
50313737
131212457
217103737
810784898
1258672038
275053003
593255203
99177970
375537966
63035720
18656090
1244647934
14375091
53078438
44931010
352180927
261107656
110658176
92717275
17050001
1253400187
90666155
20137106
1094844038
19774922
66245976
113607189
21314381
463088167
189461777
26771033
290321961
16715340
152786080
345933717
41463992
1162592688
121588958
1250007458
1226685332
110681713
130991201
14399435
1249732770
118597296
288989020
209352057
235491624
138244426
110912524
250192751
41116169
309638184
536366249
367520031
202503338
83636395
62612388
47061038
1246776631
1246175221
1226760703
248398904
347781462
7807372
354028152
487832577
329780143
1244220152
616922007
135426899
187144647
21993067
227262159
222429461
85519965
16509128
107071504
4599691
45760487
164237545
590054961
279471116
1219121352
21753772
108252712
1241075444
1240506530
397044118
101004485
730310737
163839003
209714044
221336418
187136465
16344428
293142685
38770060
443295287
63078220
54924949
359543751
44055867
14184045
182253720
14668437
792643722
558737579
109061879
216058869
511508179
1179832170
132273913
37418699
69300527
42964945
32966515
297316512
329060835
22346160
48113834
381818125
235924398
178016158
47076313
24941207
1227255362
1025974518
1226849550
161285019
215989099
374705414
547097567
1201597075
23374581
1225014415
87557488
142213819
128520940
20533
152736777
18719437
939567559
517873341
15315460
17889340
618889136
20368466
192774776
16778626
1062045128
21325281
111316936
351530720
1181272520
132568916
517161489
30915398
373274579
19586005
16558619
1221582372
61477995
430012224
583184861
14205749
29632399
242473014
1217496644
45573298
148559845
513238576
82531135
50752982
21079722
885365550
307931542
271929556
55050279
74763557
410170258
1190051269
20761598
235036193
28649704
529409780
162617376
106470955
263578408
508607737
512788461
15602711
15419497
71056574
126085265
386923846
1212901478
176873288
561344196
341226037
1212270522
244152353
1196882316
32928263
218960735
66570380
19896955
1208328847
12246332
70927949
92912154
80764801
160887568
85330097
39599075
148415768
161432750
90362051
634964843
156229789
94127004
14367689
233031379
261228204
26483568
87418599
15203965
20660045
63414381
1202198672
14742226
189593088
79964374
60150000
14288445
247122089
1200276193
20195760
1200071623
24858758
395795682
74039198
1199549408
12746672
49173731
171373592
1191327403
14458634
455706798
1198777231
19709767
221618887
582518306
1198112768
746405425
765691890
334190491
55542426
61308703
405553337
33398298
18672945
17509692
89477419
18004153
1193258240
434822398
14908048
308101505
13463332
358225055
462186246
120082375
81763
9725872
63413531
1154069311
362719834
252386115
372409793
10360862
510826764
260942430
399634270
68190412
234721968
6613472
564705445
330799935
500425230
158848052
1187455154
1162454845
1184712720
1184781601
26985574
54851650
21921070
27217496
78278919
14862140
480443110
606638533
95617611
17348366
53033462
114504373
217455766
52702335
7535702
247218417
18509420
16060501
86504420
10427352
20774944
35165994
28473559
1171902206
34407959
196518052
267735637
296382197
21507985
21548566
548675182
275006997
49306936
592604957
385881014
1152099938
1178631463
136943298
1145549503
257642588
1157907534
314372926
48515662
139492003
390518181
52084923
27716887
230929653
21599266
1043034068
1077771404
71877261
569991004
79817302
45280673
503878956
14961131
301676634
1142379607
62709271
350412925
21874220
139548644
174651067
763520892
26254380
39431956
345994852
392166155
1173575520
1172645456
8394192
342751234
838747291
39705155
15228533
17707156
1171539924
97188845
14215161
142096442
453363322
1170970794
1152811328
298995811
22250811
358130008
608541948
103018280
12413142
15578823
739743812
178281793
419877987
236345656
239013958
378676755
372333262
928169365
21112079
239427266
196135581
1168159506
174770347
318034157
48278783
192168600
24915892
157633824
33868155
1166436661
63786387
247313945
225185575
14311701
59574934
40750511
140039949
22131415
1163146034
146915419
237922459
1079210233
765061543
195418018
1071690224
20213873
411220886
17804034
74794105
40261808
215390040
1160909564
268515863
1089497065
49307916
18526492
795285
8607262
28793936
1160062230
240312922
802574652
432319385
60919307
2039
370860161
478742350
126299173
501650167
433664917
134251547
1157489767
112974485
242427228
3581341
91143380
86924699
296098419
250067792
427727571
60319949
256913638
165430301
80745749
17696334
14969694
252696072
314424310
1155499201
8007942
825165522
185732705
59612483
137272113
1154456341
20923032
476761347
299257033
14203549
554148414
114874590
20154280
1149960330
585435323
21028099
65591224
41245759
525425088
22287342
1149950551
564263720
36687084
312215351
1148822522
1147671912
71143317
1139282383
1147134972
947909893
18332290
1146901530
1146136008
19048713
581145778
178691807
49199616
14516618
18084550
1092389532
1140821370
7162052
329593877
94145677
1138371924
33682241
7041642
17681078
100630455
69166383
139663738
324239745
152213039
1062103862
59439164
1039165130
249819412
45200405
541581079
5709662
555412297
161242434
102840952
21379929
24978079
708936002
135429772
216503935
1060629758
430745218
82406130
35185701
14587452
107179486
176355710
14906180
1035446281
620799747
48628756
99944965
387163076
192520866
16782200
103807901
594557485
233763623
17728797
33130399
459081692
38170896
7060332
831758670
110454847
483716436
14883920
479208418
287789597
271931670
1131597385
295363463
54816716
415751888
762369852
25203175
226933185
36126015
9730732
47577472
901703928
78964453
126064396
169680063
411768733
14803093
14639927
744766140
916433106
75141627
3846251
954203125
14470134
24518478
771879847
334399679
160283405
68375195
1123974294
19205110
76477152
269994957
19062175
1122562411
152418916
231542546
1121454996
1120403216
738166868
52715524
176414108
71527376
159346541
45308526
130388190
89995339
282789061
15068820
71743194
834841716
24066639
218636286
23929445
160340927
496118244
426882983
14230373
47687306
44435677
150673357
203866170
360793393
48660919
18530494
477440989
251312655
1115426581
17185116
257423352
592784164
89126325
102419067
52952627
73155850
45859586
140183185
45384032
17620128
1113566702
277046526
569382034
82821152
968940991
557183452
101519242
1110343279
462208179
391467630
903470238
29414761
56959263
97094973
13951812
14946530
16412864
206586934
33343933
614485557
124527274
49772257
1009760377
1047012540
625866285
183098193
149785841
4589731
38631574
140764153
421207730
280687844
37444754
950391265
18938916
1103555162
10130962
1103335891
56653481
554078976
92177625
816185
27225356
527332052
83702765
226485409
519643526
20364948
710044987
60240151
383979253
23064779
104867325
32317313
1099015741
616326674
773662279
340979940
182506515
44538103
480466892
431735259
1097928414
163546565
95584481
1097627564
445880830
71011172
557685867
17864642
62766849
1095854293
67832995
21795879
296271837
870852630
239327595
760083128
374166035
23745626
111350598
69506115
90000191
541046201
1094623399
147490094
47482309
110626538
5628502
1023712609
102938783
19663016
636944846
131491417
1010722543
898366772
40943668
224371151
976536360
42209825
92529952
559462219
283028996
17548503
18912180
1027595802
47757829
15015858
465685685
568804605
1029634158
144623116
16621051
403687031
963803712
203692784
283270990
136726773
15298548
252509750
389090181
66704977
155303141
1074621043
1065920532
41610770
13518742
247533628
127714409
554962859
185566756
866849864
492061376
16840355
330631600
5740142
101145571
1077976621
1080648835
21421413
140884435
266188951
16453786
14239160
225006685
57333111
63727012
38132511
40660739
14201128
110588107
1025309545
1077745046
16562139
555936425
141344339
14864837
318289946
19291778
72029126
246199604
190381147
452665289
5902282
284483468
2666741
2968711
41516822
140500702
93905919
611750378
229181584
54858743
52149149
115083060
315834129
942341970
240650249
106137963
418085280
36618786
21252120
16681641
97392585
505792415
221670442
74281537
77214954
1071901777
43157578
14176056
338421776
46101547
106753440
239506184
285034986
204009840
23367815
172838533
830932393
321273368
198579020
96562937
18975723
1069108400
205502764
314881435
312712167
397545001
111320672
380184609
93013630
89035632
16333384
45230901
1056478975
1009335606
567120041
46317403
101858093
1066149463
94386766
99173203
368265694
1065384330
1065242966
69316728
409136677
72121696
261855537
66784479
9366362
203795600
163038672
53100001
65794881
859433468
808720
26568280
33625497
1061073636
398890100
20351548
62093962
109986462
139859170
373854597
559418197
88441024
124481306
179815714
96694768
527169836
241755539
34561502
531660158
332547467
61207890
312649665
212556765
14854673
49258318
1025381036
237651519
470080864
259767761
1056096296
5531682
16183952
210942046
17841350
14183751
54612811
158940236
195655474
75033391
56383678
188081163
144602048
133218955
422510646
274960851
30433103
211049092
547565995
92454615
27397921
973299096
811364821
380504846
15274731
71048888
235553284
1049592505
905109685
886424083
1043296430
295671117
912377316
19812468
73154302
908675971
629478107
20670837
16948172
14753316
306166722
61650048
397199184
824051528
153653532
578890492
14658093
74724394
50024079
462847702
41090325
995304763
797591515
459434140
72377877
290448051
993159044
384851033
23092155
183017401
1041722166
113473324
17487056
481825537
1041540926
264408201
90271297
603728563
169891406
63475168
16165215
18565029
17798771
507893972
1039610442
341060470
40520327
95786472
879907428
163407389
5621582
314449625
839226583
501845645
947527891
1026129817
390044498
118482932
68368883
312780296
183190068
802875307
30484937
230526057
230098001
16273667
472756575
97635962
281789975
15685180
76516839
118884848
310783157
17093038
466883707
257059761
15795722
389096497
31740346
60889374
517762720
286736171
14292201
991054142
674553
14675888
194508030
574278616
28398796
255549810
927671514
26117318
19752384
18185990
63770760
54601367
154507396
66315004
1022912826
79213
48957044
995955764
475741975
172219384
43076148
244654854
1015823118
79485718
223792761
11467462
235240874
14027242
40398564
16510577
105919581
25504856
602631337
100682682
21755622
211845646
155338841
114050987
462183311
445590256
162361256
470445982
71772209
54597484
510227224
319833211
98111590
10193722
480317040
227209507
12561372
454115072
180814496
492997761
410574223
194615329
11756812
390274004
1028266807
90944121
136155961
320078969
11052242
271020506
182748660
7794272
389651847
313516699
35652110
892494758
305127027
14167210
80569287
144739362
15295879
98869084
378129048
35193231
64942818
55269809
56785925
91191439
105353018
310742340
233656129
158673062
104971320
52350483
1026352165
13947532
6440672
68458180
48316161
43239123
399010261
74128304
88786496
111381574
7634262
50125868
101350762
148433564
1023780061
72499566
61169158
404124307
19225416
89908366
740756533
181510310
7204212
310880959
15982081
552630567
718859954
17190764
80663432
14079653
16110048
6907982
227454960
22065418
549443742
15446169
17522722
18111077
217990448
11206762
8820452
28540458
24827459
89642798
861530660
6033752
14106739
12128222
48400663
20792532
14496969
277500142
17587913
85885174
26506587
18808498
31096590
49754673
151932967
428254937
35299434
66673629
72715447
187571675
27140308
130446530
209603271
32456353
19890776
33998432
194702416
186593421
309707501
52437986
77972362
15650127
310769597
90365200
244657843
116445575
58495663
93768838
38478995
132865603
14705900
45151532
18424683
133432616
151498031
525987468
44834103
54923070
15699560
216582753
6648202
81316963
15155536
119746519
241588617
17954661
548057034
515037227
52551539
86647830
408679561
436530167
497749237
374471189
17736444
124364264
15333294
18581649
14856196
34929970
232129146
7690472
342711274
630946386
14779399
39602637
16200881
1023700034
14964747
245072723
598079749
47145348
135870652
142401340
57427809
973632584
1022370768
1022400224
409389288
967948122
927929268
513075782
18615643
1006188060
40037638
14973328
17639149
1020790608
3640211
344782875
14096228
986418722
401599618
55181004
280319660
293385920
455641591
46121353
243638124
15401015
868839349
993434274
191101398
456463156
329014757
612543878
700548649
16697217
108687195
159435145
278443670
1015642105
409975443
734945570
217385390
341404119
489914192
13257392
84682175
187091032
976890192
209405429
1013273989
1001298144
716858641
198957863
359439491
34473211
95579563
171399604
248687349
790374170
433173032
386746920
111789080
988157604
18060760
267672051
131233921
9265062
764120450
1011114264
31117270
288237202
590052325
783851095
132487311
124176949
124169800
22845061
8049552
57255534
63864958
16612549
337177493
1009762296
349187862
30691267
37878502
70520806
98244713
923303148
93370258
43067271
370128086
392024232
625502537
153539349
234971659
331817046
14613211
52684835
22777333
25817047
1008857022
14700112
452767156
46446222
19280699
193359817
65608035
387894248
1007318514
289483414
345893055
826944296
103078126
293984734
228080166
432931824
535410364
25151940
19715083
195966311
818766
24688055
50671271
38900027
37402847
956170837
17093617
60001485
209466141
52847719
124110989
25915690
267030983
782144576
14796529
165132004
62482337
1002925988
472641400
261166668
18475012
300229564
18649631
1001817378
571969717
196478542
199855023
60395899
46676017
406257031
14082295
523249098
997681206
383627555
45586347
13848822
17777523
102143966
604912559
167010820
39286863
345944501
138779049
909725646
224386601
35359954
997673785
153144091
75504472
391852521
14388631
61698750
250738487
20963657
801298825
218952279
6342512
304552428
796445677
99303149
320867296
30985536
375223770
22081665
14683334
473682522
31373552
490459948
26007217
265460384
84110394
307170534
995954702
430635807
143803949
24783432
240779501
882049098
238861795
150005439
995361900
591115680
449877535
373230910
726306379
11982072
228653316
136221945
234656770
20115011
71028646
131632234
156088501
15586699
12947222
209659267
78636592
35191334
97757849
80001838
96935148
20745031
108374752
182485896
20979564
15443434
14092661
1868031
14704005
981233060
16027436
70317612
6405052
266991757
8312312
245229150
897400226
270074189
31588303
5454752
14845335
49490044
321847590
138635345
255287649
13900192
545590292
357505930
54635671
43998249
41802921
59410157
18617511
121702966
393361989
108635036
40534077
100175677
223881570
28984913
45138964
787979216
50030640
58823314
14609035
793298917
89045342
31513864
186753495
107991713
90352335
315172383
429986191
101364680
47956373
14060462
222663949
38003146
862904090
15219242
220320670
986311634
362476002
14495152
18970133
140795085
293573159
20355623
175289163
54528981
4933401
14082416
990330139
43345836
220055841
205989803
957466819
196724610
84947195
236933271
63583650
82405263
17005970
42692726
226264827
161953121
24887556
126308517
241296211
19185255
135035613
70085489
560008139
125577481
72189197
233772765
43349118
92796870
570997010
460115792
906583658
578331339
14503496
23593951
984844238
151896742
155507673
928540897
19015236
20948837
982114741
620995572
52793289
981447164
15439026
156545377
2058431
978267480
18601677
69617136
980617050
299079898
191460702
291971588
99670053
288836078
542484949
51358011
221348999
42394233
158293636
897073592
22239081
205424975
36007303
19342859
30290253
116670627
99900226
769373155
394649628
18675327
308975775
234941746
198773659
7220922
329343896
217091968
90640376
943110776
94393802
49558120
112412377
63403327
56111840
219176763
52177709
80004489
14275428
36936737
220185880
143031408
111659023
520455122
447199791
4114621
26095549
65400052
968352907
968207220
327406947
18529060
246684806
962537107
950429228
14542057
966159104
965812178
29430042
11827652
17484253
310724312
623548720
23786900
28301315
128617095
21761364
223397552
459615466
82293310
408612437
32991177
14703748
128832454
50785877
124944088
16158011
126334380
962728579
960505878
229952696
21044503
403968906
50460987
961070592
960703897
14569436
40434842
368871266
960303840
15259428
61687751
54457726
47087158
104313248
41829928
344085184
126580615
31117345
157071645
71341812
893615185
17702053
174078013
43612459
247116985
160116353
18789471
65613001
402804399
93128281
40507322
187271082
16126822
954044185
174318809
226289954
531448379
300664936
223411602
181316185
156359808
458672264
951810162
176550401
46069513
20608881
21296498
47502725
100631536
110112863
161460531
154317190
424369103
15674386
165462362
205613857
950284580
242949377
428369909
287761638
386661472
11158052
602289058
302817908
91625042
949276704
102074551
24232401
250762244
939341756
40457376
11816592
47286280
16480249
162359132
315113269
249460175
514874286
173866392
19066693
14617010
20087435
32911261
635951678
17819221
26010765
29009721
55313882
138870701
10910722
88159012
405449772
802096652
17406531
523735292
10103612
823861056
8290772
55174905
244829379
61524051
82580589
406072957
938747850
73328102
266749648
41625504
14952546
12345772
766109076
610945837
176186187
942017905
938142655
14463088
14488050
249633192
53515767
456866652
209980521
939486781
173731595
143062878
125833808
587748319
142933841
26120877
18294689
415839037
14525190
4642951
39052273
186337378
18077904
15360062
118012311
222183534
105092486
14921569
14960829
256698733
18121809
52739586
107002789
41324411
315205297
7239052
23849539
238359096
427690499
125920092
19248250
8201432
931909274
88172763
19443817
931466982
151053821
80469609
148814133
612573858
204945229
588374911
104820098
254109073
72254074
180033193
85568583
624994473
95704485
247306086
887702564
329831564
18766794
14647601
15625592
928186417
45098336
22994610
14190581
796755360
19303786
17353908
68768556
84390533
488277224
62116239
74238071
37971036
155500809
178660649
925237891
923283392
107849655
923912030
590845619
923751883
923534928
16267340
919114759
303653017
60515742
4796021
89417230
299022494
893567742
920189012
61477080
724925215
102477772
14068582
205060360
18187732
33482930
305983364
24098813
883552772
163010696
219195500
153982546
915068048
890351965
899351070
252934970
72847002
18675105
575556499
161446371
139418387
91864681
28597901
149281983
913488367
81182971
264394356
151406948
87006051
556728449
23617089
513597140
141359748
389903148
56734417
364679151
18551147
39254405
401435778
64341333
894519224
410198738
171002552
317157286
890556218
135013592
15146660
606303639
14210257
17665480
738613140
29685995
75635297
905344382
18846117
398595304
121134484
101666567
45944305
9892202
592995262
293955848
75055774
205775883
102937620
53659570
156356451
429950633
882020012
868351226
138545387
136665774
543818641
899449657
40300512
90203597
879840254
113242673
17290527
836329004
897619518
897860808
55891444
441694556
896645102
159423366
624105466
893864924
188866818
37479597
893322613
623615041
877490773
153838559
891872700
8049352
890929284
39278110
890727546
339817854
306658040
178017712
88441066
351285736
17064070
191366005
887512868
139859743
47637786
214937490
38043782
887297791
259935272
886295832
883498687
156809641
379907235
17269005
15596450
36949238
41062286
14337532
18224837
14340430
19667176
518209268
881788669
873866940
459345675
167723094
37653733
333310617
829765015
109932676
37725608
276374601
352546713
215869319
20416021
21994536
385072497
41082760
39096430
875819496
59066512
875472739
106997635
285033941
101672934
503429910
50309052
13816132
92498702
25885990
44548303
20684359
20226512
120189409
843188306
15471845
16679628
337482708
373323308
179497742
76290832
15059010
187238354
220599190
372262500
853026204
871699214
871652364
871262906
15457195
16844898
392093425
867125797
49430259
123789914
20186301
870009674
235488627
111557780
12966032
16130243
224162204
45563099
44794593
19664299
7452102
608788918
786889178
867117206
5632382
331529472
587467453
865689452
40882380
8327182
94678245
80378204
767701260
320054940
42708619
20737231
863215418
624812851
403250544
857341280
29455212
298942510
89639785
742948892
145165580
109221469
76681395
125400280
174192627
4188271
33042974
517522552
859603578
253456694
93960668
277749548
18579868
89034891
379712932
186179274
854361024
15082892
45664954
856883257
817921968
63865331
322798369
74199209
161811804
58752591
17424949
53486796
49990691
352075812
9741842
793752858
540763304
370837130
853476330
89137796
15371735
45514347
852102282
104484642
42325884
784610436
378211541
237677618
746673
16714634
1456641
766415696
107145822
204525953
43262247
132482086
29970016
55519856
459383691
23047174
8327222
50253952
847002643
260465765
134403344
334596684
40088120
153794534
14179525
42103896
332225185
127599685
378648215
16395600
234028201
21860950
183543234
301963320
833280260
25162762
838355479
634025431
14715229
17547523
618492966
125083073
484765653
15916578
21363575
193224944
241365456
181132918
6408282
54270187
392509975
833386555
833345161
83169604
6504612
13511492
15110362
404467573
6456942
154989226
59870572
390425797
102653665
632195031
36614364
130246474
208420983
62765450
33849754
79957508
2803761
266619012
7065292
269145893
595147410
28725541
283037671
199493121
65777523
242416035
829316732
67897603
141210097
36640220
263279441
5729122
252647166
11679722
165107350
43066895
241104212
40196035
826108920
14892314
528235974
823130352
353081429
823808149
85167762
823198567
703552632
472171198
15874308
576094021
60851361
822026174
47498551
186903665
365890858
528941787
813511194
618811328
96779507
453141985
102946699
313967061
192175898
234205496
238620435
618046236
22630803
627298433
819621289
115521035
131932525
819129168
12107362
243533204
19353277
14617121
17270400
402123127
11541362
266366473
816820434
231466304
19274347
230379434
409150231
66921767
816293899
15299101
299914394
625758979
811667120
38638497
591583499
90729860
28053546
812642844
21699071
18252934
15108020
453660816
14475554
19113954
102838645
205684955
44028890
199395918
372280145
789365904
5627092
64368927
18239057
808683102
249718937
128995319
24675777
173715488
97735266
14662615
363289532
90165658
85332576
78373965
20635740
48351604
336739108
234362929
18359836
49406772
15116776
27465278
74784525
19394313
375472308
57591841
221816543
231417714
414997831
19738650
252934835
790812420
40542274
137339018
135715980
14702108
73244856
39563848
17790229
16816562
22536424
788335158
17483511
14661910
577689067
781573794
168838407
126661163
772700719
24511832
190453264
277163337
761159142
113695367
280339780
14985170
390374507
15674202
419398659
791670518
66478664
494829777
34887199
27839893
495769620
20805013
762786751
168061405
10036632
45819157
14672340
30403163
763346876
769261124
117006572
416895989
39211956
18337218
434422728
251877773
72301704
87253830
276456856
18651034
593833265
60297858
158494641
124455062
36937889
191593857
193377668
120470548
454863538
783858805
15404998
35701672
114823834
244078513
144453727
172863357
523082361
778060250
101458651
606098018
438638631
450051842
719078916
104193519
89952693
268432604
335202160
134557198
774576624
112321057
144197264
61452202
121486328
76420669
146311703
28273189
769765099
263090159
214552622
254045280
33984457
629060032
71662001
522362530
6830862
769938529
769960429
284703295
102552326
39253805
46361093
186585934
48156939
811111
7202732
637063077
10762152
120320935
322846208
10737442
724880834
76961503
79122287
65091802
375003130
763276394
80397572
436253270
34380119
358055613
506385721
156631556
29258421
393902265
2048331
718302170
46104555
880261
379124694
12283352
17620051
272059533
11038392
314959026
261734006
98145567
165249143
15474915
123216198
749296070
18997026
189982281
573438058
14188344
9060412
22639528
22980943
756772526
131444964
411443594
15149407
16674026
39558990
405357239
9889712
73919215
91407851
409143659
114893299
230849913
386474083
330102210
66672686
751076880
10634822
224189823
51762210
85822889
618074696
279152294
28065612
17307230
549984857
434773990
506831192
197162108
219075488
53193261
747192097
18773205
12719652
17216524
317007211
16625702
746505774
402300146
567586592
744654583
15029165
193311384
25553431
15450699
218985828
28962951
207874422
85039368
5805422
41755809
104407003
7330922
733089919
159382316
122374726
68781907
53431366
99104280
68930930
128163024
56305611
487786613
159119038
14239864
82165134
318968296
262800227
116564567
736052066
19331330
732782742
734619894
733621800
478206025
733200348
272330559
414818312
18277311
392789686
389394298
19454256
226616631
244809169
2793971
730928426
16828205
188749868
60838611
602652083
179873410
14890074
97298372
103508545
18968458
46568954
76277987
21097240
146799361
17688196
117566044
94045091
612881981
40045382
269421027
230271891
725893230
20288428
711408728
14916767
14566626
137788916
23414320
320355417
88653496
77164014
153344959
314086065
583289318
168805547
79576924
21846948
84607683
13068232
249886344
34741273
12330432
243121888
18492247
305908621
110149280
277024366
390121575
718489447
709580898
17062563
717626124
227336748
601187883
14496174
45944026
236217571
239324396
59065388
95861703
22893586
19152268
43099903
26235999
49536716
183368700
44002750
39249804
712891494
379759152
212404273
16113474
566642253
211052743
711971010
711606048
453705887
311049602
14432743
317150447
61743825
705142663
167096454
463083360
16259523
615185860
312763108
8017642
165686633
