4707506323
2823518975
726535462572199938
12959602
36126511
304020258
169828762
904523750
2672794867
21367752
727524150076694528
4605200782
160704186
726344293242298368
103621016
174625121
1662292622
3302935126
7355712
4216995922
722452627401748481
727179619401650176
2511732673
726153753913659394
217309820
1666174008
1269279116
1587701683
716977919390666752
3315027445
4332610895
2697888294
14307886
709698546975412224
797489072
1693259335
211612258
702105774630133761
725749330515218432
401597946
4807775287
727204642875146240
415488018
1605241639
719376931192352769
1430968153
2399296130
289394473
560235940
54924529
769176031
712616680007008256
372399853
2935461965
39243647
38845211
1543360789
44362619
328330286
387791423
727065242493145088
516917913
1676260314
706469928048660480
281096792
42487377
1303639183
142040444
324776557
2463501698
603024905
46852053
19324670
3230561664
255258268
164096306
1250369473
2395417374
722114219546669056
44303725
287372286
1125642182
721272221646340096
2379212624
713425499285020672
1271954018
206604064
635354885
4751469942
3309885513
1510216728
309597825
3392603459
2573280003
2956405060
17863901
223583962
726709023563747328
1722835501
2537112594
348486200
846819128
1040545358
256766293
600742589
1282447544
375757471
205528672
306194835
13150582
726487147495186432
726433613588340736
95014743
726050177358946305
726468813731074049
2510536761
441528596
4622523761
1040177376
714744413117874177
21537610
532064672
213269937
30518196
17697755
241573977
48248945
304014148
1435151124
726333736158150656
180685489
367178572
198852658
726320649346666496
1678047012
726268940486217728
52604899
14430760
1921986482
16108676
165516388
12391922
246764963
597336735
107335982
2330237443
140897902
306550996
22366848
3548520795
3402813160
2676990064
3308244512
64149134
857143628
36968068
532390831
4891729557
17210874
164503587
3926237712
724330437380837376
726015079083298820
1464708144
2928039480
719989961014013952
16517304
3383253447
135244312
719196714586877953
194632172
712948229109899264
856683895
511665144
2816268313
1363605649
29641960
715155592713666561
724760056613330948
621961831
317815117
52013264
725787154497060865
58055928
12326812
256974561
133764914
1927109616
4874046087
99998153
4836461727
2714010788
37500116
96926304
280869674
2163936872
1084924951
15900644
32611726
105562288
103327108
2680251440
723567460411043840
598712263
20897101
2980659444
2193633625
207584003
717519946176069632
1137746336
26665043
43010736
710490409068179456
158746258
3323070076
182604233
1605869809
3864328096
180073658
216310699
20769609
821353040
86097112
19174429
71218303
723848173152817153
725371902844362752
83499744
372353078
14846422
47542169
1090259468
537106290
3049442744
44420064
724953894191816707
116822765
1522280568
121146035
364160471
109009821
157640864
1134764834
701723750970994688
34542667
47584222
14067913
3240869242
69199852
2524150755
122223819
280143398
716221460377911297
499183843
112956297
725095113572110337
53339417
2490722284
46078857
364707928
2870681044
158893469
724736488810885121
600794973
2519565060
722554385499365377
5785592
711593482335428608
132337921
39465470
50549981
4806637402
2532511022
715392604922228737
483865969
724950519123443712
36099944
94828525
59502665
723716329002307584
724904938556514305
3480230593
2858933187
112367615
2196613734
702933532503576576
3200796183
49800518
211917597
349599807
48994075
124952035
480708148
724729810002436097
724723855303008256
3730694063
112922580
4431436512
363176256
713819375522955265
41732555
2990349857
3437914557
3288978391
314753625
721211759244275712
724597936399765504
3080037553
702984025900711937
720394943852752896
982230816
1245288408
58779656
3059079086
247242874
715871255790886914
1511023310
2443872823
2973005173
69528573
3379055254
706661561956491265
723311822758096896
40631116
189248404
724352986034659328
213173923
344203121
4243190962
952453494
2879060060
3240969065
402798291
724267087317880836
400177950
2602252236
1897213867
2760765986
47822036
526686504
3393586348
718312110623690752
1335746844
3297633375
397894050
724147618448834560
722877922692861952
214256404
146005274
194661889
37839262
375630196
34260150
79384364
723750751420485632
405972602
488355767
4819761869
52854471
622952338
373015220
162912494
228876713
63343512
158404948
723878563473035269
712364655457509378
87370789
1280765186
2587141837
57346566
280607278
2531997912
18043556
183738280
19268841
4385812583
191114386
341181222
2998348698
720438990302801922
1949024126
723637678948909056
28693595
4167444502
3191517359
25658575
2745880091
723223313288409088
3023544774
3247960235
3266212790
957581437
1122995804
16262285
14847675
3187660562
392121081
272868472
2981164396
723444783608266753
109891660
111329417
150941936
3023326657
722509916137791488
434465453
705126645544255489
723240390451671040
911143968
2303549619
722476217778184192
26004321
175418281
100866633
722447054061105152
708980796359622657
2832807313
86131872
2196045548
723165734503743494
494696022
4128540489
125306436
1317081752
2264114120
14173412
10909652
701376985738694656
100968939
3127136451
708692701101760512
3814647574
715714292763365376
16986861
3372679872
16350948
320126582
119897839
3827411369
722884592374448128
85320448
305307725
35865861
6913662
3514795759
3972348733
19862388
618580164
721284409832267777
307661158
182378105
752548471
259772846
66642927
711119269786857472
275124611
713010253378543617
375475559
730310088
2365611228
1544109296
119054218
282689891
17325285
15651177
23468649
339462585
9081922
56674620
1278783121
38910210
1326309504
2801651332
28383842
722392707876917250
146257100
52421804
481227731
1728746245
2722782663
1275762360
3112289198
2569292911
10712162
322091481
2416229575
11545012
8121102
16419663
259844507
2539097651
276470858
102711619
385007718
2968031325
106851903
4265556199
436115321
165580566
720007593
377928422
140400216
3167054373
2228677209
4011833009
208687707
459214444
3948389620
20653430
17501928
297844542
1017481441
97067658
704802717315809280
3319599432
2611846508
2879888335
22902327
135571979
3113514491
126688215
1828042453
4749472154
26618834
1524848264
721070270157557761
2893299321
79860239
45961232
630731009
1460784128
125198256
15652716
1900050547
17096794
1608310442
712794635400323072
1066918428
92947349
3228797850
184200709
1727550318
1082299148
79769482
526755662
67543155
90839864
715008624053989377
1694748871
623821513
2987490791
99277663
141528432
499602417
280795180
1199394163
19667678
1975060362
81063108
2232795950
23414901
2326555831
65692136
4923462910
71082529
334255717
101566381
2608736342
224895805
3240225779
601040066
417114659
367693
2971417813
38834643
716554132149153792
721060965631004679
73846319
182509978
1562504444
2657617236
4915139283
2816551667
720631794144391168
99272707
1856499283
1444590062
306152800
2167114389
716691401736593408
364
266765663
9986802
324367809
1065376285
114727309
718058450614267904
965547434
2210591232
720843097098203136
263568276
720667756941721601
2756378865
54984311
2281299188
416184013
1285841720
211344437
94178864
2504237344
2811482167
718206634787348480
389648453
28626855
1168434798
129160495
3318991675
317518127
8166212
63662238
55228664
1010107422
120408965
466634253
42003908
13859242
3026505623
6109782
506075018
2483626422
720301108728455169
48995309
4173076648
398242704
712540273474187265
1945982497
204105307
852695852
718510416939347969
249776150
2580494454
3091722779
973064443
134147980
712515689844776962
145728558
59088747
289071047
56352754
155328251
131521502
4555005916
346756504
131064685
152519400
101251981
2467258214
716462892967538689
2225654551
3336498021
135254866
254465727
720121853776408576
22279740
16919876
2649846540
2776062939
718567172998569984
56016716
121886454
719997375243280384
37688733
2931791032
302179610
555955858
600490304
437820864
434953865
2277405416
22119568
50631325
159259952
330391433
955499167
489541018
757893817
5950142
102401736
599690361
32187774
47709652
719569827388522496
3240642602
230446626
719765150815936512
15016902
351908211
16735523
24314187
46918680
133148373
74400116
1103016114
719643151762395137
440350016
719629956951617536
229213298
919592485
20156058
3298521519
434176018
357384017
719212318794637312
2946118454
4857223084
2436581564
231374950
302116609
2874051535
252514613
708707025899794432
773568480
1264433760
311914494
82135889
289140150
506506826
719322217654456320
716722708520812544
220885193
1392571351
700728401540337665
2923592962
325620216
805181924
53960317
716788088089870336
111117173
2971508871
2214336271
21200485
2215902578
3396735767
763154911
3555618555
207966466
71894064
3866425155
391327555
2218941793
398783509
386850900
4013697749
3194568126
1898359609
25877986
139266047
1134906314
546464521
3032327928
210088971
14472005
262638940
185685963
2579268332
2858927345
4089676642
607919845
717721680114622465
716260048218038272
2735232179
298893516
858981817
42417984
2902581120
3181912963
194712668
534276551
282739245
774950352
744554850
4866068488
2875761513
712002177070399488
17724020
239343256
163130043
2411920752
20944273
2241198090
19611865
155979243
330833668
130519039
718411858538078208
14489343
1376888545
4804903397
3421754824
42602734
428808036
3238315280
716891544712843264
2369146620
468792943
112823187
3293843597
714532535435337728
4156880000
582437500
4904932819
3018841323
3326510029
27009129
562900125
21467391
718183338444390400
1865621094
1613409703
3992490133
1908089767
17150586
312130917
330939742
21088789
4606028838
713538500897939456
708699440685580288
3305433795
2645913470
547881833
2369303281
4695666073
3207399591
13551
26221036
14125357
2348469272
33290029
193290505
306076102
14206328
14715465
41807385
83199443
1187505115
3334303601
632751576
123332277
2982742611
2174261058
52890035
717198840533815296
682633
1864899704
2786772589
74166322
155944360
1403078755
717794784098779137
2961906996
502046804
717473968056352768
717767127302848513
10814412
1290119318
2153458602
37697677
2821261161
2173523693
3606381
25560515
4201562172
53675911
4765349001
709117179929698304
707266671375994880
343269692
19760959
2318647322
4361645593
239511671
277181802
44903576
3335561053
2910142866
317111131
2900986407
42444079
381117974
3055994371
81791324
187104454
717428913140404224
4909016661
7209782
415106873
3301003065
127215222
956089706
286646736
88992756
17715650
18799620
768383118
27407451
15044536
107509535
3214803982
270476584
1884801000
370569429
44133412
1074341083
248253393
2540865744
471255074
2706754729
2865449416
46341079
391228253
58682327
605456479
105716883
710168187816566784
3255123037
636705170
4534093518
252192162
1659170460
119466092
50971995
104540590
3030819729
2282059819
2913468834
1691919331
14185663
50369394
716906359589982208
421393438
704178631141138432
2731737712
13391142
716622533651341312
235987929
16585314
603919111
552148139
35313962
3432407223
19782770
707535359916306435
493362467
767392538
2331127880
16528347
633232506
14994284
13836742
14225910
952553743
14903262
3679973956
2823993107
44531073
21406824
704344421756751873
271398064
53847316
3612472114
22720453
3102074336
94560700
2393187756
364124432
4136936834
715801579111235585
314059921
268152911
255776364
2953629187
889640767
99959296
94753826
2742765219
3129753238
22393730
716394809011933184
1289642708
1552415089
17831828
1034025518
715603595773607936
716316481269661696
715543313764511745
2869763264
221073799
4887583493
17899663
2235541686
1564458451
47027334
2801003996
342288749
17229139
45358941
716340375
2551315286
177199334
461068634
2518422840
716166520083185664
197527796
14742890
715762983268454400
384699640
701530067910791168
231258846
602019231
2780101805
2889030205
3004838550
106902062
17839441
299549551
1278036206
398153421
11887202
715925314136776704
4126081426
169142344
715916133480710144
186498224
612816796
140338206
2473528178
4922998306
18705316
137679363
1610872920
702437833185882112
701756305518804993
2807737843
772591154
105929096
1153569757
711578374204862464
25628002
96232685
262127942
4861688002
4644136762
304505626
48471132
715527321516683264
20424031
2524404469
4844279538
125617004
352966157
715594579018452993
1489203248
97209103
251810702
162608195
709000684050456576
4855793134
743172300
706485526879014912
2422137979
3331207983
104435602
1031210744
703268556901912576
712216476242067457
97365699
78015604
4798908510
251627761
783145765
179202951
694855174599348224
215162745
3560701512
708040009937506304
715430757079060481
131453133
15178622
55103512
2910432357
54283540
714554975788015616
1223734500
89514210
608435784
749105155
609205052
256429898
3148424491
15011356
20374029
2982539158
3012547840
3351476549
84336267
174134579
18075045
323771752
1152108146
715158375240171521
3019246248
99578519
47519278
181190758
709750374194913280
42132977
2179598380
221008010
2681029358
77681305
3055716622
4853038339
210387623
214037415
151942744
7352862
184626074
32585670
905123971
200819747
206113828
303715598
1220478944
95085833
213285547
347645640
391417590
295234768
373759718
17730994
3277263788
453461825
713110741696585728
161165105
4816623992
62217744
289323820
3872121214
1246846766
117119607
719382219
4533518355
49327875
1557220093
88210675
2793210137
714703131964280832
96609807
4298714965
497843397
710076796377509888
29517222
17714264
456568124
2222581182
1022953519
107229146
43707689
45090041
7028782
549487935
321658091
701431559388327936
203464149
264396512
232942450
707662845744455681
714185458549436420
4408387301
90106202
4788988376
2693032710
708245853262258176
2843466910
263103
61506820
388070989
714103343409401856
32739119
3372596649
160202469
198655751
19402325
16629451
2886103249
4068290693
371170202
1480295546
2227271958
194085690
2783588022
2795951396
262190371
713968665117528064
48982651
1858739220
3975062237
2446301740
4917480391
713433559277682688
32345338
349682785
1302190135
713664885440192512
3949186102
1677964656
280879711
194190767
241406951
2807303344
19341814
4617853889
713425115870965761
240785662
595704370
14092975
706931492434399236
3158372102
1961251914
2239603802
109526296
284374011
72010956
14144117
13493602
701517393718341634
733483370
108463403
291056935
18464932
3107807219
523051152
708882201052446720
4915704833
76250358
708910099939495937
960976032
713097826264301570
821540592
2215884733
265712410
702366784
138112686
954141248
914854016
707584259570188289
127447839
2428922090
500781404
1325131339
23635163
712709239542849536
4297794808
316650500
212673456
48375765
712930281313976321
671503
4016011
73014790
268470309
811102244
3729812595
89337683
4822816990
14636168
712949835263967233
712949114615554049
447456812
3063954771
215396742
2956850819
712601509498720258
635382254
48828099
725526990
3041716167
267248016
712803148616740864
471925469
2230847606
17094639
374706948
21191513
129455408
14772326
23756948
3707900473
80148441
3028161687
210768941
3089343928
2834846073
867611976
1193661258
549961906
868182319
234397297
1498592868
127800152
709728739634970624
13277282
491322506
66203201
711311855864524800
265014300
3613132873
704205835753398272
202326516
244448690
115609102
879543980
103821004
583454469
229602096
699193687943749632
99915199
2900645556
712415746081611781
54888133
150076782
707292726249672704
2770558014
2346722186
712343303161843712
1131622650
3406124061
69213800
3293345632
7058982
541652032
11172612
4502471141
79824255
1042866320
87252920
710758311310860290
3466506794
2652631975
257149830
1225764182
2345172780
5443752
712045556206608385
712023188666908672
2897177230
45606961
2655929234
469636123
11525032
145220626
63203392
249661817
2912934853
1450298743
2208907182
266728967
22325639
24246846
222966513
711830496246890496
46639404
2994841346
4796485097
2972171739
3364666293
1411743176
1135312550
302595071
37761279
266165844
1531858435
2429000226
711478545369792512
321712875
102459348
711657037575426052
859784683
326810599
20041121
711525374144991233
2879683647
217896895
917107195
26471554
328562540
3161431549
1109452746
3040788151
102978393
533298706
1267033039
69645082
25823521
136375105
327283764
80340111
96682985
69523593
81461388
112959343
4626593777
57573495
234059187
329059767
3256582646
3630007036
14745351
18801792
360616852
1920265171
1744725787
399623728
3328981825
701720727356051456
711213077992046594
706616172016496640
306124489
7163
14168845
14695407
708358177771954185
2836336251
4913463226
1868295444
68786966
390722420
827375432
710609960066027520
317747618
710373732968058880
2734362009
1089623580
393618392
2412165501
3136612777
60359492
710900703053668357
18115856
1322469866
41307585
316387761
371388264
719490785
20926161
3312200561
14078361
7066792
3303927755
130153323
4163273116
236311757
19048156
4896286236
710694692447330306
86852185
113829508
121757436
57108529
2500342645
68433280
2807710549
1233070046
347835234
831235273
3030944937
2984740868
237262263
110432736
2372514493
3224059300
710761255968104448
16719109
94767967
267145007
2842687870
578843878
115008325
751756802
2414003840
19014124
1229453318
509986453
33818896
109046277
216603533
710641071806619649
520024657
14181295
3277783843
2529248022
325407118
68371366
67024886
79454873
90009112
19363941
369545090
22653798
708820543311634432
38720138
4866621423
2869153035
3294367247
525507272
18216440
2368756800
2523225042
2860302617
569077731
59130387
14923548
2166833736
2580748836
16347869
3198618688
429828546
18364654
709383484058501120
186167080
1343642118
26570368
315265228
287992591
143127781
722103
3322693991
3277512888
704744749673000960
291092118
4498831578
2584837231
412227401
579543704
139718139
325451371
228104448
19725279
14549964
3749926461
1886185087
101215757
81050531
106473218
1723977241
1252696596
2590199208
33192743
453860214
143697853
1374631716
710392865336250368
710206103112519680
17407435
1057699609
23123243
2821269938
263961666
360379597
283952787
403023642
1604419182
15045760
706579720809418752
20076065
110154686
3639588494
542744359
800803494
4267587135
235614066
380594919
2388021084
69526502
1106679685
4846440351
108358686
2416242613
15300225
2516066134
42426205
773641262
4522872497
3245073101
303170445
2279253800
749431940
69246183
14100306
560192938
200042648
1648156897
2925019194
426961384
1930288278
2565013129
3420160700
130934664
111992134
12669172
1088809854
261631214
50048713
385349981
4540243119
14713738
42178293
2553025016
17863671
151623003
56264961
499823666
105117130
128652319
707965665047482370
45673776
165742983
2290861901
3052033302
709756543928029184
3290210559
289610659
3097846942
3995750709
16020552
2582532277
4923991157
2156577072
14331452
550911590
2396872081
1971248953
621717288
2479510254
2523282948
860610180
381714147
3106615574
64995504
2195766381
3697227075
6522772
180051302
701823113554739200
239190221
3955645455
469461129
704395064932491265
14111085
434123303
251717032
708197566962208768
4334235795
127669944
104611626
252087771
708412131251777540
197636077
1556245638
445533575
1426332541
709140222886453248
4889934027
3995507783
2487213661
3027911367
189879976
1004489611
361121559
3156597091
633924380
18130341
75974080
314516664
68104422
51073515
2995824963
16026230
282176468
7749932
168456600
1486241568
2855693542
708586665846165508
428991209
1497235302
455629458
1006765548
479480281
125440976
15157262
700407389007306752
3072674717
4179632608
76324231
16359850
250531529
47772620
404203494
59179308
16529453
68777147
4619902156
556400154
330235851
1516105536
27187150
136176093
85195068
708038837314961409
815482694
244830549
708403598535872512
1370618834
564127442
2212472570
289470132
1632826964
708370408572059649
3233774586
20706335
860939983
1145158902
2819598645
15565162
708300883369533440
1289977692
15260344
301438202
461283326
2387147600
2853884425
51006340
44431157
76402423
121538138
79120503
80931182
17324318
31310188
2281103515
2565021
112620498
708071147338932224
2958723073
468790317
112854294
169504837
549505790
380190484
3309350098
307217525
2933161423
159580605
491447198
17808616
31831436
465925216
2397878708
3130617089
53143746
4826923355
2296911130
105808169
6259102
72868533
19157679
725972408
185309575
3431281121
32760191
575325257
1128564630
4624642877
163091986
4770722727
44625037
707712095756820480
4694535756
707505364804222976
3152731678
3386904983
4191601
68452859
28571076
200788878
343770526
62127624
619065434
278509985
141499458
3096514066
17096394
2843750729
481149171
240396452
706520400021159936
3438514535
495789322
2251418270
3017029382
3841481896
186558696
707016662856273922
707352266127384576
1473095779
3546447019
45397841
705718045776474112
5656502
2909912057
2611424313
200737306
876192498
557317740
15383903
607210964
512460212
4888078486
701776267952132097
4820937131
707146649605435392
233782862
705303346966618112
3228752807
2192168599
16595249
164141054
824145067
620020501
14777462
3346545124
457617452
27231721
108045678
4841328329
97157072
28400555
2757941014
703433
234169509
14059830
99764914
4860616312
2886704824
347407027
15767097
14866301
2326209962
108573038
385997056
1399476936
459951829
706715537162768384
15066954
706655116309336064
2332265059
48282329
266977451
1495322575
159625997
772946359
34989010
132148315
1898796596
79745537
57469106
3399904967
933999036
36261999
15748485
433200098
2349900824
16492812
1025086628
298674483
101569998
53772611
102741063
701438947520450560
4904219051
9762982
333634974
706214547464388608
303403901
706198166459314176
403277132
3044867296
2179703204
1275464970
963808944
572424661
84305683
2435581693
2171369997
3066033226
2573973680
925642236
604596844
2461398326
733185091
4423268238
706084953579249664
2941377891
1693777087
704491633774039044
703618009647214592
247687059
1705557600
217536296
4873590730
1323792348
473557327
2389073089
613101366
4883509151
704988782664114176
47614061
184172560
272350575
1516819092
40238282
73143440
888700807
1606602889
705797768741171200
555822416
125406967
477370333
19176278
21415409
74134067
3289697957
3131454611
1046022805
2574606914
914065908
6306082
167084787
402835708
2192197879
198728693
554964083
67778405
55035402
17659964
376164738
704210137645346820
332199893
1006129238
72805788
3247876554
3096992813
21816463
703142478866575362
555873071
66335563
83804598
380816738
11203732
1945897958
357745810
444321396
1417761847
4718880016
50819630
1018194524
4895017420
46375908
2245398626
705392259991269376
4853479017
178325165
18017403
705366058757132288
1238807029
208008853
2856523228
730218282
4119073048
704764626840502272
96792082
3441920353
41995526
73098910
4194064333
3307298257
616225415
27069348
2171771797
550659171
19449546
2384747515
132456565
2556695011
1369745378
378620593
1030312136
2853946402
699579695457824768
316261189
2396240539
399841965
711871422
18105477
4871438279
46856641
2719323594
118742243
28576927
84829425
705049481452998656
2743734059
28781832
4080049094
329949475
18831354
29185489
3003019391
704956461361852416
28571419
2873566523
84039739
429258341
298048177
37438606
15698631
471434209
704834333396176896
451316881
16421086
316611223
1264444956
3465581374
704761360039735297
2569134259
2221344048
702896999067213824
450942471
4610047241
3405648467
65593253
41851597
357576231
39382858
2900719324
2870637759
461010963
421183247
3648005299
107279686
2192619888
167473525
424870938
2890081528
211065618
334174855
1661232073
704425885500350464
1620025602
224681510
18097208
697528928106319872
391175534
2782154662
48442819
43107353
275658402
704302497960214529
702194947848593408
3382481302
97134656
2888575821
3899375963
2719908794
11793962
3256575813
599807410
148851757
4705173737
410742197
2459460098
2786867635
2716586391
2981803620
2239304401
721065869
161665970
1325194560
67501956
3297698324
60419351
162066906
703918477082406912
3295609498
367218674
362373821
703287093389299712
37659944
116937422
3025927378
2478913687
2606230921
20793331
3345059195
1569520646
995840198
575010701
245357701
53708747
869303432
3227098789
113251409
2386736052
4899661101
1210829192
1486145328
2800152176
47203414
2329750249
221226801
1585279093
817499892
2503552729
434306780
10281822
19047073
3240528364
25679040
389817587
88203564
409259047
223139234
1482842725
6742142
98689146
703077312032595968
4680274021
54280220
829610581
236407813
2903770472
286485770
19654640
2541702800
702142989951492097
2920339455
2161192477
2371695697
1372082066
14667861
355425827
381459827
390420989
14348197
246981189
714908892
701700142487830528
109906324
2397402481
3177604967
2437903063
703313226243690496
703280220091129856
1597992390
4897599611
309317388
4847155480
65019615
28328828
98188196
4130763372
508861384
46421990
3390053073
1187889121
2754103500
110766458
9250182
2191894987
69317119
34494064
85552416
4381604243
71793390
804451562
2487935676
2788844431
15213780
330672624
1143945781
44545630
3305380363
135280014
1087872768
702915550498914305
10977552
140523371
2927942025
17836171
107731756
4742453396
4923980547
3338618193
1849060598
348943404
62388799
138744654
37407874
19065822
4637744358
3148622389
2913941490
701817052504260608
9047932
2901038778
2496030734
418069208
73574714
4681763371
252559286
233706096
702406854928900096
205248957
525471827
61214451
2612940876
4910387718
42327021
41532590
700703375185223680
24991748
18380617
702577586392731648
2344452154
202110165
702433445637705728
535211182
702393468388286465
252484221
4833063730
1120364282
702502479628537856
700595968610320384
3077741277
2355047100
1902865512
2358127279
4063752388
165678312
702450994496606208
296732995
702435309057929216
2435897743
4885654798
60137042
2327906205
3046657071
2284339070
211976499
702400092289024000
38206459
50627387
3075936620
2215338828
14548949
47820634
237142594
2241574177
111405668
2455310089
4838961545
488962136
2862203473
113760988
42058463
571034827
702222030108815362
2398983092
1946454325
4841367598
1684895160
16102511
185728730
3379428167
1244057276
34904843
3326552714
916792478
2848888960
3131088461
2186378323
4876176257
301302285
3367728411
702043817747288065
53013946
276923461
700688748229427201
4847250877
16028414
2740295864
1288394816
865305697
384032186
2945805405
107484162
2816202939
24039075
4478321834
177047774
288938980
1229379217
2389305823
695114608302911489
4803539615
121576066
400642057
2990873480
701666758898409472
207141157
2446654272
16387503
8811262
4806857929
2911521644
701550707544088576
300561459
17594574
149277776
108907809
16901984
95313004
5119941
15418408
701481704658046976
3165525586
180040903
859325900
3795577054
2361441024
2360445754
4920415963
4233684272
1118597954
695578260609114112
619891689
703029398
1905086964
44308341
87416147
766251158
574240770
142384027
38983608
4403617108
743083
3131569078
563756455
296152030
238237177
7367722
43917896
4738076953
1894522195
4916985352
701069654081609730
122483128
701066468314652674
285609743
701037780831371265
1625898758
701047996293599233
363422391
175368433
291965384
3256052452
4537654529
701010507696881664
710548859
480853651
3561139572
334948160
2538353724
1416752383
2801741710
1587721069
3309035829
2722249538
880748118
38467608
2252297862
304685008
183048719
444898105
2996689655
514272755
95452833
47898847
98948615
137460505
3110786122
2694443486
170334248
3324598842
175692961
51296510
156169678
4918844748
20026341
23209721
26494095
34296198
2728827149
4685598756
215705660
1949438508
41619606
2164910209
309253804
529238826
15098340
2437368372
507339415
2439514562
3039482632
422902521
2510750065
148342491
2745076085
354549035
72847994
273417377
2260144477
91415359
331653243
3130866220
248197752
63861704
35187095
2799533236
340735528
108348003
1205328001
314354231
2822367832
4905675142
311828505
4925216968
20523551
212976857
3304020738
199323083
292011095
32836237
4817582183
3229525399
39070400
455126167
153082035
1382893914
210534470
37402634
14152452
4404519973
26440524
4854589763
4829436947
268991123
126585918
3100693972
226916680
534659000
4918907572
2700578436
2163875218
3091512220
3172298598
328927753
80090469
102784633
69070821
420096836
699721849836584960
3091488699
117437508
3415464831
2258033227
2423742878
80063610
4917180475
22562692
92814001
4913639590
201039209
575616164
111259690
850040654
4826646491
70505226
4882382038
14538474
718111764
784133
173729878
4909293029
243586329
399050341
2238201649
198991081
1649487000
114147741
1741634821
457478689
3032747676
92234506
412388055
4913967985
46463631
409198881
18518409
4916434835
23744584
3359870278
4094474300
2578082562
73900802
3978906389
2856965252
77787464
262084718
4908944597
124813160
940082072
3153201500
31434574
148022098
2475123795
14286205
2406096042
305542075
2682967286
2289513384
597513002
2339272975
88901325
613231673
53346685
9680132
2745625953
3024332401
109495859
4753825915
4909106409
51892087
1671732937
503185686
1276042172
137439228
225988531
2415841484
5789862
3053402633
241271245
4909845611
327250952
1926257239
2489528737
4886087550
532259184
91630594
4462497615
321478422
4904554366
695541286858833920
34920989
1607868338
171420333
47954994
4908383489
590763302
4840834465
2188741225
224426465
79333090
4904484732
29661309
20879971
3938097479
4696668798
4903369130
4582975516
4906057515
4906134527
20969656
86901932
1874638616
3383532819
4886271029
1157191850
464709572
4905190300
578115120
2775197368
132548605
316582523
13123422
4698561176
4901210857
3185076450
4712262242
45317078
150884421
4802799015
114293767
2369906898
300833382
113908422
369474625
254705342
4902524902
1301437903
906815558
2346872545
4207064103
156591795
4887401877
16127308
4703615569
77580347
1432123832
54090566
262543897
77211470
1026899616
28785143
326356921
2372350789
204196563
89212892
2404981484
1522200156
97615638
100329971
87427713
824400931
19959538
4694911380
226390472
64033875
14334006
12351582
43850054
4888352583
3726451221
166737840
10432632
714060895
2581122906
145152802
2178508462
15150622
1959404371
2392179812
17801980
3257186571
219544896
86670929
385528568
240230257
4863295263
3214744450
1509821582
15654303
2795737812
64843382
2429467011
2497059498
1459695894
3964411834
4823984369
4893046683
4877056114
3380491151
107682955
314434758
461472276
46965402
4891283209
35886589
4305926594
1673880721
2483659136
15091997
4889170158
361056548
92685747
44967394
1012123548
317082418
16605507
2385334675
4627538657
152918646
19170817
3605508733
77872813
21933124
222042992
1346772368
1111767560
1622909264
4894465263
3165942700
4890222057
4871805917
54921718
49353595
1392759474
137126029
1432212289
4886358943
2524081045
4889943639
4886696409
16531892
4750810826
2582807365
415797589
104136587
4884444991
3349518557
4833411155
2221716792
3176998461
117286553
4856588651
69272143
229038620
15049505
581468001
4502484136
176448790
320563709
1316937728
3395882937
3338805417
1910506442
214823534
4119337739
861387260
15152648
3238419610
18734788
402438205
167088808
81580654
4387045829
1440928453
844386391
817462314
4809594432
1690978057
264380039
394352927
200569093
4876056253
4880311082
14475056
434887803
1431478435
3672914176
4824714958
4889677053
13053182
3353698810
1262422897
335800049
467311372
161990709
2553593832
8478502
2586194100
162588821
871415532
2872610614
575082904
23238744
4886906175
123177499
437189857
132739797
3007290258
179880327
26016857
40891567
151799038
4885281771
165344591
21567485
4885032975
4529585477
17484861
4409761885
3082612101
17892351
62388001
29170878
507732766
1062573691
700294177
3911914273
3021523293
22381385
109853144
695577933705043968
15529109
205598846
191275654
366013712
181500735
1726680589
2942291919
86582837
8689162
19252413
2469053143
2932925617
62592255
110673160
28311777
2811532454
45874277
176128047
457790654
9709362
2601982135
41562633
925231944
135449864
2512702197
3989247742
340036743
1626763687
2277874710
34363319
521309218
610207992
210247030
3698270176
365308701
82416815
3239431768
276015897
1056166578
3398879453
4868686684
303099479
431914498
64996096
3864312863
11297802
4269292453
4107982213
440727186
522371220
2861876010
19768330
4429974372
1094580307
3165282255
91167837
462183913
4874132391
331562272
199435611
235283167
634455687
326991093
388429261
249746914
147169626
9401482
1156975980
203798473
544592910
2211256090
3689061793
123352501
121473821
829112070
21896926
60912039
3430106398
38056544
3289697315
255681617
4876107790
2687054376
1425098341
26286690
1006289724
2498995928
1420240916
373949373
8726962
53928766
86556601
18818733
15375483
1429557631
4832177371
168401974
110981641
2904181304
92120831
342968042
119829692
101583152
4604118333
868494860
3048773068
13641902
4826911803
550416162
2900271836
62526463
234007452
517855419
60056228
125802415
19375585
36210194
4745734101
1962038522
2532525133
423039718
562264989
3945833063
4824850572
456093537
1414709245
713341989
15629860
4852704345
121414659
29034021
18845675
268422828
366079266
4865042776
57467887
4851909108
250561944
16936092
218565148
4861864169
2290001
481346500
26045595
70750548
3166024797
2982152921
1036201753
2666756808
221274248
715762507
164176420
258883032
581316997
1410652296
109266725
109657180
2476708851
4769397975
71280613
4844659492
4854301977
4866908711
3086680684
2276745934
2758354314
64389291
2745807324
4871827745
204499892
39736192
532130303
181800861
4868922706
3349106277
21619695
2810205818
320104935
2334008402
41461964
468783930
303173822
1451696880
37880392
2198681304
46315188
1004606167
16678813
56555680
3018098805
129795222
4870368581
2892232996
346128444
2395461458
294142360
2810199455
26007791
1289659496
154618075
2190418345
1514386861
3224293669
137821185
342593080
19207191
1892783936
1201542446
168648929
132813260
89451259
90646276
4841531026
2253505224
90858539
39984479
1023647162
3673524262
41895686
312694538
4867248993
3507117076
1491023876
833248782
240742589
2545355459
11456522
112770210
1011278382
423468227
2472954213
4556938946
85697566
1438590006
123909753
47004528
58463412
4830649986
65458209
4811308639
2981494144
2497583846
116305716
126452845
2994371252
1313176790
4726051763
297675159
4755214637
3208241919
176385894
333896703
4863672940
4863282100
3922744754
1442240323
165935390
268649736
202132768
359712488
1495753734
234986591
4861215975
109297158
19640937
3000466143
405699925
16344205
1698935592
16599309
114304784
4831018165
1020650568
1376742709
496111274
251182998
2312551033
4615716387
74863
14369925
2681056302
517705687
4774428923
24892605
180725168
299691680
50572260
300259854
11785082
2957927442
46111776
434095076
542693712
15637571
242808192
82972966
83367413
333989391
4858675349
1854327414
4848336485
1871361
2741891782
4629902781
4836704975
292605207
1439553086
585967715
35386605
1570403582
29614725
258967839
2316949601
4219302202
17673351
45654236
4856771008
4824972133
2198794778
3248193102
4779042574
2500363579
4855826049
3396520474
4739763021
38866882
4823272128
826934035
613070878
133003474
4727907273
80196676
2421245583
36300639
621994522
4796901285
316290994
1128841315
43131574
818263195
228230794
155920013
15184134
3383408931
449358366
3289126752
459503065
536259824
2183757775
47183945
102678539
1478291
1115938326
3031086747
58825068
369135655
458582767
43233640
14407612
3231404215
11517172
171063316
4818139872
1120063141
969659438
121317134
147994596
1951107126
331510471
1633571522
3124277507
2227508840
91836694
2473782062
2416682937
723130472
259753912
4830547450
4714140736
4440964756
4850017546
4848639401
189955126
2870728521
3299551881
56932659
3007265603
15087010
561368770
128222830
124277765
3146244208
393254195
132734626
43287873
18451007
12500452
4587985572
2451553325
38283427
12819762
4813939477
17873253
4828877771
48113090
20251436
4300802774
3100010221
56417407
171216300
413265366
228742365
15458912
3307439529
20946597
4142990272
425446596
3375603285
2233185098
248226084
6828842
1394198312
371342173
959913920
278066341
28076520
51019127
4841951291
19767044
404698592
169007570
4744690873
48059815
402860539
354264080
2733117987
2238346711
244467182
41395161
2649577181
2831915635
44575454
4761947852
2497972226
25481777
3903016632
53171415
2240963880
171699758
16555515
106820333
352013423
219371018
1352490950
4729482202
7409412
222858045
1469245129
520190708
4445224154
704588700
270843186
23081432
3315690222
2841435562
14318353
1056073993
4665462737
341544571
3505362612
2707932437
297255498
2452412323
310945226
1483000770
286558019
4801386188
40420582
142415570
275224819
218001450
39473057
611588110
363281881
73251387
26994054
351051971
4798919113
39997659
4284033569
899512002
4800621568
434515816
2908865868
62703997
113902301
1216151184
3246584098
2808735090
213258420
4834485909
3242169990
2465572859
349044704
15878359
1438601137
21168454
3281120358
242499400
5721692
86709419
4794692436
204223576
1704161100
624091649
46771952
97916732
366727194
521575140
32795519
363065005
40935257
372806711
2411525462
2777900520
4705780348
1404471
4830645063
767701069
4832587803
1364867695
4827616973
15901281
347724726
4788523550
1049038428
3187488900
214406343
8513292
3688902322
4829889784
345227562
1544578418
26295768
1609361
3038433842
276196662
3319933355
4119546556
14464188
2964203682
4819405623
341992404
845733877
3038573827
219789652
1622083400
888566334
3177086064
597480246
581113279
4096186342
4830447610
1616815904
15037910
405972940
16773244
33442181
4829953901
15254889
14105129
86050748
22907526
92126908
238120812
328917955
255263934
132175162
328978768
2830597393
2882721386
245792416
143737524
170279903
2900424220
14317516
14188912
326841403
300186393
2353620294
4787443716
4787411041
24499923
14190474
983828636
14612981
2478811320
3372129621
471456394
100521043
108888314
3000969539
26115411
423781879
140551086
95917982
3558549557
44145206
4827486004
18134778
636389552
3821828474
3312713434
2453219525
235233734
123521514
4825351089
4289238389
4758104001
4813895074
464282677
2694882356
92662902
2138601
2863805194
4818828053
39267361
126386476
764987065
275037110
15365951
703575595
200022897
4824157227
4522942462
187570404
18346611
2342557633
73041548
4761646261
933107749
831372379
4776977712
2264957437
4776547596
4186130957
21284013
39891194
1336714242
4822022243
2247244062
3558008537
31242617
382156794
3053661839
4691079116
29417112
385009361
2447328672
163549465
2304173078
4820629431
210919989
44563376
2308928304
2872305885
216458526
593718229
952155096
540336082
450703943
390328621
7290522
4353080362
4770011786
3160285571
215803179
4335180208
864590545
108703983
1051092151
38228764
584207922
2308396972
13052292
4767777559
2798109788
4705050976
4697121002
10678922
2471839866
522687127
2610953706
3398794288
55732874
2924817934
4344906384
2567506802
40957910
789540776
4759821013
1696716950
1515370214
2698707954
4713420930
353309197
282633432
420041679
1853796314
2589437070
296934358
1017437035
39039991
388858518
102828519
2361367586
89282174
26379238
449383208
27244954
2413277712
1919472594
237820919
329750059
102715795
117000212
120467954
430136174
1354989638
268594972
235984627
97741578
2759000030
100319232
16633545
230381552
477506731
621053480
516197162
224500901
317233829
93224926
46060273
14652516
42431027
50112832
157966343
1406936274
3635709377
50425301
2884151272
2981920206
218527976
551585063
2781143964
50617898
27214615
2699505702
451201103
2936540474
4757180053
55270734
2656452264
1476678752
1545856116
2946085608
4756422554
1564789074
337308752
129842506
1560583801
124830334
2923766751
133423649
3559689615
740613708
266472818
18250478
188061334
25762564
168674355
4565749655
4797501203
4025793147
1377377540
2966365833
167529583
4795969959
63182008
18326219
1618994467
91819709
13703802
4750753591
3368403436
2176456523
588975200
4753954452
15085165
17680589
437511832
116829301
1635602762
2499568981
14177925
1269158617
231038843
4735753667
23629820
1911456996
591633078
524930560
14083213
375863
161777374
98119557
2252425700
2563323872
122908725
244928689
135555108
85395527
132881818
50950494
142300253
1382787246
17108216
3115613097
26379689
3589493954
28158486
3428235634
22315303
1658819090
2532784554
4788909497
3091251389
111644778
1593577062
135391560
572769650
930824334
3316895223
2443736167
2331383893
4749440186
89610214
22232865
849457627
134184359
4735580299
385717957
61774552
21362729
1963944643
3312268107
3821846413
1034391656
2818885071
4764011855
2585023297
126329085
347794888
246601373
4210721352
4019489542
4746386839
4741283065
2343200246
85615623
4745199918
1724960948
330417524
2372949456
20242205
183300784
4276586307
3318909039
594252748
4742821698
109035408
371778988
258702453
908742042
122421212
45391282
186401122
4742671104
2867297944
4742435478
2248268849
62014673
3315859774
527182922
113603853
1411886755
3064836931
18302369
3324939503
91589479
3188503840
2498113928
1477139659
531248211
300507148
204432857
279599267
488565365
4011964633
6996592
85577876
386662035
2880016446
1258160167
4685126480
423104853
1883147293
441565461
125364889
14822380
11300072
345412004
29286894
1009817360
33410814
134120586
10523152
4756708217
4688525190
229928425
157069574
323498627
484654104
95222627
302008608
3071151519
3437648783
40452942
2273227745
2274418469
2584066588
70272737
1469266999
3110474302
3039393642
371153517
4405434021
2233270518
50610652
2394085909
4243961061
2236414837
4461197543
1178819456
4729080629
569896761
4398420016
376876143
2207593776
843087907
25501235
2827961167
1055719873
241674843
4614610287
550257764
3019355645
3221184814
4680670448
40796404
371133892
718946544
4726258152
278349531
13754092
177561993
82798479
1013498185
3011898473
2510793493
3431280849
2567480816
2393306414
3719791
3236282918
1444593618
4049168541
59433112
4257205272
2803851354
616473676
53523333
89234904
1884481566
2640449422
3999864989
1272884329
781738374
29809619
2905120462
66319611
370286752
3302819256
201925016
1554315182
2219057436
14450963
449939397
3434393625
330423551
3038969130
7578722
1286531538
54843456
247945774
6329422
3447828257
2466641480
846731
15599419
2335046821
3757052783
940026139
141415073
189198239
1153419613
352947968
440899347
1227889411
361853891
320551134
62529020
17411899
20840656
1860751
2843292690
17193275
4716228033
14498045
4152064036
554364615
4169646730
281475162
289299063
553838215
53244419
3167141429
25684480
4600113255
23307174
46161936
222341574
10506672
2445168366
410311160
204367663
168085040
165638833
4023608368
769306070
1455331148
248897170
4528167616
457181144
4304989753
53267014
15827781
4322083163
18685280
2282673690
34787058
393831539
4708124919
16957690
149861285
84650898
776746670
55530311
1265210929
265917366
20882618
2608301951
3296262809
1894296426
17929819
4623441214
708388045
167355978
4654610116
133313968
49004688
130160168
425919307
216466142
68913393
139204629
2462965040
21979411
70676528
35164131
1187521
979736965
500406707
97180312
393419326
2769868350
4705264092
68246484
4513816101
84485847
2394817767
327621208
911070336
987681642
1037040884
15192752
4693072932
1293286129
1673746650
2215586005
2655429972
284006107
84063488
20600353
16379996
217550741
14477285
4701541045
969275161
359442737
285568450
834128432
320374699
187520417
255096030
3130850411
60503366
4266684028
74675393
20513274
188820283
545065163
4697766980
64499548
4640564247
4289114734
1106520674
2491242402
185570616
25662438
4044361335
224623348
125782886
14192410
4614604576
5559692
1175596752
184097372
2285368525
4655622323
4693430894
999189584
2952023181
411328666
583784686
15710065
17521219
528917877
4417589194
1094240809
321805325
2323689473
2845001272
2692063070
4687112161
164864228
54686028
774664
2979711514
496985395
624854071
298240429
479551323
68492023
173204636
232509522
612621611
90370901
46085080
3041248179
3089552767
556053666
1641040159
472888184
104923622
3091692070
2839772214
4053580043
4661944402
2133911
857045190
104725538
1417972634
186789044
210292049
2929774983
594336319
515750320
4517757334
203238845
23099535
494647469
352948055
27687533
17154368
2461152732
1139929920
3117612239
287805040
454681372
949678447
222483788
12473512
14085504
303454069
3238714500
4518311009
2391219367
4081661718
384643733
4612864649
3401210813
2708046855
18378029
15566703
395105401
3614672114
1008609144
23310709
216773198
244837111
4672214358
95005420
4640395461
320344804
2663715446
160161488
15793234
34991430
97323776
2356666740
724518961
6486842
317729548
4631327195
14075974
406136056
4555544835
16991309
322875374
554232676
112190467
2411677314
3899969594
20237103
22329784
32332835
855123536
155714285
4625906661
44118381
2396851959
4104751095
94602573
108195265
238902590
27489196
4623111443
3992933305
3639769633
43072373
266828930
4613740132
3212763537
136945865
1412106882
4415970227
1616805121
217777324
4656381374
257107182
13123002
140297320
760274436
455984200
52036434
120389276
241208272
4592545942
2885771424
205958403
358902315
86083671
215126340
2970928041
16063910
4604130083
17508332
225716995
984074719
108363248
330465668
167118497
13343802
1190419412
3343109872
215789787
599466322
14755419
159027299
3317509894
2990427314
400454659
4585966633
2933937706
163358910
3816459376
4626558493
1313847062
4149981381
16237121
392123537
1041845252
2839435468
4560583881
3266421865
587198368
23049239
12717572
133251919
1028831857
4583459236
464073726
321600867
271864925
65013058
4582050873
3005626497
549381722
19069144
94826471
22575344
1586466516
2769537259
585527660
186906473
706913786
202577956
2911878653
37413496
3146099737
1284314156
70196268
289310459
241482034
1602729043
108066479
300312235
30934601
121440112
237203745
199301127
211801756
607604112
1941759128
305616463
92058467
547559880
2536204362
18293770
3746850202
510604072
1444261
9577982
160584760
4583516472
4522801335
17693984
4469922029
2534311342
3386925381
139374864
2401473108
4351994723
3384113601
2775786167
394543073
13681612
23094608
4050761175
3362800547
4561456715
2390654502
2286626276
1673697182
18864067
547103629
4532660960
4547119829
3243579890
2852614893
281936245
1627429200
80867126
20566617
963605959
38281778
4049222740
394632034
2460820716
1863992257
869655631
2557083828
65932373
4616019438
4555174222
65740589
235324761
1427299206
2809295507
48586177
2818130895
4021276044
4617263060
26213911
3128521973
3855584537
302036801
3348086493
2796170320
1443696685
168004347
397398272
1169831834
248340525
6129662
3061046908
52677145
803221236
923718469
3179014741
150973657
363328099
2472978049
222171993
82702446
3240462118
24601417
114876821
600652394
6156802
149576146
559395047
255942484
1929949080
130542899
2359238832
221832424
395365352
14244994
3106982167
79142299
227589377
4533320909
181727366
2768673954
128795793
396115044
3438895766
486142707
134614189
4497261676
8779992
4513041802
4068075633
1725076896
987742952
738791850
526222936
23939450
1704509371
2558073026
253066891
4356828733
3809120652
1968162073
123307311
523655968
4521547521
50923320
2605351862
344810825
4591949113
2336457462
220443654
2598512400
2388455437
603449822
186658236
125412126
124414339
184436349
2588882082
2600286865
389374580
15931240
4319211029
57578820
19381900
2481588974
141998330
1425842304
1137365821
393734756
605704298
242221049
3305615739
68799762
6862742
2449441649
848616516
36621463
104532064
357093729
4581203413
258262931
459287265
490755085
2882425833
119479181
4018104195
856510645
1539822404
66486408
320573380
14490437
1049273048
29589275
25468614
504000830
220809093
3072378899
24382807
2983791347
5495102
111691255
28035566
4502280501
2296320408
70914812
2265738184
345868029
14870290
716058104
3724483454
4557510324
1366360218
1272426608
30810528
126975208
240171743
10042902
1132058490
787715508
149948367
81057201
420427987
2880746067
277598030
1577041962
87051540
51809076
87645154
11921442
51468591
3173047451
15821693
22366684
587333141
213593900
4472347587
570805685
18903420
89264594
2449690605
2686353036
2372043493
223497239
4561798994
3973881568
270576543
91289057
1952164182
158193581
2226601742
4355610315
185971503
1975595725
97007735
17228860
431850834
188249459
4559393864
21015547
515855114
362612534
3170299847
734127583
151899095
5393432
36386567
2359940676
15875047
35387866
217436207
3099006429
30729612
809698866
8833232
109703082
85779205
3900061
300207853
2837520010
342829115
4195058140
3792501
418018720
4553821825
380379826
2893287026
2290770116
2868359475
476693148
16166052
18719748
1663408441
390036175
19923827
15755608
20641305
3976114753
14742625
1250132785
129173944
51845481
3575039301
2620805916
2296958440
1594798105
4462724177
3861544458
192520907
4463841148
3575580555
509946061
230009407
2996565680
2192338014
3318909201
402699394
322029147
147311963
2309782152
4427284463
4454902769
21185425
20483
98905502
394610541
81525703
1130138845
170998546
2623383616
2555075401
604653600
358170119
1016166938
72150978
52862242
1355403674
2398359708
2221581144
882718872
399985040
27649491
954957674
106871221
4450318642
26729093
277116212
224835322
4449359248
71359584
1268746442
120831759
2258740502
232673052
198352857
1162222160
4063600865
4447718140
90597911
153710666
2526529580
2290098049
2167911685
2257746108
3377330860
7735592
2576195455
87822271
3179455048
15436161
123151871
1298003850
53805365
49364824
59094027
1517782753
209448317
375856362
121483012
16115987
4501695492
184580097
161188771
14564367
366555600
154544056
123826809
221735495
4062441254
29897951
3611648477
24591025
57879241
3972963796
44903839
115448904
15477871
202539921
1427147784
227636747
165691768
4452169470
2433362240
214735657
49555265
2290144891
148127642
308355610
1348683235
17776653
990651260
14796740
21707729
142340204
4138612679
16129593
414608343
406217402
46132036
97311865
2292141804
72343962
868667971
112584408
16322572
2808365523
76463205
1951936646
27471635
204078270
183968990
2923065130
33045858
234862777
3218246002
3380944570
969963516
958969735
3133401117
54133686
624434185
2185661474
171005256
1047816510
3479570358
4408424235
4501810512
15410789
16134450
1927798268
3386789056
2700452618
1870963628
1125751
15287996
46915555
87703704
523259288
2632480931
4311630196
126483860
422947536
4178569757
4416717081
3319489502
4349026216
3465486879
57199077
780492068
248120243
98483641
177474439
2186515448
221670147
344629769
248124108
3693346215
2807879401
4493812213
406025403
50628217
4437182330
195028066
180968639
2698660063
3353437340
360782431
93410566
2366812045
1129197918
248684566
376022572
3667524613
4395647361
224410297
1403107590
4404026116
1543379834
85521072
559116193
14247295
3315377094
26793208
438254719
293093772
157722966
2179731472
2873999962
27878100
603214847
208739717
395391280
95429857
1058824568
2347832275
1055808349
130080907
1938303043
886160485
113784738
2919526529
7550042
9242302
315214893
1000566408
212367256
504996092
998363856
14634325
164240861
287879145
2194316716
21149251
69089030
469625697
15129303
399943773
21733629
257839924
3339088215
718972253
71546029
4333698017
71363036
58430366
84063866
198707715
243679433
125170089
4363518381
2943395059
333920625
237730106
1292802805
1585326828
54855730
28875927
636489000
240210557
26395313
4343054661
14174010
3331501480
3987454452
4447007473
425619026
4447486392
2439366637
4324223955
4355347107
64384374
4365763936
2150377790
442898741
371437938
4337926635
4445061672
4353808516
198226751
553004994
21006211
272404216
284741806
225776078
17087547
4359592583
2547689632
164226094
4353799347
4360864167
4352439915
4305182189
812843923
4360232177
2161184082
4358109315
2931451847
53690357
4438233734
28781219
1021956121
3808672998
210679050
122031232
74228539
252832211
1604126599
255167804
12647212
717649267
2177379707
26240655
185766363
133019013
303783431
23591556
9574172
313282715
4350461667
1965141242
47875569
169823132
2155260037
631255673
3187301593
4320798095
2347851972
124993147
14433726
102870959
4364755393
941682866
91539532
11216232
1214693516
4424293034
1471828728
1024443566
2687760542
29040540
407902533
147034674
56490044
116217190
561970219
42585965
2852880584
1432791978
4021605861
47304287
59853820
2508165666
4277590573
13745792
3109562683
176509270
281041111
27972209
40635445
407992651
3553915103
232487898
2428596961
140674257
804325927
213917183
3458652617
2240840264
215428613
2873284697
52196661
22699287
439866089
1007629866
152989381
128000711
314899810
199175207
238541848
35970387
52074011
3288326487
3211320917
3366296296
468346074
1698632209
4246111874
237860618
27547061
1484871103
37297777
347940121
353847794
1068337195
4319694681
1548173760
635904378
120824431
422488832
3352872194
94278641
192514998
904289779
2835483139
41215068
1150819406
92207494
1342392235
412912794
342788218
15011476
1684481504
189535713
63943007
1519489188
432450522
4297132821
3986593875
504546348
2852451056
3370378264
3491300660
341849743
1647058147
4282639397
3120174239
121498671
1241014021
4298209521
2652963511
4379018353
239405111
105146880
16471827
318313660
2911475291
54950832
77816475
80120860
123023335
14212405
81033239
343294275
935696636
990428742
22182336
129941439
122656799
3433541866
4257152661
15363304
362353327
226137991
4293390677
597664908
2881546362
3226437103
59970903
192650396
75050043
3831176705
3383305917
3370821094
14515211
4278152481
4289419222
208200993
4038077781
1619347716
1392767101
164935402
4288001375
2754426306
14431484
2969504164
4366862112
432485713
1341502034
2461453441
974323290
15979149
602524541
183266055
2843255005
4155582557
4284309682
125927286
2550602301
4283404348
3119755482
18897369
266135775
4278044237
95196403
15006079
36225039
475568156
459401282
19569275
1948443410
3318606842
17640173
4277300680
14911070
76731447
329746427
32357170
15942804
4357501754
21622060
159810124
2894508792
223937357
1272597260
1367436738
312523029
39455648
3155423015
