104124325
2726333139
734873295036796929
738392481755193344
3390453694
722197961745264640
3098156070
2385982993
1601790200
3295483691
134244457
15300225
738680606314266625
240649021
1618390140
316407784
305908621
13612812
3295483691
134244457
15300225
738680606314266625
240649021
1618390140
3749992827
392358677
1239465474
3295483691
134244457
15300225
738680606314266625
240649021
1618390140
3749992827
392358677
1239465474
3295483691
134244457
15300225
738680606314266625
240649021
1618390140
3358905196
3749992827
392358677
1239465474
4444190652
4650421221
72041276
423150082
126279095
717232670430912514
3003208726
14778300
